5.283312113000000210e+01 0.000000000000000000e+00 1.468717218999999963e+00
5.281282527999999843e+01 5.860155551796904227e-02 1.519188339999999915e+00
5.275584871000000220e+01 1.107105385357508021e-01 1.522916334000000038e+00
5.266664298999999971e+01 1.529924055692151175e-01 1.525967622000000024e+00
5.255418408999999969e+01 1.788928315488331477e-01 1.530065889000000068e+00
5.243152942999999766e+01 1.824373689419708788e-01 1.535267017000000012e+00
5.231528117999999949e+01 1.593445452434743559e-01 1.540977317999999929e+00
5.222367662999999993e+01 1.094623050216052967e-01 1.546035835999999941e+00
5.217298287999999928e+01 3.907592696052328285e-02 1.549052864999999946e+00
5.280986389000000258e+01 5.786545832002974038e-02 1.568164850000000055e+00
5.279588633000000186e+01 7.526565148063117661e-02 1.570083686999999895e+00
5.274382246999999779e+01 1.085733960544711663e-01 1.571120314000000073e+00
5.266198366999999791e+01 1.416667175492816177e-01 1.572828428000000001e+00
5.255854080999999667e+01 1.649397742789301680e-01 1.575296336000000075e+00
5.244578736999999791e+01 1.716606113835669745e-01 1.578409111000000031e+00
5.233982128000000245e+01 1.592816881779219040e-01 1.582056163999999931e+00
5.225855486999999755e+01 1.363057924494411322e-01 1.587083170000000099e+00
5.221669215000000008e+01 1.275424187851988134e-01 1.597062318999999952e+00
5.275286384000000339e+01 1.107276589000568967e-01 1.572922743999999984e+00
5.274371427999999895e+01 1.087861996408712312e-01 1.573992716000000014e+00
5.270546180000000192e+01 1.061311183831098737e-01 1.573543348999999925e+00
5.264449461000000241e+01 1.111122411078491190e-01 1.573236218999999991e+00
5.256661785000000009e+01 1.249905940790501380e-01 1.573541859000000098e+00
5.248194931999999824e+01 1.416694914360273616e-01 1.574664465999999985e+00
5.240506444999999758e+01 1.589732825330206489e-01 1.576683658999999960e+00
5.235271569999999741e+01 1.857196909667755136e-01 1.580586642000000097e+00
5.233519557000000333e+01 2.238637494856348942e-01 1.590487959999999923e+00
5.266357250000000079e+01 1.531349051595114197e-01 1.580657474999999978e+00
5.266177100000000166e+01 1.419368075590091982e-01 1.580393364000000078e+00
5.264440181999999879e+01 1.112206480925485991e-01 1.577838456000000056e+00
5.261504184999999723e+01 7.371823520898386495e-02 1.574624363999999943e+00
5.257595914000000192e+01 6.422784563074661335e-02 1.571751549000000026e+00
5.253393449000000004e+01 1.040859500621482692e-01 1.569826506999999927e+00
5.250088625000000064e+01 1.628160132089127854e-01 1.569179034000000028e+00
5.249108343999999704e+01 2.291343305007310094e-01 1.571036233999999920e+00
5.250828017999999986e+01 2.866089657612984620e-01 1.580547617999999988e+00
5.255099773999999968e+01 1.790862760878203508e-01 1.590910660000000032e+00
5.255823379999999645e+01 1.652143531847445057e-01 1.588971472999999968e+00
5.256645917000000168e+01 1.251089368621209619e-01 1.583996571999999992e+00
5.257590960999999652e+01 6.429023534369561477e-02 1.577396261999999938e+00
5.258452988999999889e+01 1.813210838818797230e-02 1.570705513000000053e+00
5.259471437999999921e+01 9.693911292559377613e-02 1.564949920999999966e+00
5.261423956000000146e+01 1.810176046376910930e-01 1.560786980000000046e+00
5.265303002999999649e+01 2.597290989531420569e-01 1.559817165999999977e+00
5.270772084000000035e+01 3.104649089884968793e-01 1.568630449000000038e+00
5.242821286000000214e+01 1.826450481019653016e-01 1.602754830000000075e+00
5.244543639999999840e+01 1.719128586310257334e-01 1.598898010999999952e+00
5.248180255999999844e+01 1.417342908594114992e-01 1.591387633999999940e+00
5.253394055999999779e+01 1.041392182494794427e-01 1.581156243999999989e+00
5.259479895999999854e+01 9.701226396431182619e-02 1.570220538999999915e+00
5.266111567000000093e+01 1.461814582540926499e-01 1.560078518000000081e+00
5.273458205000000021e+01 2.153939868273418434e-01 1.551882546999999946e+00
5.281885036999999983e+01 2.759989986732289680e-01 1.547749998000000016e+00
5.290513239999999939e+01 2.985118947683615409e-01 1.555880423999999929e+00
5.231183839999999918e+01 1.595299960703570885e-01 1.614647691999999912e+00
5.233953429999999685e+01 1.595665976398585317e-01 1.608638420999999985e+00
5.240508465999999999e+01 1.590421662912700762e-01 1.598469471999999891e+00
5.250114709000000346e+01 1.629961114317358961e-01 1.584363433000000043e+00
5.261465273999999681e+01 1.812886610382945241e-01 1.568838559000000021e+00
5.273495218000000051e+01 2.156246686204880969e-01 1.554057126000000011e+00
5.285561880000000201e+01 2.526904762617639966e-01 1.541919373999999898e+00
5.297296364000000324e+01 2.741378209335104676e-01 1.535077006999999938e+00
5.307641950000000008e+01 2.569233448611034087e-01 1.542918959999999950e+00
5.222013258999999863e+01 1.095923971067881975e-01 1.624500797000000052e+00
5.225853357999999815e+01 1.370038506494471175e-01 1.615900574000000089e+00
5.235319874999999712e+01 1.860810465058918006e-01 1.602683311999999916e+00
5.249197954000000266e+01 2.297495023825956439e-01 1.584205520000000034e+00
5.265423408000000194e+01 2.605232527588959290e-01 1.563712886000000024e+00
5.282011836000000216e+01 2.768204697329034181e-01 1.544395817999999920e+00
5.297390103000000039e+01 2.747603262569384142e-01 1.529174693000000085e+00
5.310497542000000237e+01 2.484079698931347391e-01 1.521117386000000016e+00
5.320442523999999906e+01 1.906204603743442139e-01 1.529396575999999897e+00
5.216938211000000081e+01 3.912286339296045662e-02 1.630144167000000088e+00
5.221728680999999739e+01 1.300040287823092111e-01 1.618023683000000101e+00
5.233668092999999999e+01 2.250779151319541038e-01 1.601171756999999918e+00
5.251056484000000069e+01 2.880689393787381758e-01 1.577446679999999990e+00
5.271074412000000109e+01 3.122124023757806843e-01 1.550950256999999999e+00
5.290865428000000037e+01 3.006683960280283618e-01 1.526034043999999978e+00
5.307996262999999715e+01 2.597339196480263346e-01 1.507083535000000030e+00
5.320711747000000003e+01 1.938367086679519125e-01 1.499387543000000100e+00
5.328102933000000263e+01 1.020571507876200518e-01 1.514733341999999983e+00
5.281267729999999716e+01 5.908128267176758486e-02 1.536271911000000046e+00
5.279629107000000232e+01 7.478900149249842477e-02 1.453574434999999943e+00
5.274413395999999921e+01 1.086053521773283764e-01 1.459182741000000005e+00
5.266217778000000038e+01 1.418178519883731004e-01 1.468278984999999981e+00
5.255858325999999892e+01 1.651334392403568108e-01 1.480407035999999898e+00
5.244563870999999722e+01 1.718324761507069032e-01 1.494529172000000017e+00
5.233943564999999865e+01 1.593349173376374384e-01 1.508597613000000059e+00
5.225789401000000112e+01 1.360149363882860452e-01 1.518854892000000012e+00
5.221590049999999650e+01 1.269253285482607740e-01 1.518966859999999919e+00
5.221642970999999989e+01 1.280143502466971339e-01 1.517413970000000001e+00
5.225866959999999750e+01 1.368170540645606004e-01 1.517231240000000092e+00
5.234008525000000134e+01 1.595469992066579912e-01 1.507058803000000058e+00
5.244613358000000147e+01 1.717949198997453519e-01 1.492987258999999955e+00
5.255894588000000311e+01 1.650005216289205934e-01 1.478940853999999971e+00
5.266243378000000064e+01 1.416638400023333966e-01 1.467016568000000021e+00
5.274430439999999720e+01 1.084704274349348324e-01 1.458246726000000049e+00
5.279639797000000101e+01 7.480558848375566672e-02 1.453039591000000019e+00
5.279524139000000105e+01 7.465329017661441469e-02 1.570200545999999919e+00
5.285745878000000175e+01 1.043873021541904811e-01 1.494876424999999953e+00
5.280662424999999871e+01 1.426397633442985924e-01 1.509277302999999959e+00
5.272258987000000019e+01 1.804471891617837331e-01 1.515142541999999981e+00
5.261595991000000083e+01 2.080830949785757722e-01 1.522172273000000020e+00
5.249891843000000335e+01 2.184358317537210270e-01 1.530258662999999908e+00
5.238736226000000329e+01 2.082614256601469094e-01 1.538459420999999994e+00
5.229906682000000018e+01 1.818104607037351883e-01 1.545337074000000088e+00
5.225006075999999666e+01 1.561662818555900334e-01 1.549377014000000052e+00
5.225004132000000112e+01 1.561334361027912343e-01 1.549551640000000008e+00
5.229901172000000287e+01 1.817416420137564215e-01 1.545770499000000076e+00
5.238727992999999827e+01 2.081925251167642543e-01 1.539042309000000053e+00
5.249882013999999941e+01 2.183832100961972389e-01 1.531024889000000000e+00
5.261585769999999940e+01 2.080548237205095963e-01 1.523313565999999897e+00
5.272249444999999923e+01 1.804520128687032710e-01 1.517081442000000058e+00
5.280653954000000283e+01 1.427122051705431438e-01 1.513369235999999951e+00
5.285476243000000096e+01 1.054727202575267836e-01 1.565699267999999922e+00
5.274315323999999805e+01 1.085531541811228656e-01 1.574168561000000022e+00
5.280845990000000256e+01 1.426553391509727542e-01 1.573234092000000084e+00
5.279388795999999928e+01 2.350569730951365954e-01 1.561608638000000049e+00
5.272929049999999762e+01 2.425235769478856773e-01 1.558231923999999990e+00
5.264337290999999652e+01 2.394031687850502743e-01 1.558064820000000017e+00
5.254842397000000176e+01 2.323293586040526826e-01 1.559154383999999949e+00
5.245940977000000061e+01 2.221589376166328844e-01 1.560533308999999980e+00
5.239277016999999859e+01 2.177415309280568423e-01 1.561314477000000034e+00
5.235977514000000355e+01 2.282963026402894391e-01 1.561333512000000034e+00
5.235932112999999788e+01 2.278210756323905128e-01 1.561373888999999959e+00
5.239170001000000099e+01 2.169559177176579035e-01 1.561322212999999959e+00
5.245801087000000251e+01 2.214248852370568899e-01 1.560426697999999890e+00
5.254676539999999818e+01 2.316230863819062902e-01 1.558947615999999980e+00
5.264138190999999978e+01 2.385760884701338680e-01 1.557791739000000009e+00
5.272670647999999716e+01 2.411480668872394706e-01 1.557894302000000009e+00
5.278986830000000197e+01 2.312065871413531148e-01 1.560919718000000067e+00
5.280135127999999867e+01 1.426323664527622548e-01 1.569617923000000026e+00
5.266126366999999675e+01 1.418209487439125172e-01 1.580623891999999975e+00
5.272437830999999875e+01 1.804615557919444779e-01 1.579122759000000098e+00
5.272981484999999680e+01 2.436330859374112590e-01 1.571735840999999967e+00
5.269669735000000088e+01 2.351468613472467717e-01 1.566832347999999930e+00
5.264859733000000119e+01 2.132915100325542546e-01 1.563525081999999955e+00
5.259527470999999821e+01 2.007503128467377496e-01 1.561305855999999936e+00
5.254946169000000111e+01 2.080701923737968972e-01 1.559900704999999999e+00
5.252537894000000307e+01 2.401684630121926067e-01 1.559280148999999893e+00
5.252688938000000007e+01 2.833941602769291523e-01 1.560602239000000058e+00
5.252614719999999693e+01 2.831077621014850276e-01 1.560384671000000001e+00
5.252385978000000222e+01 2.394389230005366520e-01 1.558800235000000090e+00
5.254761012000000164e+01 2.068891672261217174e-01 1.559221994999999916e+00
5.259315019000000291e+01 1.990202524308626042e-01 1.560474958999999995e+00
5.264610013000000066e+01 2.109025540131870824e-01 1.562561075000000077e+00
5.269353507999999664e+01 2.317722381759359240e-01 1.565682615999999916e+00
5.272518340999999964e+01 2.383757777322220162e-01 1.570072289999999926e+00
5.271723769999999831e+01 1.804862610968641368e-01 1.575885463999999958e+00
5.255772537000000000e+01 1.652370668126365294e-01 1.589370611000000100e+00
5.261771282000000127e+01 2.080833156405633988e-01 1.587113567999999919e+00
5.264406964999999872e+01 2.404725979009204040e-01 1.579449576000000022e+00
5.264880889999999880e+01 2.136051633972762542e-01 1.572012347000000032e+00
5.264787662999999895e+01 1.772821451826158412e-01 1.565149716000000080e+00
5.264667737999999986e+01 1.675576959529767596e-01 1.559213638999999985e+00
5.265406179000000009e+01 1.998716490488664232e-01 1.554498699999999900e+00
5.268032140999999768e+01 2.571089214045659266e-01 1.551787129000000043e+00
5.272201712999999756e+01 3.046205140766493069e-01 1.554407311000000069e+00
5.272104130000000310e+01 3.046596444682785343e-01 1.553905477999999896e+00
5.267853639999999871e+01 2.566488387172359276e-01 1.550883895999999984e+00
5.265197787000000318e+01 1.988316062109550253e-01 1.553364267999999937e+00
5.264433505000000224e+01 1.656211708077850731e-01 1.557940885000000053e+00
5.264516112999999820e+01 1.744689409471038566e-01 1.563792295000000054e+00
5.264541739999999947e+01 2.100043560589157920e-01 1.570554400000000017e+00
5.263922511999999898e+01 2.358378750565079396e-01 1.577669299000000080e+00
5.261053442000000047e+01 2.081404751678727627e-01 1.584428578000000032e+00
5.244479825999999889e+01 1.721770646790027337e-01 1.599717593000000049e+00
5.250064569999999975e+01 2.184157575775262927e-01 1.596553885999999922e+00
5.254925008000000020e+01 2.330159919426980641e-01 1.587581069000000067e+00
5.259567116000000198e+01 2.009725880251178598e-01 1.577093547000000040e+00
5.264688784999999882e+01 1.675786628430997460e-01 1.566220270000000081e+00
5.270242807000000340e+01 1.711299545513264575e-01 1.556026928000000087e+00
5.276520045000000181e+01 2.149942770407125558e-01 1.547440632000000038e+00
5.283947158000000144e+01 2.679236065783172083e-01 1.542061522000000018e+00
5.291634844000000015e+01 2.925189753328794606e-01 1.545592102999999939e+00
5.291514675999999895e+01 2.929093554140571043e-01 1.544813036999999944e+00
5.283750097000000068e+01 2.677119022867096576e-01 1.540841796000000041e+00
5.276296720999999934e+01 2.143531716907338958e-01 1.545954319000000021e+00
5.269994598000000252e+01 1.697470071876362174e-01 1.554404064999999946e+00
5.264402619999999899e+01 1.653058814224331041e-01 1.564568645000000036e+00
5.259211601999999885e+01 1.980287277919222100e-01 1.575470004999999896e+00
5.254424061000000279e+01 2.295316638363739115e-01 1.585907552000000109e+00
5.249342062000000197e+01 2.184985577438407212e-01 1.594562926999999908e+00
5.233851745999999849e+01 1.602071253738603374e-01 1.610370187000000008e+00
5.238907431999999886e+01 2.082265754583459139e-01 1.606212470000000003e+00
5.246046299999999718e+01 2.222748705783234302e-01 1.595428800000000091e+00
5.255018245000000121e+01 2.080479976687237831e-01 1.581476853000000071e+00
5.265465876999999750e+01 1.998926548541069270e-01 1.566158936999999973e+00
5.276562015999999744e+01 2.150919851741735223e-01 1.551356425000000039e+00
5.287778128000000066e+01 2.448208605774135627e-01 1.538844294000000001e+00
5.298798537999999780e+01 2.660852395639444201e-01 1.530996778000000003e+00
5.308548384000000198e+01 2.522062306282750188e-01 1.535456246000000080e+00
5.308403582999999770e+01 2.528825595321271824e-01 1.534445330000000052e+00
5.298588173000000268e+01 2.660372041312195068e-01 1.529667249000000062e+00
5.287544171999999776e+01 2.445368275587861684e-01 1.537198738999999925e+00
5.276301982999999751e+01 2.144663034850958216e-01 1.549530754000000066e+00
5.265164192000000298e+01 1.987715706489371348e-01 1.564315090000000019e+00
5.254641635000000122e+01 2.063951074762393478e-01 1.579768306999999927e+00
5.245521252000000345e+01 2.203343255385022681e-01 1.593955526000000011e+00
5.238179906999999957e+01 2.083226753273422771e-01 1.604971431999999920e+00
5.225668309999999650e+01 1.379701759760588453e-01 1.619525405999999945e+00
5.230077115000000276e+01 1.817806499135532494e-01 1.614336183999999896e+00
5.239428706000000346e+01 2.173859639896680573e-01 1.601171673000000073e+00
5.252677440000000075e+01 2.401422787244019696e-01 1.583062286999999957e+00
5.268173021999999861e+01 2.574473011443143000e-01 1.562722941000000088e+00
5.284078892000000138e+01 2.684701233101364215e-01 1.543194307000000043e+00
5.298890924999999896e+01 2.665730682090004522e-01 1.527387631999999940e+00
5.311568108000000166e+01 2.426953599252381077e-01 1.518297266999999895e+00
5.321196096999999980e+01 1.879621877271796249e-01 1.524103889999999906e+00
5.321025005999999991e+01 1.886738587260825828e-01 1.522962015000000058e+00
5.311349100000000334e+01 2.427481510060613967e-01 1.517172076999999897e+00
5.298647897000000029e+01 2.665318385884404284e-01 1.525872609999999963e+00
5.283803317000000277e+01 2.683497796885308539e-01 1.541390578999999983e+00
5.267844363999999757e+01 2.572646080942699309e-01 1.560830492000000014e+00
5.252259384999999980e+01 2.399486730999499662e-01 1.581348470000000006e+00
5.238857545999999843e+01 2.172938798998699239e-01 1.599942750999999941e+00
5.229345331999999757e+01 1.818734697338312833e-01 1.613748863999999950e+00
5.221395341000000201e+01 1.298150900952501907e-01 1.625329612999999895e+00
5.225176331000000118e+01 1.561603874686871007e-01 1.619044144999999935e+00
5.236200231000000116e+01 2.283488161385784365e-01 1.603309233999999917e+00
5.252953278999999753e+01 2.839425300709327860e-01 1.580242297000000073e+00
5.272512901000000340e+01 3.056372932020443578e-01 1.553725252000000001e+00
5.291978918000000220e+01 2.940467201226804606e-01 1.528173196000000011e+00
5.308885965000000340e+01 2.544385070164369989e-01 1.508101442000000070e+00
5.321449209000000025e+01 1.906976727512808556e-01 1.498798912000000039e+00
5.328736836000000210e+01 1.018067731480460925e-01 1.511710856999999963e+00
5.328546278000000314e+01 1.023625585995192599e-01 1.510631352000000094e+00
5.321230983000000236e+01 1.910462155574405851e-01 1.498735831000000074e+00
5.308642410000000211e+01 2.550056800705317595e-01 1.507264418000000106e+00
5.291686338000000234e+01 2.947154675704846127e-01 1.526723237999999983e+00
5.272141281999999762e+01 3.064782624936455702e-01 1.551986811999999993e+00
5.252467507000000069e+01 2.849884704412612990e-01 1.578650091999999949e+00
5.235567524999999733e+01 2.292823375030248190e-01 1.602345456999999973e+00
5.224442241999999936e+01 1.562471867043036255e-01 1.618838044999999948e+00
5.275562563999999810e+01 1.108901772046700651e-01 1.542096133000000036e+00
5.274409389000000203e+01 1.086621127794544089e-01 1.459219881000000107e+00
5.270566606999999948e+01 1.063430288899072929e-01 1.464151685999999897e+00
5.264451114999999959e+01 1.114398467694349831e-01 1.472291132000000058e+00
5.256640781000000118e+01 1.252868716022713935e-01 1.483473397000000027e+00
5.248146212999999705e+01 1.418026046776186821e-01 1.496950202999999924e+00
5.240424375999999995e+01 1.587864436463569395e-01 1.510933048000000056e+00
5.235154239999999959e+01 1.851010414055583864e-01 1.521985447999999908e+00
5.233404045000000337e+01 2.232854091647462069e-01 1.524126287999999940e+00
5.233512821000000059e+01 2.241817332706498578e-01 1.523101228000000029e+00
5.235309742999999827e+01 1.861697098757941482e-01 1.520311398000000036e+00
5.240554027000000303e+01 1.592470112731109999e-01 1.508757550999999975e+00
5.248244962999999785e+01 1.417865347537333731e-01 1.494450834000000006e+00
5.256713076999999856e+01 1.250038453084588164e-01 1.480943898999999897e+00
5.264501772999999929e+01 1.110512547988586063e-01 1.470043744999999902e+00
5.270599211999999767e+01 1.060096720742168958e-01 1.462462471999999902e+00
5.274426529000000130e+01 1.085206678386424345e-01 1.458281973000000065e+00
5.274322063000000327e+01 1.083909996431919598e-01 1.571325440999999934e+00
5.280431519999999779e+01 1.426199288166675738e-01 1.510885067000000026e+00
5.279124860999999669e+01 2.316803144718812546e-01 1.473473896000000005e+00
5.272758105999999856e+01 2.411572693271654688e-01 1.477827444999999962e+00
5.264198748999999822e+01 2.387447330728348360e-01 1.487067503000000013e+00
5.254713586999999819e+01 2.319685499573716503e-01 1.498756592000000110e+00
5.245812764000000072e+01 2.218123414501355917e-01 1.511322008000000050e+00
5.239155164000000298e+01 2.171164436092081762e-01 1.522297854999999922e+00
5.235903749999999945e+01 2.276816592521732352e-01 1.528400457999999906e+00
5.235967056999999869e+01 2.284480009928911981e-01 1.528018284000000060e+00
5.239282132999999675e+01 2.178441852449057858e-01 1.521282856000000017e+00
5.245947535999999900e+01 2.220025291519305555e-01 1.509821056000000050e+00
5.254845062999999783e+01 2.320392676278678346e-01 1.496999122999999932e+00
5.264332921999999826e+01 2.390886104120057143e-01 1.485351638999999890e+00
5.272911037000000078e+01 2.422291413613125444e-01 1.476450765999999915e+00
5.279331854000000135e+01 2.343380870964954787e-01 1.472632691000000049e+00
5.280598359999999758e+01 1.427494816301091429e-01 1.513788198000000085e+00
5.270489225000000033e+01 1.060541959671526951e-01 1.573701977000000030e+00
5.279208597000000225e+01 2.336135190331174172e-01 1.561608571999999917e+00
5.292678155000000118e+01 1.745240253217590631e-01 1.492859077000000090e+00
5.285832308999999896e+01 2.083709040771655752e-01 1.507068988000000109e+00
5.276698626000000303e+01 2.385092912324633663e-01 1.511345689999999964e+00
5.266531393999999722e+01 2.583205319697876035e-01 1.516403268999999998e+00
5.256723493999999874e+01 2.641929133618324266e-01 1.521817529000000002e+00
5.248889908000000304e+01 2.585365449793481374e-01 1.526515397999999912e+00
5.244517041999999662e+01 2.506393689795801683e-01 1.529263889000000098e+00
5.244513503999999671e+01 2.506112401393358891e-01 1.529208675000000017e+00
5.248879904000000352e+01 2.584694237464141842e-01 1.526323654000000030e+00
5.256708639000000005e+01 2.641178700917761191e-01 1.521508780000000005e+00
5.266513842999999895e+01 2.582599307871079053e-01 1.516134153999999956e+00
5.276680634000000225e+01 2.384748496936684725e-01 1.511440767000000074e+00
5.285815723999999705e+01 2.083722041506854972e-01 1.508384429999999998e+00
5.292394396000000256e+01 1.749230798860006431e-01 1.562345866000000028e+00
5.278935129999999987e+01 2.310325565780013413e-01 1.560923073000000105e+00
5.264385398000000293e+01 1.111863582335729100e-01 1.577988093000000092e+00
5.272854643000000152e+01 2.431465566935490097e-01 1.571873690000000101e+00
5.286005641999999938e+01 2.083611793573260929e-01 1.569910560999999927e+00
5.286766049999999950e+01 2.776572367990109980e-01 1.551592399000000011e+00
5.281026783000000080e+01 2.762837315132096183e-01 1.541145500999999918e+00
5.273772509999999869e+01 2.676255132451301755e-01 1.536515923999999922e+00
5.266769382999999749e+01 2.623423312693035081e-01 1.533459754999999980e+00
5.261520861000000338e+01 2.663213020072900394e-01 1.530087399999999986e+00
5.258942815999999709e+01 2.803844971895762539e-01 1.526440988000000054e+00
5.258888486000000029e+01 2.799546369224980014e-01 1.526240183000000084e+00
5.261383372000000236e+01 2.656681926082382628e-01 1.529462467999999964e+00
5.266579157000000322e+01 2.620385053091724425e-01 1.532510660000000025e+00
5.273534464000000099e+01 2.677126756096492866e-01 1.535398819000000081e+00
5.280715407999999655e+01 2.763960215645719365e-01 1.539936924999999901e+00
5.286286022000000173e+01 2.758926816730823961e-01 1.549897872000000065e+00
5.285290693999999689e+01 2.082888768094831866e-01 1.565926844999999901e+00
5.272480261999999840e+01 2.383145107265998153e-01 1.570103462999999921e+00
5.256588754999999935e+01 1.251738321121146080e-01 1.584243062999999951e+00
5.264303035999999736e+01 2.403164504640778742e-01 1.579690736999999956e+00
5.276865467999999737e+01 2.384806644379739993e-01 1.574917166999999951e+00
5.281090468000000016e+01 2.769374573619985958e-01 1.562935073000000008e+00
5.280198967999999837e+01 2.673578733504590188e-01 1.551561854000000018e+00
5.277925576999999890e+01 2.431360639714557070e-01 1.543107653999999940e+00
5.275964785000000035e+01 2.358665206893270916e-01 1.536066849000000012e+00
5.275581035999999813e+01 2.573040572305145823e-01 1.529252390999999989e+00
5.276763827999999990e+01 2.926109490296072702e-01 1.522794809999999943e+00
5.276668828999999761e+01 2.923300073725095816e-01 1.522171794999999994e+00
5.275368255000000062e+01 2.566834445067462389e-01 1.527647179999999993e+00
5.275687892999999917e+01 2.349949996956083031e-01 1.533901599000000004e+00
5.277588528999999795e+01 2.419334724253096869e-01 1.540648956000000069e+00
5.279774067999999687e+01 2.655122904849678278e-01 1.548863510999999971e+00
5.280509863999999709e+01 2.742047224876278388e-01 1.559684448999999917e+00
5.276149295999999822e+01 2.384411027632692137e-01 1.571006949999999902e+00
5.263891729000000197e+01 2.358361088594358723e-01 1.577788842999999996e+00
5.248108981000000028e+01 1.419885716702046774e-01 1.591966444999999952e+00
5.254826371000000051e+01 2.331156490481045562e-01 1.588061100000000003e+00
5.266693436999999989e+01 2.582538692148813597e-01 1.581283186999999923e+00
5.273858721999999943e+01 2.679665526924354113e-01 1.569194822000000045e+00
5.277958378000000295e+01 2.431736046157833009e-01 1.556021797999999956e+00
5.281305437999999697e+01 2.156008086892904352e-01 1.544187108999999891e+00
5.285016526999999797e+01 2.187956754072423182e-01 1.533781424000000060e+00
5.289849155999999653e+01 2.510150822465577747e-01 1.524886039999999943e+00
5.295083568999999812e+01 2.787594278855246577e-01 1.518716712000000024e+00
5.294953413000000353e+01 2.789554875412716961e-01 1.517574713999999991e+00
5.289596242999999731e+01 2.507618551011809860e-01 1.522399236000000045e+00
5.284701224999999880e+01 2.180110258572245663e-01 1.530603520999999967e+00
5.280926759999999831e+01 2.141748066510984483e-01 1.540678787000000050e+00
5.277489050999999876e+01 2.411776948032210988e-01 1.552354669999999937e+00
5.273247439000000014e+01 2.659688558186578122e-01 1.565331840999999891e+00
5.265975706999999773e+01 2.582499089443346385e-01 1.577534669999999917e+00
5.254391545000000008e+01 2.297013243263353599e-01 1.586269767999999969e+00
5.240400051999999675e+01 1.595186901215851494e-01 1.599846681000000048e+00
5.245934693000000237e+01 2.226518313841804042e-01 1.596448918000000106e+00
5.256882536999999900e+01 2.640792757902490906e-01 1.588149814000000104e+00
5.266874746999999957e+01 2.621979369945490745e-01 1.574477561999999997e+00
5.276030344000000127e+01 2.356246980038586847e-01 1.558424154999999978e+00
5.285054208999999759e+01 2.186558251949023146e-01 1.542682898000000025e+00
5.294113775000000288e+01 2.280953878341214214e-01 1.528718621000000111e+00
5.303202481000000290e+01 2.461926508610057518e-01 1.518002902000000098e+00
5.311304694999999754e+01 2.408286627610446151e-01 1.513903543999999934e+00
5.311141746999999924e+01 2.415628588729945569e-01 1.512340892000000103e+00
5.302930311000000074e+01 2.462912136063025448e-01 1.515083151000000017e+00
5.293781272999999743e+01 2.277970246997270687e-01 1.524959379000000004e+00
5.284653262999999868e+01 2.178526339838137982e-01 1.538467862999999936e+00
5.275533439000000158e+01 2.344341244068518793e-01 1.554075386999999919e+00
5.266243433000000351e+01 2.612149588878037720e-01 1.570257848000000012e+00
5.256162867999999833e+01 2.641126202089291164e-01 1.584634134999999944e+00
5.245471850999999930e+01 2.207895217482966910e-01 1.594847040000000105e+00
5.235132189000000125e+01 1.866196897157667844e-01 1.605810471000000073e+00
5.239284282999999931e+01 2.178223657056201357e-01 1.603220606000000048e+00
5.249047805000000011e+01 2.583820409336146096e-01 1.594121254999999904e+00
5.261657025000000232e+01 2.658578102410291688e-01 1.578253778999999968e+00
5.275701650999999970e+01 2.569397644652967050e-01 1.558473934000000005e+00
5.289954441999999801e+01 2.509543098967869645e-01 1.538316951000000099e+00
5.303274301999999807e+01 2.463279436500089015e-01 1.520889979999999975e+00
5.314771326999999701e+01 2.280880724273798010e-01 1.508997018000000079e+00
5.323513907000000245e+01 1.818998539507917511e-01 1.507969203999999896e+00
5.323320973999999950e+01 1.828565084678669128e-01 1.506300446000000015e+00
5.314492108999999687e+01 2.284121331024689672e-01 1.506299857999999992e+00
5.302930288000000303e+01 2.464875462825482366e-01 1.517116413000000108e+00
5.289529265000000180e+01 2.509841117615881356e-01 1.533792212000000044e+00
5.275169804000000084e+01 2.569308913049725418e-01 1.553677482999999970e+00
5.261001128000000193e+01 2.658677574354695317e-01 1.573811180999999948e+00
5.248326414999999656e+01 2.584512437317051381e-01 1.590845132000000106e+00
5.238769474000000059e+01 2.178588923549084899e-01 1.601798736999999972e+00
5.233342042999999677e+01 2.254415775095106877e-01 1.607942653999999916e+00
5.236025463000000002e+01 2.282805965639743140e-01 1.606709452999999899e+00
5.244675430000000205e+01 2.504678268441968836e-01 1.597641255000000093e+00
5.259123790000000298e+01 2.801795483414344923e-01 1.579717072000000000e+00
5.276977272999999968e+01 2.926527908901129793e-01 1.556020769000000081e+00
5.295325691000000035e+01 2.791158695038794546e-01 1.530923366999999979e+00
5.311548473999999942e+01 2.416604312514755992e-01 1.509253323000000035e+00
5.323699858999999890e+01 1.832510169896439667e-01 1.496362742000000079e+00
5.330728163999999936e+01 1.030149057371134019e-01 1.502687413000000083e+00
5.330517817999999863e+01 1.038769063353549849e-01 1.501265744999999985e+00
5.323418350000000032e+01 1.839148194950332993e-01 1.494870477000000086e+00
5.311188493000000221e+01 2.425378779336232471e-01 1.506004431000000032e+00
5.294864902999999856e+01 2.800972822115319061e-01 1.526350912000000060e+00
5.276402922999999845e+01 2.935296511891207771e-01 1.550939832999999934e+00
5.258446940999999697e+01 2.806149559023200513e-01 1.575151686999999967e+00
5.243953350999999685e+01 2.505689357101347770e-01 1.594517514999999941e+00
5.235428739000000320e+01 2.292528930802031351e-01 1.605409520999999895e+00
5.266630869000000104e+01 1.532122375739642106e-01 1.548664709999999944e+00
5.266209058999999826e+01 1.418843601214239136e-01 1.468351758999999923e+00
5.264446989000000343e+01 1.114636921322949836e-01 1.472240946999999966e+00
5.261485368000000307e+01 7.417593515340985266e-02 1.479015087999999922e+00
5.257547169000000054e+01 6.456995881941486604e-02 1.488839945999999914e+00
5.253308762999999715e+01 1.039447166676450152e-01 1.501290631000000042e+00
5.249961566999999718e+01 1.622794442835825968e-01 1.514863850000000012e+00
5.248938936999999783e+01 2.283218401262804842e-01 1.526561980999999957e+00
5.250674046000000317e+01 2.861980168354506526e-01 1.531260808999999945e+00
5.250841843999999980e+01 2.867481965956078516e-01 1.530795592000000038e+00
5.249173186000000157e+01 2.295227695616429142e-01 1.525268505000000108e+00
5.250157417999999865e+01 1.631176019633782115e-01 1.512619927000000031e+00
5.253459153000000015e+01 1.042413342370117485e-01 1.498375938999999990e+00
5.257658306999999809e+01 6.418850422426343461e-02 1.485699179999999897e+00
5.261563918000000228e+01 7.355885653117520684e-02 1.476119299000000051e+00
5.264497676999999953e+01 1.110748950084242959e-01 1.470011834999999989e+00
5.266234831999999955e+01 1.417196157426304226e-01 1.467095099000000014e+00
5.266138801999999686e+01 1.416088565574217806e-01 1.573143734000000071e+00
5.272024628999999862e+01 1.804830256213285911e-01 1.516310274999999930e+00
5.272691102999999657e+01 2.399272939400053650e-01 1.478163609000000100e+00
5.269462101999999959e+01 2.327722707527783430e-01 1.478707237000000063e+00
5.264678797999999915e+01 2.117534444234450697e-01 1.486326346000000020e+00
5.259348110999999903e+01 1.997249843390692114e-01 1.497400064999999891e+00
5.254756071999999989e+01 2.072648302456161218e-01 1.509984251999999971e+00
5.252341941000000247e+01 2.393510554397396961e-01 1.521169138999999948e+00
5.252557754000000045e+01 2.828562577775212694e-01 1.526711077999999944e+00
5.252693579000000312e+01 2.836109932831274438e-01 1.526447364000000029e+00
5.252570338000000305e+01 2.403595580529080677e-01 1.520193807000000064e+00
5.254972750000000303e+01 2.078960619155407474e-01 1.508145502999999943e+00
5.259540771000000348e+01 2.002349530223348217e-01 1.494956146000000041e+00
5.264855743999999760e+01 2.125384236539878402e-01 1.483706098000000084e+00
5.269639277999999649e+01 2.341471545109333474e-01 1.476362119000000028e+00
5.272894390999999814e+01 2.419291137377057588e-01 1.476522708000000073e+00
5.272192861999999991e+01 1.804709737527080970e-01 1.517444065000000064e+00
5.264390456000000285e+01 1.111030726645208383e-01 1.573363346999999912e+00
5.272735752999999903e+01 2.408158913467864926e-01 1.558421853000000024e+00
5.285601030000000122e+01 2.083403776590991296e-01 1.508159927999999983e+00
5.286430744999999831e+01 2.761564508146184815e-01 1.478260204999999994e+00
5.280797774999999916e+01 2.763001061835792527e-01 1.483024193000000102e+00
5.273585762999999815e+01 2.678475619663930329e-01 1.491427092999999982e+00
5.266603785000000215e+01 2.622997898954719798e-01 1.500895682999999980e+00
5.261382514000000299e+01 2.657839540862910188e-01 1.509780078999999997e+00
5.258874603000000292e+01 2.798709621965226324e-01 1.515439020999999942e+00
5.258937991999999895e+01 2.804724161897246826e-01 1.515428030999999898e+00
5.261522938000000238e+01 2.663577573155374578e-01 1.509464938999999895e+00
5.266767732000000279e+01 2.621987885827169462e-01 1.500047483999999987e+00
5.273762262999999706e+01 2.674493750916376311e-01 1.490185333999999973e+00
5.281001441000000085e+01 2.762124812343425551e-01 1.481681456000000008e+00
5.286695478000000037e+01 2.773303617517275943e-01 1.477022950999999917e+00
5.285750714000000272e+01 2.083237860818889509e-01 1.508678611999999974e+00
5.272615729000000329e+01 2.407860483455931677e-01 1.557886902999999990e+00
5.261446113000000224e+01 7.370351036127563427e-02 1.574645650999999980e+00
5.269525866000000036e+01 2.339511304653372759e-01 1.566986497000000034e+00
5.286560765000000117e+01 2.768500978263652157e-01 1.551647374000000079e+00
5.302098723999999663e+01 1.951932758976813453e-01 1.487127778000000067e+00
5.295332249999999874e+01 2.264299293500761090e-01 1.497937051999999936e+00
5.287428349999999710e+01 2.527993009116438206e-01 1.498943758000000015e+00
5.279734185000000224e+01 2.706773796298564405e-01 1.500258317999999980e+00
5.273551018999999940e+01 2.795254000462525368e-01 1.501618705000000054e+00
5.270087064999999882e+01 2.822354641947937282e-01 1.502462685000000020e+00
5.270082536999999689e+01 2.822174224709216306e-01 1.502364035000000042e+00
5.273538207000000000e+01 2.794818600275019715e-01 1.501307219000000082e+00
5.279715122999999721e+01 2.706292466428892318e-01 1.499797513000000082e+00
5.287405738000000355e+01 2.527643895378907657e-01 1.498601923000000058e+00
5.295308726999999749e+01 2.264209680048823448e-01 1.498498160000000023e+00
5.301793311000000131e+01 1.952667197345518413e-01 1.554139122999999900e+00
5.286227122999999750e+01 2.755990845214459362e-01 1.549849583999999947e+00
5.269314142999999717e+01 2.314093926220214814e-01 1.565600721999999889e+00
5.257530543000000023e+01 6.434230844261717985e-02 1.577403866000000043e+00
5.264761426999999827e+01 2.128214832717472416e-01 1.572147911000000065e+00
5.280950875999999994e+01 2.769512901426235407e-01 1.563025423000000025e+00
5.295489374999999654e+01 2.263520094295736751e-01 1.560739544000000034e+00
5.298035694000000007e+01 2.575983144017301441e-01 1.537134911000000104e+00
5.294274223000000035e+01 2.527529090029779768e-01 1.519310887999999915e+00
5.289849475999999839e+01 2.525958803526687779e-01 1.508638718999999906e+00
5.286509678000000179e+01 2.636889172857126984e-01 1.499639753999999936e+00
5.284958284999999734e+01 2.808023384612296502e-01 1.492107866000000005e+00
5.284894503999999671e+01 2.803921581831781973e-01 1.491509430000000025e+00
5.286344658000000152e+01 2.631180888437248400e-01 1.498016243999999997e+00
5.289610934000000242e+01 2.525026297508893847e-01 1.506404443000000093e+00
5.293947342999999961e+01 2.530451298377226488e-01 1.516734188999999899e+00
5.297522582999999941e+01 2.566087125541345881e-01 1.533684663999999920e+00
5.294768847000000278e+01 2.262426692071993761e-01 1.554975009999999935e+00
5.280471064000000325e+01 2.741085516244429754e-01 1.559642793000000083e+00
5.264513681999999761e+01 2.097252243734993027e-01 1.570476519000000071e+00
5.253321203000000139e+01 1.043280242951983294e-01 1.581363611000000002e+00
5.259454373999999888e+01 2.006176836130657282e-01 1.577368918999999980e+00
5.273748573000000306e+01 2.681643515434853908e-01 1.569365501999999912e+00
5.287577585999999741e+01 2.526858816875554581e-01 1.562859508000000064e+00
5.294333045999999854e+01 2.529699617876536855e-01 1.547280124999999895e+00
5.296356941999999890e+01 2.367753272767247896e-01 1.529045358999999937e+00
5.297351960000000304e+01 2.254210201814484393e-01 1.513712390000000019e+00
5.298985011999999983e+01 2.385860174667963074e-01 1.499564442000000053e+00
5.301158731999999674e+01 2.636755850825125425e-01 1.485928254999999920e+00
5.301041992999999763e+01 2.634550334157064189e-01 1.484570103999999890e+00
5.298718082999999979e+01 2.381393237041353750e-01 1.496066361000000011e+00
5.296989330000000251e+01 2.247999083452804914e-01 1.509024474999999921e+00
5.295886236999999852e+01 2.357468838339474571e-01 1.523621539000000080e+00
5.293705031999999733e+01 2.515416202835644710e-01 1.540991500999999930e+00
5.286858724999999737e+01 2.526131064344858679e-01 1.556475459000000061e+00
5.273217942000000136e+01 2.659874800871796507e-01 1.565378788999999937e+00
5.259185764000000063e+01 1.979992264823772219e-01 1.575566295000000006e+00
5.250009010000000131e+01 1.632622721245722552e-01 1.585200136000000093e+00
5.254891732000000104e+01 2.081391658610395878e-01 1.582244519999999932e+00
5.266775816999999904e+01 2.624648646639373695e-01 1.574866397000000084e+00
5.279877806999999734e+01 2.705117964918467566e-01 1.565629815999999952e+00
5.289927862999999775e+01 2.523852134489349974e-01 1.550263949999999946e+00
5.297383941999999735e+01 2.251681112180376199e-01 1.531512441000000058e+00
5.303914824000000294e+01 2.144745506639681720e-01 1.513790465000000030e+00
5.310365691999999882e+01 2.239072747980102585e-01 1.497951816999999908e+00
5.316095795999999751e+01 2.278486002882574302e-01 1.483225073000000060e+00
5.315930448000000297e+01 2.283024038999371397e-01 1.481188060999999889e+00
5.310047807000000120e+01 2.239533743558504431e-01 1.493164109000000073e+00
5.303499403000000001e+01 2.140780166272138740e-01 1.507414282999999910e+00
5.296857711999999907e+01 2.243911898698011109e-01 1.524200447999999986e+00
5.289270004000000114e+01 2.517493709218513454e-01 1.542517984999999925e+00
5.279160716999999892e+01 2.704866415926651113e-01 1.558712102000000099e+00
5.266213284999999900e+01 2.614240414789012479e-01 1.570538178000000062e+00
5.254600864999999743e+01 2.067446439821891691e-01 1.580375080999999904e+00
5.249021968000000271e+01 2.299641035769025010e-01 1.586552956000000014e+00
5.252509959999999722e+01 2.404659094813737241e-01 1.584989125000000110e+00
5.261560352000000051e+01 2.660831900626884350e-01 1.579088629999999993e+00
5.273691576000000225e+01 2.793095460545395592e-01 1.568300830999999951e+00
5.286607123000000286e+01 2.631266513179409405e-01 1.551587091000000029e+00
5.299051957999999729e+01 2.380201434194525734e-01 1.531140868000000044e+00
5.310405544999999705e+01 2.236198014571802173e-01 1.511018564000000008e+00
5.320188232999999656e+01 2.097539270982724247e-01 1.494392906000000076e+00
5.327580466999999942e+01 1.756415042718734998e-01 1.482835868000000001e+00
5.327372498999999806e+01 1.766485283972578091e-01 1.480663673000000014e+00
5.319851830000000348e+01 2.102213440914915410e-01 1.489479173999999961e+00
5.309963671999999946e+01 2.238538238757186161e-01 1.503943640999999998e+00
5.298491283999999979e+01 2.381396861351640637e-01 1.522665796999999932e+00
5.285932743000000045e+01 2.631873451102110795e-01 1.542877907000000048e+00
5.272976179999999857e+01 2.793370061853108766e-01 1.560996008999999907e+00
5.260959203000000173e+01 2.662291337910843159e-01 1.574530903000000093e+00
5.252173530000000312e+01 2.405213123938979569e-01 1.583085158000000048e+00
5.250758700000000090e+01 2.883806954894738150e-01 1.583209026000000019e+00
5.252733746999999909e+01 2.841740909495297784e-01 1.584245495000000004e+00
5.259039691000000261e+01 2.803018299937937718e-01 1.581082469000000046e+00
5.270227392999999694e+01 2.819940666901585846e-01 1.569958771999999891e+00
5.285087197000000003e+01 2.802705248825081430e-01 1.551902828000000012e+00
5.301285114000000220e+01 2.631081126002478010e-01 1.530025273999999991e+00
5.316213846000000132e+01 2.273653333315702185e-01 1.508434961000000074e+00
5.327665843999999851e+01 1.753771887873550317e-01 1.491803213000000072e+00
5.334298342000000304e+01 1.082058140649209826e-01 1.488696752000000068e+00
5.334069027000000318e+01 1.092966019895746793e-01 1.486545637999999947e+00
5.327321054000000089e+01 1.763941313064090743e-01 1.487651107000000028e+00
5.315747179000000244e+01 2.284815277714469517e-01 1.501070069000000062e+00
5.300697490000000300e+01 2.639919403885194749e-01 1.520776934999999996e+00
5.284406492000000100e+01 2.806361420418678199e-01 1.542639807000000030e+00
5.269513725000000193e+01 2.820671559838658360e-01 1.562449323000000057e+00
5.258388630000000319e+01 2.808792069698060612e-01 1.576376956000000051e+00
5.252299493000000297e+01 2.853150510426075703e-01 1.582341881000000061e+00
5.255370148000000086e+01 1.791496988327553330e-01 1.558054269000000103e+00
5.255847447000000017e+01 1.651359748785426462e-01 1.480515032000000009e+00
5.256636248000000222e+01 1.252591336559854274e-01 1.483286990999999944e+00
5.257548203999999714e+01 6.450252123385290248e-02 1.488659232000000054e+00
5.258372717999999679e+01 1.721622980170122580e-02 1.496996717000000032e+00
5.259347134000000068e+01 9.616432949859068935e-02 1.508083572999999955e+00
5.261249056999999851e+01 1.801080921612283336e-01 1.520617987000000060e+00
5.265079588999999771e+01 2.587729953970610564e-01 1.532058047999999895e+00
5.270574944999999900e+01 3.103285653036355063e-01 1.538573567000000031e+00
5.270809440000000023e+01 3.103729929615309802e-01 1.539066199000000079e+00
5.265395539000000014e+01 2.600827452919356464e-01 1.531863554000000072e+00
5.261515116999999719e+01 1.813698869444294870e-01 1.519094699999999909e+00
5.259554308999999961e+01 9.721595168199254067e-02 1.505489327999999905e+00
5.258528004000000067e+01 1.824890100363439974e-02 1.493862596000000043e+00
5.257659361999999703e+01 6.411969566725106429e-02 1.485584239999999889e+00
5.256708618999999771e+01 1.249743057538989649e-01 1.480825367000000004e+00
5.255884026999999747e+01 1.649990609077003900e-01 1.479077103000000060e+00
5.255792146999999659e+01 1.649672421639093445e-01 1.575817558000000007e+00
5.261357902000000308e+01 2.081460735713671906e-01 1.523295647999999947e+00
5.264104907000000111e+01 2.374784054335986327e-01 1.487385336000000002e+00
5.264650799999999720e+01 2.113064328228890509e-01 1.486284222999999960e+00
5.264576171000000215e+01 1.755307983074672062e-01 1.492570012999999918e+00
5.264448975999999902e+01 1.662335290650294450e-01 1.502656428000000099e+00
5.265166374999999732e+01 1.988331495490296974e-01 1.514632919999999938e+00
5.267775172999999711e+01 2.562330279403122746e-01 1.525746593999999901e+00
5.272016179999999963e+01 3.044154320884064902e-01 1.531988928000000083e+00
5.272229281999999984e+01 3.047073262430259888e-01 1.532566579999999901e+00
5.268094504999999828e+01 2.573825309666705197e-01 1.525849578000000095e+00
5.265455699000000322e+01 1.998560031142899429e-01 1.513478617999999942e+00
5.264696591999999953e+01 1.670549826028777107e-01 1.500464352999999917e+00
5.264791575000000279e+01 1.763546447316753640e-01 1.489861560000000029e+00
5.264849625000000088e+01 2.123743388474491622e-01 1.483646282000000038e+00
5.264309369000000061e+01 2.387294214404874770e-01 1.485393431999999958e+00
5.261527218999999889e+01 2.080653771595724344e-01 1.523743478000000096e+00
5.256599729999999937e+01 1.250308978700714335e-01 1.573662179000000050e+00
5.264140062999999969e+01 2.379887186543109545e-01 1.558330065999999903e+00
5.276463327999999819e+01 2.385128427547927865e-01 1.512215223000000108e+00
5.280707241999999724e+01 2.753027431905049616e-01 1.483412989999999931e+00
5.279890254000000027e+01 2.662071814503431111e-01 1.482621205000000053e+00
5.277651018000000249e+01 2.424880593809020379e-01 1.489631622999999960e+00
5.275702773999999806e+01 2.353241002566028028e-01 1.499431549999999946e+00
5.275339028999999869e+01 2.565930728259416260e-01 1.509123444999999952e+00
5.276627089000000126e+01 2.920779492075096795e-01 1.515080202999999903e+00
5.276774651000000205e+01 2.927867278511632199e-01 1.515809084999999889e+00
5.275610675000000072e+01 2.574265365653467530e-01 1.509903887999999972e+00
5.275979712000000177e+01 2.356629795555580109e-01 1.499231113000000004e+00
5.277915958999999901e+01 2.427083662514778473e-01 1.488507996000000055e+00
5.280152961000000289e+01 2.667517419861712979e-01 1.480995135999999990e+00
5.280973003999999804e+01 2.758261707041770316e-01 1.481821918999999932e+00
5.276612340999999873e+01 2.384108085775629438e-01 1.511683287000000098e+00
5.264083637000000238e+01 2.382166908866514277e-01 1.557777796999999964e+00
5.257536122999999861e+01 6.421930498072157822e-02 1.571628626000000084e+00
5.264712206000000094e+01 2.120681136666494049e-01 1.563608791000000053e+00
5.280796792000000295e+01 2.753015190083803465e-01 1.541485959999999933e+00
5.295094222000000173e+01 2.263318865700338633e-01 1.499168191999999955e+00
5.297669657000000143e+01 2.569413281204164234e-01 1.472749539999999913e+00
5.294019295999999741e+01 2.531237999813703010e-01 1.476484898999999906e+00
5.289645354000000310e+01 2.526976450677979047e-01 1.482618581999999963e+00
5.286349804999999691e+01 2.631864985094386489e-01 1.488877288999999937e+00
5.284884822000000071e+01 2.802911373911423087e-01 1.493498344000000033e+00
5.284955890999999895e+01 2.808704693236725447e-01 1.494116529000000027e+00
5.286511481000000146e+01 2.637149188277730372e-01 1.489941154000000045e+00
5.289843905000000035e+01 2.524720105938137449e-01 1.483278260999999931e+00
5.294252199999999675e+01 2.526432854441000853e-01 1.476608271999999999e+00
5.297962537000000083e+01 2.573188781789463309e-01 1.472342548000000084e+00
5.295223846999999751e+01 2.262897854434992306e-01 1.499019459999999970e+00
5.280648310000000123e+01 2.759125877421067519e-01 1.539910593999999966e+00
5.264575843000000077e+01 2.104601869831804750e-01 1.562345921999999998e+00
5.258393824000000194e+01 1.806585873604060408e-02 1.570420759000000110e+00
5.264668143000000100e+01 1.763590197081731925e-01 1.565053875999999899e+00
5.280023921000000087e+01 2.665295890117617139e-01 1.551664417000000018e+00
5.297815247999999855e+01 2.568841076433018844e-01 1.537231395999999917e+00
5.312302787000000137e+01 1.782317121450479880e-01 1.476268759999999958e+00
5.307478831000000241e+01 2.093412664938658907e-01 1.480582588999999949e+00
5.302549488999999738e+01 2.368665635744900133e-01 1.477143241000000051e+00
5.298606617000000085e+01 2.574626969887778283e-01 1.474440463999999951e+00
5.296405367999999925e+01 2.684672574439921910e-01 1.472992285999999984e+00
5.296400763999999839e+01 2.684625865022088886e-01 1.472971312000000088e+00
5.298593475999999924e+01 2.574524169522587891e-01 1.474348977000000005e+00
5.302529576999999961e+01 2.368574642241711992e-01 1.477096232000000064e+00
5.307454357999999672e+01 2.093419816389994470e-01 1.481335552000000000e+00
5.311977861999999817e+01 1.780666034919078933e-01 1.538525426000000085e+00
5.297448753999999838e+01 2.561280709919568910e-01 1.533728340999999995e+00
5.279730277000000171e+01 2.650077390435583435e-01 1.548680059999999914e+00
5.264500052999999724e+01 1.740920237464828324e-01 1.563441684000000054e+00
5.259412812000000059e+01 9.710360020702890615e-02 1.569971197999999957e+00
5.264580707999999731e+01 1.671327977274485732e-01 1.566095820999999999e+00
5.277818483000000072e+01 2.427497599378434512e-01 1.556016253999999988e+00
5.294193238999999807e+01 2.529381737397750074e-01 1.547235160000000054e+00
5.307605980000000301e+01 2.090662062607128169e-01 1.544400672000000085e+00
5.311683019000000172e+01 2.128875389698554055e-01 1.515109384000000059e+00
5.310916122999999800e+01 2.159787212225058595e-01 1.488854491999999974e+00
5.310015021000000246e+01 2.309665824246823485e-01 1.471171519000000094e+00
5.309772212000000025e+01 2.489736220386618015e-01 1.458029119000000096e+00
5.309694436000000195e+01 2.485744566113632370e-01 1.456875793000000030e+00
5.309810004999999933e+01 2.304858237326876391e-01 1.468073404000000082e+00
5.310595924999999795e+01 2.160025777867643215e-01 1.484433359999999924e+00
5.311160559999999720e+01 2.123994297015263377e-01 1.508579008999999971e+00
5.306890815999999944e+01 2.090785940181720537e-01 1.534624208000000101e+00
5.293664875000000336e+01 2.513324344248761832e-01 1.540910771000000068e+00
5.277463053999999687e+01 2.408833775127935672e-01 1.552130063999999976e+00
5.264396553000000267e+01 1.652510922531379156e-01 1.564240717999999974e+00
5.261371891000000289e+01 1.814066675867794798e-01 1.569027036000000042e+00
5.265349003000000039e+01 1.999196791404791451e-01 1.566358692000000108e+00
5.275906578000000025e+01 2.356503904236715019e-01 1.558524169000000015e+00
5.289830563000000296e+01 2.524618435915360615e-01 1.550190211999999956e+00
5.302667897999999980e+01 2.365398628822439064e-01 1.542203474999999990e+00
5.310951384999999902e+01 2.157645314173283757e-01 1.523324372999999898e+00
5.315805825999999712e+01 2.025541962001249086e-01 1.497731922999999910e+00
5.319676374000000152e+01 2.058783590045820955e-01 1.473910116999999964e+00
5.322853831999999841e+01 2.159168179440749125e-01 1.450758648999999956e+00
5.322705131000000023e+01 2.158629178370889967e-01 1.448462300000000091e+00
5.319341019000000159e+01 2.056887100221707898e-01 1.467548931000000056e+00
5.315328865000000036e+01 2.021804959603639984e-01 1.488631145000000044e+00
5.310312952999999681e+01 2.153490249209384644e-01 1.511999595000000030e+00
5.301958192000000025e+01 2.366195146968040619e-01 1.530986353999999938e+00
5.289249202999999966e+01 2.517447660950823951e-01 1.542409394999999961e+00
5.275513703000000021e+01 2.345625823108367092e-01 1.554007890999999919e+00
5.265151284000000231e+01 1.991067776821189017e-01 1.564340888999999901e+00
5.265269628000000068e+01 2.605448155000088528e-01 1.565155317000000101e+00
5.268018014999999821e+01 2.576466721031017704e-01 1.563946496000000019e+00
5.275578591000000017e+01 2.572859749538523588e-01 1.559068064999999947e+00
5.286540227999999786e+01 2.632631077847242262e-01 1.551581832999999966e+00
5.298719565999999759e+01 2.570844686115557054e-01 1.540786446000000032e+00
5.310056730000000158e+01 2.303061145494999518e-01 1.523553590999999985e+00
5.319681592999999964e+01 2.053343188386023699e-01 1.500658657000000007e+00
5.327592614999999654e+01 1.916550239086276530e-01 1.477040123000000094e+00
5.333351428999999655e+01 1.703033788645900437e-01 1.452154272000000024e+00
5.333136151000000069e+01 1.710753975264381610e-01 1.449603913000000022e+00
5.327200658000000288e+01 1.920653658722465684e-01 1.469153772000000080e+00
5.319146056999999672e+01 2.055762655693686713e-01 1.489010130000000043e+00
5.309394058000000172e+01 2.305264669896752439e-01 1.510038768000000031e+00
5.298015010999999674e+01 2.572353914301448996e-01 1.528453878999999960e+00
5.285922812999999820e+01 2.634604564245299207e-01 1.542836464000000074e+00
5.275137933999999973e+01 2.574597625488426744e-01 1.554114594000000071e+00
5.267792198000000070e+01 2.577254049059350960e-01 1.561860266000000053e+00
5.270810707999999778e+01 3.123954992501218886e-01 1.555610863999999927e+00
5.272296175000000318e+01 3.059734057537062402e-01 1.557306383000000016e+00
5.276865567000000112e+01 2.930620770295914168e-01 1.557519019999999976e+00
5.285057868999999897e+01 2.805979289876389671e-01 1.552045192000000018e+00
5.296516773999999828e+01 2.680612354671607078e-01 1.540114313999999984e+00
5.309829438999999951e+01 2.480478153339696901e-01 1.523296854999999894e+00
5.322862528000000282e+01 2.147265767161918859e-01 1.504192603999999989e+00
5.333325166000000195e+01 1.689736781860512738e-01 1.485521676000000069e+00
5.339461776000000270e+01 1.153989158720805236e-01 1.472217227000000017e+00
5.339211386000000203e+01 1.166328942498385396e-01 1.468564044999999929e+00
5.332915435000000315e+01 1.702910075484106445e-01 1.477006056000000012e+00
5.322305165000000216e+01 2.158185142788289212e-01 1.491029592999999931e+00
5.309166262000000103e+01 2.485742687951789653e-01 1.508677663000000058e+00
5.295816182000000083e+01 2.682667610717998086e-01 1.527168196999999950e+00
5.284401893999999800e+01 2.811154377068286747e-01 1.542723341999999942e+00
5.276340204000000256e+01 2.940866156774192830e-01 1.552243083000000023e+00
5.271992835000000355e+01 3.068294245410098653e-01 1.555262606000000103e+00
5.243087764999999933e+01 1.827059886433465563e-01 1.569898940999999937e+00
5.244557963999999828e+01 1.717140265294732071e-01 1.494659431000000094e+00
5.248150350000000230e+01 1.416790731108429902e-01 1.496488282999999919e+00
5.253322399000000331e+01 1.038461191847099008e-01 1.500733437999999920e+00
5.259362456000000208e+01 9.615955595094270725e-02 1.507658777999999922e+00
5.265942167000000040e+01 1.450835446157349162e-01 1.517058463999999995e+00
5.273231304000000108e+01 2.142378818090492909e-01 1.527756611000000042e+00
5.281604897999999793e+01 2.749477069151579078e-01 1.537734978000000030e+00
5.290264548999999761e+01 2.987350004512134838e-01 1.544811957999999930e+00
5.290579437000000240e+01 2.981312322895455225e-01 1.546747131000000053e+00
5.282006606000000204e+01 2.763412162438677044e-01 1.539298343000000013e+00
5.273573420000000311e+01 2.157919237883755281e-01 1.527716880999999916e+00
5.266213846000000132e+01 1.465241863384244281e-01 1.515548619999999902e+00
5.259569785000000053e+01 9.721303159698786722e-02 1.505206422999999960e+00
5.253472957000000321e+01 1.041412991762446921e-01 1.498008785999999981e+00
5.248249359999999797e+01 1.416576281983618624e-01 1.494145655999999933e+00
5.244608139999999707e+01 1.716650857041659983e-01 1.493186856999999979e+00
5.244508683000000104e+01 1.718094966414112912e-01 1.579326470000000038e+00
5.249648980999999992e+01 2.185107973810266890e-01 1.531523433000000045e+00
5.254607380000000205e+01 2.308851492057590882e-01 1.498942039999999976e+00
5.259311252999999908e+01 1.991378269152595804e-01 1.497097426999999925e+00
5.264443608999999924e+01 1.660013001859118598e-01 1.502334196000000066e+00
5.269982462000000112e+01 1.697838727545478432e-01 1.511185086000000011e+00
5.276230558000000315e+01 2.138601911097836872e-01 1.521800956000000093e+00
5.283631754999999686e+01 2.670199781996110966e-01 1.531853314999999993e+00
5.291389697000000325e+01 2.927725362279361976e-01 1.538650204000000077e+00
5.291690952999999809e+01 2.923489281528211525e-01 1.540723564999999962e+00
5.284040459999999939e+01 2.682731699726232932e-01 1.533804018000000102e+00
5.276594701999999870e+01 2.152148301053101176e-01 1.522161295999999941e+00
5.270290743999999705e+01 1.709595179473523130e-01 1.510053097999999983e+00
5.264704840999999647e+01 1.669048882728333405e-01 1.500240602000000090e+00
5.259539740000000307e+01 1.999287200724526037e-01 1.494713028000000055e+00
5.254822252000000304e+01 2.316098465049142019e-01 1.496951356000000066e+00
5.249821375999999873e+01 2.183841060366797926e-01 1.531659864999999954e+00
5.248127015000000029e+01 1.418007808151982574e-01 1.574857154000000037e+00
5.254638110999999867e+01 2.313473790321979862e-01 1.559517988999999938e+00
5.266290277000000231e+01 2.583372777277236909e-01 1.517255508000000086e+00
5.273459383000000145e+01 2.669652109782782445e-01 1.491798302000000076e+00
5.277609602999999794e+01 2.420482656778289166e-01 1.489598696999999916e+00
5.280977683999999783e+01 2.146943131234978486e-01 1.495833522000000082e+00
5.284689194999999984e+01 2.179909258936192362e-01 1.505402781999999995e+00
5.289526530999999920e+01 2.502912409499412627e-01 1.515136696999999977e+00
5.294871981000000005e+01 2.786588552277768360e-01 1.521483236999999988e+00
5.295120791000000082e+01 2.788277041013729751e-01 1.523847967000000025e+00
5.289910995000000327e+01 2.512751042315419792e-01 1.518082879000000052e+00
5.285052499999999753e+01 2.187545028406024383e-01 1.506859801999999915e+00
5.281304131000000268e+01 2.151629194470721373e-01 1.495751387999999960e+00
5.277905948000000080e+01 2.424193384039042276e-01 1.488471281000000035e+00
5.273723362999999864e+01 2.669865055169857171e-01 1.490318030999999932e+00
5.266441902999999769e+01 2.581688153407757369e-01 1.516409354999999959e+00
5.254620845000000173e+01 2.313710976727087476e-01 1.559012212999999925e+00
5.253333073999999669e+01 1.041804480709558889e-01 1.569580992999999980e+00
5.259377508000000034e+01 1.998166833828944333e-01 1.561309078000000072e+00
5.273535883000000268e+01 2.669402364711235820e-01 1.536960676999999942e+00
5.287183036999999786e+01 2.527245896183257234e-01 1.500021279000000041e+00
5.293908343999999744e+01 2.523781177256533281e-01 1.477087492999999974e+00
5.295988403999999861e+01 2.363169651028939888e-01 1.476330016999999994e+00
5.297021042000000079e+01 2.250831071086797364e-01 1.482741379999999998e+00
5.298693382999999812e+01 2.379933441156691365e-01 1.490706426000000029e+00
5.301000130999999982e+01 2.631448522175661164e-01 1.496674738000000060e+00
5.301174699999999973e+01 2.638255689195731502e-01 1.499103590000000041e+00
5.299015682000000282e+01 2.386861852647768345e-01 1.494584209999999969e+00
5.297356970999999959e+01 2.252196443218860145e-01 1.485495462999999905e+00
5.296316390999999868e+01 2.363437587812232954e-01 1.477555251999999930e+00
5.294205997000000252e+01 2.522026047847958363e-01 1.476990287000000013e+00
5.287315307000000075e+01 2.525998177686735735e-01 1.499125194999999966e+00
5.273466415000000040e+01 2.672660490207619532e-01 1.535394310000000040e+00
5.259288154000000048e+01 1.986882042170457496e-01 1.560166122999999905e+00
5.259418711000000002e+01 9.703088776769032420e-02 1.564347267999999902e+00
5.264553748000000155e+01 1.668862488466756611e-01 1.558834794000000024e+00
5.277743782000000294e+01 2.422737778060429226e-01 1.543105013999999997e+00
5.294022774999999825e+01 2.519827925349339970e-01 1.519835730999999912e+00
5.307220920999999692e+01 2.091277682217538847e-01 1.482357740000000090e+00
5.311298975999999783e+01 2.127899956649444146e-01 1.458117837999999944e+00
5.310645627000000246e+01 2.161921514412736278e-01 1.460331706000000063e+00
5.309816392999999835e+01 2.305238253635113754e-01 1.464650097000000040e+00
5.309682197000000059e+01 2.484223606064299983e-01 1.468904541999999980e+00
5.309771266999999995e+01 2.490302798230995540e-01 1.470703266999999981e+00
5.310019172999999881e+01 2.309836411641912335e-01 1.468246074000000068e+00
5.310905865000000148e+01 2.158595350071257912e-01 1.463757564000000011e+00
5.311616523000000001e+01 2.126305771733725536e-01 1.460406392000000109e+00
5.307335961999999796e+01 2.090666906869583508e-01 1.482433930000000011e+00
5.293861663999999934e+01 2.523902058337311183e-01 1.516920371999999961e+00
5.277552863999999744e+01 2.413501591908226440e-01 1.540299931999999927e+00
5.264435718000000008e+01 1.654187599205185766e-01 1.557304186000000090e+00
5.266058584000000309e+01 1.463001209088873877e-01 1.559315256000000094e+00
5.270148770000000127e+01 1.709014740709910718e-01 1.555413936000000108e+00
5.281166798999999656e+01 2.150905910060551818e-01 1.543831050000000094e+00
5.296171429999999702e+01 2.360672521745486307e-01 1.528969148000000056e+00
5.311446440999999652e+01 2.120402987045010013e-01 1.515088121000000010e+00
5.323554776999999660e+01 1.511389992506411983e-01 1.458718785000000073e+00
5.322144300000000072e+01 1.856847960482251036e-01 1.453756832000000054e+00
5.320857944000000117e+01 2.138602102177966369e-01 1.447165087999999988e+00
5.320162318999999940e+01 2.298165228417488049e-01 1.443493927000000010e+00
5.320158375999999834e+01 2.298220132705875995e-01 1.443735183000000033e+00
5.320846456999999674e+01 2.138773826175819626e-01 1.447863102999999985e+00
5.322125799999999884e+01 1.857088608846115263e-01 1.455593922999999901e+00
5.323224759000000006e+01 1.509613114391621935e-01 1.512734961000000045e+00
5.311069117000000261e+01 2.116521452632521838e-01 1.508719037000000096e+00
5.295841457000000219e+01 2.351261739319696342e-01 1.523378788999999900e+00
5.280921780999999982e+01 2.138562196811162608e-01 1.540069751000000098e+00
5.270018137000000280e+01 1.698987672290949158e-01 1.553589544999999905e+00
5.273423941000000070e+01 2.157170514248401560e-01 1.553528189999999976e+00
5.276467077000000216e+01 2.151790631192424530e-01 1.550865444000000037e+00
5.284939615999999774e+01 2.186869997644025065e-01 1.542211508999999925e+00
5.297253896000000140e+01 2.250039105099517489e-01 1.531055070999999934e+00
5.310824715999999768e+01 2.155092654190138846e-01 1.522796167999999950e+00
5.322220184999999759e+01 1.851204371830657835e-01 1.519776473999999933e+00
5.327729304999999727e+01 1.776296047599223160e-01 1.484725547999999895e+00
5.329817631000000233e+01 1.878892630248794604e-01 1.448590818000000002e+00
5.331020105000000342e+01 2.012936367399606463e-01 1.425542888000000064e+00
5.330916521999999702e+01 2.009086859598945840e-01 1.423804480000000039e+00
5.329532944000000327e+01 1.875205445618637612e-01 1.443252106000000090e+00
5.327218111999999905e+01 1.775322961589609616e-01 1.474217448999999958e+00
5.321537770999999850e+01 1.854650502357478026e-01 1.503697116999999972e+00
5.310284065999999825e+01 2.150405553794330904e-01 1.511662037000000014e+00
5.296849478000000033e+01 2.242766246858420298e-01 1.523658380000000090e+00
5.284666545000000326e+01 2.180657738352340114e-01 1.537809361000000097e+00
5.276329310999999933e+01 2.148782995818971087e-01 1.548867157000000105e+00
5.281889138999999744e+01 2.767418115712882987e-01 1.544859599000000028e+00
5.283951710000000190e+01 2.685688199511372387e-01 1.543510420000000050e+00
5.289842036999999664e+01 2.513309302547424573e-01 1.538187348999999982e+00
5.298965540999999746e+01 2.383877955674434113e-01 1.530512556999999996e+00
5.310003684000000135e+01 2.303315178682038278e-01 1.522743080999999998e+00
5.320925569999999993e+01 2.132736882657811361e-01 1.514037529000000104e+00
5.329796628999999797e+01 1.873167822810078431e-01 1.494321428999999979e+00
5.336194977000000250e+01 1.718975626221879160e-01 1.461166568000000110e+00
5.340289709999999701e+01 1.618459272974380747e-01 1.421207976000000039e+00
5.340079288999999818e+01 1.620585174165432574e-01 1.418901463999999946e+00
5.335748579999999919e+01 1.720642987610331853e-01 1.449900686999999966e+00
5.329180038999999880e+01 1.876775149087323569e-01 1.476715694999999995e+00
5.320251703999999648e+01 2.136901384404983617e-01 1.496136216000000019e+00
5.309408793000000060e+01 2.307052532702813241e-01 1.509365408999999936e+00
5.298507713000000052e+01 2.386706555678902442e-01 1.521996012000000009e+00
5.289536901000000313e+01 2.515602823339657679e-01 1.533490016000000011e+00
5.283800341999999972e+01 2.687166580340872302e-01 1.541508920000000060e+00
5.290636059999999929e+01 3.005976368736235083e-01 1.529560832000000037e+00
5.291781587999999914e+01 2.942558491561751977e-01 1.530916495000000044e+00
5.295213855000000081e+01 2.797105365072883876e-01 1.531871564000000019e+00
5.301258988000000016e+01 2.638252230930412945e-01 1.529473067000000075e+00
5.309847081000000202e+01 2.485727984807652169e-01 1.522334889999999996e+00
5.320226926000000134e+01 2.292226462533801246e-01 1.510930300999999920e+00
5.330979245999999705e+01 2.000377266027997814e-01 1.496411568999999941e+00
5.340167716999999925e+01 1.602572453768612293e-01 1.478944239999999910e+00
5.345741664999999898e+01 1.166817297965559441e-01 1.457800183000000027e+00
5.345462790999999925e+01 1.180883473467715938e-01 1.450881829999999928e+00
5.339691239999999794e+01 1.616645789528507182e-01 1.463959615000000047e+00
5.330362508999999704e+01 2.008378469914064435e-01 1.476648779000000022e+00
5.319559041000000121e+01 2.296880223603426363e-01 1.492036079000000015e+00
5.309212551000000246e+01 2.492746009312410138e-01 1.507769834000000087e+00
5.300724814000000151e+01 2.648804595340460977e-01 1.520174453999999953e+00
5.294828563000000088e+01 2.807161695400084422e-01 1.527071180999999944e+00
5.291578969999999771e+01 2.947934205315905221e-01 1.529120148999999929e+00
5.231446485000000024e+01 1.595818179025230710e-01 1.582529526999999936e+00
5.233956480999999883e+01 1.590423376246985487e-01 1.508698461999999907e+00
5.240454224999999866e+01 1.586344873780198006e-01 1.509957650000000040e+00
5.250008806999999678e+01 1.623245672886786950e-01 1.513616604999999948e+00
5.261304870000000022e+01 1.803028727851953283e-01 1.519396707999999929e+00
5.273275664999999890e+01 2.144374377626363792e-01 1.526910777999999969e+00
5.285279983000000215e+01 2.514553359650839592e-01 1.535149215999999983e+00
5.296958359999999999e+01 2.730643995821840364e-01 1.542759380999999985e+00
5.307329474000000147e+01 2.574691008921419222e-01 1.549193945000000072e+00
5.307744787000000031e+01 2.562562189439414606e-01 1.553070098000000065e+00
5.297447284999999795e+01 2.744779757116577734e-01 1.546459502000000041e+00
5.285702020000000090e+01 2.531048699614131259e-01 1.537103252000000086e+00
5.273618525999999918e+01 2.159999472300095369e-01 1.527085357999999893e+00
5.261571749000000153e+01 1.815712823514036289e-01 1.518217385999999891e+00
5.250205431999999917e+01 1.631622979463636658e-01 1.511734362000000109e+00
5.240584779999999654e+01 1.590836423939497590e-01 1.508059183999999942e+00
5.234023152000000323e+01 1.592227523056276017e-01 1.507280913000000000e+00
5.233893041000000323e+01 1.596385843257613346e-01 1.583701111000000106e+00
5.238487847999999758e+01 2.083324229159633223e-01 1.540041070000000012e+00
5.245703601999999677e+01 2.210562945294780590e-01 1.511258044999999939e+00
5.254727187000000299e+01 2.068362798441832073e-01 1.509157666999999980e+00
5.265179067999999774e+01 1.987152778475875237e-01 1.513637660999999968e+00
5.276254508000000243e+01 2.139249438320673935e-01 1.521061154999999943e+00
5.287436860999999766e+01 2.437181159120491158e-01 1.529624740000000038e+00
5.298425982999999917e+01 2.651942703085631292e-01 1.537616633999999927e+00
5.308232741999999860e+01 2.528826362152611362e-01 1.544060393999999947e+00
5.308640555000000205e+01 2.517423091322216200e-01 1.548237880000000066e+00
5.298923022999999688e+01 2.664928564296629165e-01 1.541837211999999901e+00
5.287879041000000058e+01 2.452141208970736452e-01 1.532041659999999972e+00
5.276630596999999767e+01 2.152947957391799227e-01 1.521609234000000033e+00
5.265494877999999801e+01 1.997782631410346399e-01 1.512753432000000009e+00
5.254993921999999884e+01 2.075823213992060434e-01 1.507508894999999960e+00
5.245936172999999769e+01 2.215209525981483019e-01 1.509588645000000007e+00
5.238665412000000288e+01 2.081857579237975098e-01 1.540081408000000041e+00
5.240426812999999839e+01 1.592877945555835062e-01 1.577114617999999968e+00
5.245721557000000246e+01 2.217582631589264941e-01 1.561095195999999907e+00
5.256474701999999866e+01 2.641953440205003778e-01 1.522716396999999944e+00
5.266457564000000247e+01 2.617338254495618632e-01 1.501104932999999919e+00
5.275644403999999810e+01 2.348552436805529386e-01 1.499065346000000076e+00
5.284678636000000296e+01 2.178120857307757618e-01 1.504966803999999936e+00
5.293730520999999811e+01 2.272461916162700768e-01 1.513768892000000088e+00
5.302812283000000093e+01 2.454961736000780270e-01 1.522525713000000058e+00
5.311007201000000322e+01 2.413592670028353870e-01 1.529078479000000046e+00
5.311378615999999653e+01 2.406217000464558886e-01 1.534001860000000050e+00
5.303297687999999965e+01 2.466016410130069947e-01 1.528190425000000019e+00
5.294173620000000113e+01 2.283497491392742218e-01 1.517484245999999981e+00
5.285065446000000122e+01 2.185748317159156018e-01 1.506546442000000097e+00
5.275976576000000051e+01 2.352308101727442202e-01 1.498960942000000074e+00
5.266728281000000322e+01 2.617212719237344554e-01 1.500090302999999903e+00
5.256633418999999918e+01 2.639895002827752357e-01 1.521893745000000076e+00
5.245739312999999981e+01 2.214271102602385632e-01 1.560744259000000023e+00
5.250028272000000129e+01 1.631210826058469288e-01 1.568880773000000062e+00
5.254790789999999845e+01 2.077315235523146675e-01 1.559864928999999956e+00
5.266524459000000036e+01 2.620302867002344271e-01 1.534012039999999910e+00
5.279479041999999822e+01 2.705987104713691860e-01 1.501346296999999996e+00
5.289485965000000078e+01 2.521984780855689445e-01 1.483284677000000107e+00
5.296960433000000279e+01 2.247448949725762701e-01 1.482828212000000034e+00
5.303507601999999821e+01 2.139675603953413441e-01 1.489973497999999896e+00
5.309977167000000264e+01 2.233851028247612891e-01 1.498829675000000083e+00
5.315835014999999686e+01 2.279292289445082054e-01 1.505670545999999943e+00
5.316146023000000298e+01 2.278706327770160800e-01 1.511312138999999943e+00
5.310429844000000088e+01 2.242027239500395674e-01 1.506349750999999904e+00
5.303933442000000298e+01 2.144835542487501523e-01 1.495376180000000055e+00
5.297334278999999668e+01 2.248666928072591276e-01 1.485603291000000103e+00
5.289778231999999747e+01 2.520015410109507914e-01 1.483766933999999926e+00
5.279619156999999774e+01 2.704164734342861531e-01 1.500411543000000014e+00
5.266510044000000335e+01 2.617715583603448803e-01 1.532619436000000057e+00
5.254741154999999964e+01 2.069360131370969746e-01 1.558921798999999941e+00
5.261384317000000266e+01 1.813327419690229092e-01 1.559856388999999899e+00
5.265301431000000321e+01 1.997900780861737724e-01 1.553814038000000064e+00
5.275782216000000346e+01 2.354183416506863136e-01 1.535926504999999942e+00
5.289591732000000235e+01 2.521732584256195508e-01 1.509318759999999982e+00
5.302279956999999655e+01 2.366636473675227670e-01 1.478755183000000084e+00
5.310503511000000287e+01 2.157564777293972114e-01 1.461407600000000029e+00
5.315393244999999922e+01 2.024110651090290647e-01 1.462418918000000012e+00
5.319316337000000061e+01 2.054797576969428774e-01 1.469495152999999998e+00
5.322648035999999649e+01 2.154663316299240683e-01 1.476539462000000080e+00
5.322877589000000143e+01 2.160346998798714779e-01 1.482151911999999960e+00
5.319709465999999765e+01 2.059720993919930965e-01 1.478332076000000050e+00
5.315786056999999687e+01 2.023724049414486470e-01 1.469201683999999952e+00
5.310827292999999827e+01 2.154387819263522685e-01 1.464634661999999921e+00
5.302403795000000031e+01 2.365342267354689498e-01 1.478239453999999897e+00
5.289525711000000285e+01 2.520186130872728580e-01 1.506687480999999940e+00
5.275665706000000199e+01 2.346935392801763887e-01 1.533428725000000048e+00
5.265223895999999826e+01 1.990939969163911805e-01 1.552462980000000048e+00
5.273429998999999668e+01 2.156926810471073708e-01 1.550539721999999898e+00
5.276448737999999850e+01 2.151593968789717870e-01 1.546266278000000050e+00
5.284891051000000317e+01 2.186529431929034595e-01 1.532990802999999902e+00
5.297160250999999676e+01 2.249175398200913001e-01 1.513495207999999925e+00
5.310645195000000029e+01 2.152987171741217731e-01 1.489543966999999913e+00
5.321852453000000338e+01 1.853576219872353492e-01 1.456566248999999980e+00
5.327331835999999754e+01 1.778361270778778536e-01 1.436102908000000067e+00
5.329543319999999795e+01 1.875816535649383887e-01 1.439529370999999891e+00
5.330894439000000062e+01 2.006822084796442973e-01 1.445440754000000050e+00
5.331020685000000014e+01 2.013354341136909531e-01 1.449547804000000051e+00
5.329824650999999847e+01 1.878691560634311863e-01 1.447664347999999990e+00
5.327678441999999848e+01 1.774516377831401592e-01 1.443178671000000080e+00
5.321959303999999946e+01 1.852424862283076901e-01 1.457578033999999967e+00
5.310490704000000051e+01 2.152658813313341746e-01 1.484888234000000029e+00
5.296959411999999645e+01 2.243325091231886115e-01 1.508581034000000098e+00
5.284727800999999658e+01 2.180457471221253496e-01 1.529578574999999940e+00
5.276359707000000299e+01 2.148444605581168732e-01 1.544610787999999957e+00
5.285524587999999824e+01 2.528908754805591630e-01 1.540577625999999922e+00
5.287716043999999727e+01 2.450626662344866369e-01 1.537558749000000002e+00
5.294023959999999818e+01 2.283229865500666367e-01 1.527544746000000009e+00
5.303789725000000033e+01 2.144838962612617694e-01 1.512798620000000094e+00
5.315630794999999864e+01 2.021277531785504455e-01 1.496957174999999918e+00
5.327482823999999795e+01 1.767510219022206119e-01 1.483743854000000084e+00
5.337016557999999833e+01 1.370621940643331205e-01 1.435723980999999982e+00
5.338751836000000139e+01 1.632837455423793716e-01 1.421171348999999973e+00
5.339581085999999743e+01 1.775455525189449935e-01 1.416559268000000094e+00
5.339577723000000020e+01 1.775455203724698727e-01 1.417693848999999950e+00
5.338741054999999847e+01 1.632800635975263370e-01 1.425311205999999942e+00
5.336705426000000330e+01 1.371393158073868357e-01 1.477984691999999933e+00
5.327123160000000013e+01 1.767481948324471364e-01 1.473904241000000059e+00
5.315303623999999871e+01 2.017998887868836244e-01 1.487939232000000001e+00
5.303525511000000137e+01 2.141886936929404406e-01 1.506308498999999967e+00
5.293840989000000263e+01 2.282389471799277647e-01 1.523612707999999927e+00
5.287623061000000035e+01 2.450913022499651983e-01 1.535762617999999913e+00
5.297309041999999835e+01 2.746947307103460023e-01 1.528529175000000073e+00
5.298802991000000162e+01 2.666522667419899961e-01 1.526634996999999938e+00
5.303190724000000245e+01 2.466791825121434634e-01 1.519806347999999918e+00
5.310330174999999997e+01 2.241641245950307115e-01 1.509496473000000005e+00
5.319608996000000189e+01 2.056925560003299291e-01 1.498725483999999941e+00
5.329724125999999984e+01 1.871491398223209812e-01 1.492122704000000022e+00
5.338760546000000318e+01 1.625688575628593258e-01 1.490398488000000077e+00
5.344676531999999725e+01 1.451681065490393052e-01 1.452341651000000011e+00
5.347382645999999795e+01 1.441065856388957511e-01 1.397588819000000093e+00
5.347208993000000277e+01 1.435297027864294306e-01 1.397573670000000101e+00
5.344179485000000085e+01 1.450747473668562715e-01 1.439114637000000085e+00
5.338142875999999859e+01 1.632658440858415494e-01 1.467214457000000083e+00
5.329204829999999760e+01 1.877056163211090478e-01 1.475289153000000075e+00
5.319199714999999884e+01 2.060918022844579478e-01 1.487318566999999980e+00
5.310028128999999808e+01 2.245652727582228558e-01 1.502378677999999912e+00
5.302993092999999902e+01 2.470559914041515759e-01 1.515865691999999987e+00
5.298705727000000110e+01 2.668819115636000827e-01 1.524931049000000094e+00
5.307803266999999892e+01 2.592202518508315290e-01 1.509243015000000021e+00
5.308715519999999799e+01 2.542738353834659293e-01 1.509622620000000026e+00
5.311447102999999714e+01 2.422038494954932564e-01 1.509126753999999959e+00
5.316198640000000353e+01 2.284121467633813685e-01 1.506560981000000021e+00
5.322914818000000281e+01 2.158126600981619680e-01 1.501342578999999899e+00
5.331045006000000086e+01 2.007632915062652068e-01 1.493988284999999916e+00
5.339586555000000345e+01 1.769121476461286702e-01 1.485213595999999914e+00
5.347223741999999902e+01 1.426940219866647541e-01 1.473408424000000050e+00
5.352138353000000137e+01 1.042066383608733077e-01 1.452229465999999913e+00
5.351815170999999793e+01 1.061116248192350286e-01 1.437602784000000078e+00
5.346684736000000271e+01 1.437965302837672654e-01 1.450124133000000093e+00
5.338975045000000108e+01 1.775928267239024749e-01 1.460710927000000048e+00
5.330467929000000282e+01 2.017770652710651480e-01 1.474614010999999891e+00
5.322425585999999953e+01 2.170727530497985613e-01 1.488474523000000049e+00
5.315823387999999738e+01 2.295317160135827983e-01 1.499215782000000052e+00
5.311196444000000128e+01 2.429311251913331693e-01 1.505597475000000074e+00
5.308590904999999793e+01 2.545965137016137914e-01 1.508327565000000092e+00
5.222272896999999858e+01 1.096269273317445753e-01 1.593362305000000090e+00
5.225847052000000303e+01 1.356277243716175751e-01 1.518652262999999891e+00
5.235241813999999749e+01 1.852116207346356236e-01 1.520015220999999972e+00
5.249059347000000031e+01 2.288149893768672838e-01 1.524046886999999906e+00
5.265222999000000215e+01 2.594920172455038587e-01 1.529381963999999927e+00
5.281746642000000236e+01 2.757191711845661808e-01 1.535325440999999902e+00
5.297058947000000018e+01 2.736527501026085885e-01 1.541167944999999984e+00
5.310107476000000304e+01 2.474300041209377687e-01 1.546319081000000040e+00
5.320055527000000239e+01 1.911177457470907004e-01 1.551284974999999955e+00
5.320589754000000227e+01 1.898744067166109606e-01 1.557465413999999937e+00
5.310674685000000039e+01 2.487288470690801889e-01 1.552031562999999892e+00
5.297551406000000185e+01 2.751198133300080673e-01 1.545081286000000054e+00
5.282152010000000075e+01 2.771553994162037626e-01 1.537302320000000000e+00
5.265542151999999732e+01 2.608266524726591262e-01 1.529708603000000000e+00
5.249296431999999868e+01 2.300219434952023856e-01 1.523257969999999961e+00
5.235400281999999805e+01 1.862609234034957872e-01 1.518706142999999953e+00
5.225929322999999727e+01 1.363425806965246068e-01 1.517135439999999891e+00
5.225728089999999781e+01 1.369679535449905561e-01 1.589898830000000096e+00
5.229652673999999735e+01 1.818606532617451921e-01 1.547366473000000076e+00
5.239048269999999974e+01 2.170246748261951408e-01 1.521862727000000026e+00
5.252339194999999705e+01 2.395022804427971719e-01 1.519441346000000026e+00
5.267837838999999889e+01 2.566259712694310968e-01 1.523532091000000088e+00
5.283722970000000174e+01 2.675522885950530894e-01 1.529720310000000083e+00
5.298501336999999722e+01 2.656551161358156610e-01 1.536165546000000104e+00
5.311145172999999886e+01 2.419169211434620270e-01 1.541832947000000065e+00
5.320800821000000269e+01 1.886342065635810417e-01 1.546999750999999979e+00
5.321332814000000155e+01 1.873895093796554279e-01 1.553720288000000060e+00
5.311720861999999954e+01 2.431203194284768387e-01 1.548183244999999930e+00
5.299013391999999811e+01 2.670034687964734643e-01 1.540585630999999900e+00
5.284160554000000332e+01 2.688427805560953954e-01 1.532040434000000007e+00
5.268203613000000018e+01 2.577642711476468840e-01 1.524053686000000019e+00
5.252640966999999961e+01 2.404128071458405125e-01 1.518745669999999937e+00
5.239296276999999691e+01 2.175806898941423095e-01 1.520697087999999919e+00
5.229836734999999948e+01 1.817302047360241091e-01 1.547418637000000041e+00
5.235171085000000346e+01 1.863476215417798620e-01 1.581552110999999927e+00
5.239030526999999893e+01 2.180216182555695104e-01 1.562236557999999942e+00
5.248632632999999714e+01 2.584944362159765086e-01 1.527478898000000029e+00
5.261219848999999726e+01 2.656774020139964221e-01 1.509725439999999974e+00
5.275276313999999900e+01 2.565236503325841744e-01 1.508130717000000010e+00
5.289532013000000177e+01 2.503437874820803044e-01 1.513787639000000018e+00
5.302841907999999904e+01 2.456467881912685058e-01 1.521481654000000017e+00
5.314327097999999694e+01 2.275142637136131629e-01 1.528518897999999959e+00
5.323122521999999890e+01 1.826393151099786061e-01 1.534299579000000024e+00
5.323635765000000220e+01 1.815209859831949379e-01 1.542508312999999909e+00
5.314896810999999843e+01 2.285834381211773458e-01 1.536695531999999975e+00
5.303352462000000145e+01 2.467647979717653151e-01 1.527310796000000082e+00
5.289968291999999650e+01 2.512853889714981581e-01 1.516994957999999949e+00
5.275633485000000178e+01 2.572109158829648523e-01 1.509101586999999967e+00
5.261491132999999820e+01 2.660434494700905095e-01 1.509316043000000107e+00
5.248801919999999654e+01 2.582992858543159409e-01 1.526896365999999894e+00
5.239093006000000230e+01 2.173371207650341419e-01 1.562173081999999935e+00
5.249051261999999696e+01 2.298308160399476219e-01 1.570813277999999924e+00
5.252371364999999770e+01 2.406399544952896319e-01 1.559290258000000096e+00
5.261264614000000250e+01 2.664194579015762288e-01 1.530814482000000032e+00
5.273284427000000107e+01 2.794126870780088701e-01 1.502729554999999939e+00
5.286153731999999650e+01 2.630142400403999159e-01 1.489466637999999898e+00
5.298590856999999943e+01 2.377581263302212811e-01 1.490564554000000097e+00
5.309945287000000036e+01 2.232166195099332118e-01 1.498436681000000048e+00
5.319733177999999896e+01 2.093756611006990231e-01 1.507092367999999905e+00
5.327204556000000224e+01 1.762730560394994150e-01 1.513896359000000080e+00
5.327682841000000025e+01 1.754571422721746266e-01 1.524118969000000101e+00
5.320282863999999989e+01 2.102432802553668156e-01 1.517890919999999921e+00
5.310431915000000203e+01 2.239667461509750046e-01 1.506060171999999975e+00
5.298986345000000142e+01 2.382746373612818491e-01 1.494540758999999941e+00
5.286435596999999831e+01 2.633124195853576155e-01 1.490431526000000062e+00
5.273437530999999723e+01 2.792172925013570173e-01 1.502063576999999928e+00
5.261309896000000208e+01 2.657285381038280714e-01 1.529848966000000088e+00
5.252369237999999996e+01 2.400887967360429420e-01 1.558699217000000026e+00
5.265290699999999902e+01 2.604791572194466442e-01 1.558517029999999970e+00
5.267942733999999660e+01 2.577331483382234167e-01 1.550755649999999930e+00
5.275398873000000322e+01 2.575818066488588798e-01 1.529001403000000092e+00
5.286247996000000171e+01 2.636346486242608922e-01 1.500457412000000046e+00
5.298323701999999713e+01 2.572494694023516049e-01 1.476044643999999906e+00
5.309598952000000338e+01 2.303143345753207727e-01 1.466005449999999932e+00
5.319209869000000168e+01 2.052241686314934532e-01 1.470028944000000060e+00
5.327135788999999733e+01 1.914280492596924788e-01 1.479352894999999890e+00
5.333002934999999667e+01 1.705922904015841346e-01 1.487518415000000038e+00
5.333428442999999675e+01 1.702867718027215038e-01 1.499476580000000059e+00
5.327651746000000088e+01 1.920241019768374191e-01 1.492824688000000011e+00
5.319645921000000044e+01 2.055459979721294128e-01 1.478844110999999906e+00
5.309899298999999928e+01 2.305299130190059942e-01 1.469456781000000101e+00
5.298460985999999906e+01 2.570799663199820340e-01 1.475620858999999951e+00
5.286260458999999656e+01 2.629873086615956979e-01 1.498486385999999948e+00
5.275359785999999929e+01 2.570024361189032769e-01 1.527163494000000066e+00
5.267909266000000201e+01 2.574905086235225182e-01 1.549760199000000060e+00
5.281902835999999724e+01 2.767217041452754711e-01 1.545638617000000048e+00
5.283913813000000204e+01 2.686071846591472356e-01 1.540153558000000089e+00
5.289745587000000171e+01 2.514788062195387752e-01 1.523575592000000034e+00
5.298797362999999905e+01 2.387141328442537458e-01 1.499200477000000031e+00
5.309742886000000084e+01 2.307638158125880912e-01 1.472131488000000044e+00
5.320551362999999867e+01 2.135553123028545441e-01 1.449582675000000043e+00
5.329341475999999744e+01 1.874711852176253746e-01 1.441612255999999981e+00
5.335745904000000195e+01 1.717670919219534409e-01 1.448114024999999971e+00
5.339986049000000179e+01 1.615494289241599657e-01 1.457745311000000044e+00
5.340333877999999856e+01 1.619293783084783389e-01 1.469911431000000102e+00
5.336212725000000034e+01 1.720414767099430198e-01 1.463161066999999926e+00
5.329680256000000327e+01 1.874889286679848610e-01 1.449377995000000086e+00
5.320673275000000046e+01 2.134086934028624205e-01 1.449811410999999994e+00
5.309708170999999766e+01 2.302126419291397885e-01 1.468718278999999960e+00
5.298707042000000200e+01 2.382598530326655861e-01 1.495488726000000046e+00
5.289661170000000112e+01 2.513423065538475387e-01 1.520946292000000089e+00
5.283865500999999654e+01 2.686294777852868410e-01 1.538867047999999960e+00
5.297316048999999794e+01 2.746987605255813980e-01 1.532615663999999933e+00
5.298788306000000148e+01 2.666748985811176476e-01 1.528629907000000010e+00
5.303151219000000083e+01 2.467363121526669201e-01 1.515922124999999898e+00
5.310259592999999967e+01 2.242967343407355207e-01 1.496333053000000080e+00
5.319495082000000252e+01 2.059616729982912120e-01 1.472996460000000063e+00
5.329535912000000053e+01 1.875749884458296768e-01 1.449116340000000003e+00
5.338421509999999870e+01 1.630038191364739930e-01 1.425718003999999928e+00
5.344253110999999734e+01 1.452042970621319484e-01 1.416323699000000103e+00
5.347163986000000335e+01 1.431693834317657732e-01 1.426441751999999896e+00
5.347388941999999901e+01 1.441187457797619698e-01 1.435942848999999910e+00
5.344645931000000161e+01 1.450369406230800351e-01 1.430250621999999971e+00
5.338520144999999673e+01 1.626961945687569189e-01 1.428169011000000044e+00
5.329422071999999844e+01 1.872152279860452850e-01 1.443500108000000060e+00
5.319334598999999741e+01 2.057981951442438284e-01 1.466556669000000035e+00
5.310115073000000052e+01 2.244288701840354838e-01 1.491451829000000062e+00
5.303047056999999853e+01 2.470042505816894551e-01 1.512911775000000070e+00
5.298734436000000159e+01 2.668671550785681745e-01 1.527239196000000021e+00
5.310478961999999825e+01 2.486066266635040267e-01 1.518916052000000017e+00
5.311538224000000241e+01 2.429802306344082952e-01 1.516040910999999936e+00
5.314732486999999850e+01 2.285127985243657345e-01 1.506587640000000006e+00
5.320138448000000153e+01 2.103272811206000625e-01 1.491728439999999933e+00
5.327520523999999824e+01 1.922502994816798483e-01 1.473989667999999975e+00
5.336073259999999863e+01 1.722043539539938883e-01 1.457392140000000058e+00
5.344454979999999722e+01 1.448188906882326155e-01 1.446029376000000033e+00
5.351050449000000242e+01 1.115825219472263291e-01 1.413509761000000031e+00
5.353455940999999996e+01 1.139358643483549260e-01 1.392517054000000032e+00
5.353446189000000288e+01 1.136549201586192909e-01 1.400565988999999956e+00
5.350776557999999739e+01 1.117895480908359246e-01 1.443714313000000082e+00
5.344141053999999968e+01 1.450868743383550430e-01 1.435553429000000047e+00
5.335796835000000016e+01 1.725646691364805807e-01 1.446925135999999945e+00
5.327296505999999710e+01 1.927951046694992565e-01 1.466330448999999980e+00
5.319970877000000087e+01 2.109426987347413629e-01 1.486813802999999989e+00
5.314621706999999873e+01 2.290272223512559990e-01 1.503801493999999961e+00
5.311483269000000007e+01 2.432662880301039998e-01 1.514808812999999921e+00
5.320575543999999724e+01 1.928835744163662769e-01 1.498969372999999994e+00
5.321325894999999662e+01 1.900717959036355709e-01 1.497864834000000034e+00
5.323622706999999821e+01 1.834641653730542943e-01 1.493976039000000089e+00
5.327656874000000187e+01 1.765013006518540706e-01 1.487455506999999955e+00
5.333389097999999962e+01 1.705772639649513478e-01 1.479279562999999964e+00
5.340285301000000118e+01 1.617441922441447688e-01 1.471583671999999954e+00
5.347338263000000325e+01 1.436938082332362421e-01 1.466865029999999903e+00
5.353418034999999975e+01 1.138428781827996172e-01 1.465315670999999931e+00
5.357408254999999997e+01 7.587038947291162294e-02 1.458038924000000014e+00
5.357021105999999833e+01 7.927185370102556028e-02 1.430851069000000031e+00
5.352877226999999749e+01 1.146694161713937288e-01 1.437071009999999927e+00
5.346867144000000138e+01 1.450532320405031883e-01 1.445997031999999960e+00
5.339910496000000251e+01 1.632076625098984324e-01 1.458490290000000078e+00
5.333103260000000034e+01 1.717955601856703540e-01 1.471762816999999890e+00
5.327452059000000162e+01 1.773893406278511664e-01 1.483527816000000055e+00
5.323491743000000298e+01 1.840345375481517443e-01 1.492165731999999911e+00
5.321262397000000277e+01 1.903501391391139996e-01 1.497201317000000031e+00
5.217196213999999799e+01 3.913492562157062232e-02 1.599672857000000059e+00
5.221739978000000093e+01 1.271859573225121443e-01 1.516375146999999979e+00
5.233608430000000311e+01 2.241939980742798932e-01 1.519863187999999976e+00
5.250946632000000136e+01 2.875346444754759423e-01 1.526171743999999997e+00
5.270911490999999671e+01 3.120111557915727918e-01 1.532904196000000052e+00
5.290640295000000037e+01 3.008525909156984923e-01 1.538940256999999923e+00
5.307693934000000269e+01 2.601763906341852395e-01 1.543761201999999999e+00
5.320317143999999843e+01 1.938427057176512203e-01 1.547436639999999919e+00
5.327654291000000342e+01 1.022631293920962109e-01 1.551243681000000096e+00
5.328290074000000232e+01 1.012264685515167906e-01 1.559443708000000095e+00
5.320888974999999732e+01 1.936129782217529405e-01 1.553659128000000056e+00
5.308132161999999710e+01 2.592126616176926857e-01 1.547824617999999930e+00
5.290968936000000156e+01 3.002898602800504468e-01 1.541180476000000077e+00
5.271155043000000262e+01 3.120523059628804718e-01 1.533746019999999932e+00
5.251121234000000015e+01 2.880707794064322202e-01 1.526011196000000014e+00
5.233723513000000338e+01 2.250624638258213461e-01 1.518988224000000109e+00
5.221802241000000322e+01 1.281597890398349648e-01 1.514426338000000039e+00
5.221482773000000321e+01 1.282717170861950862e-01 1.600632972999999959e+00
5.224747263999999802e+01 1.561813234504798864e-01 1.551723396000000088e+00
5.235793204000000145e+01 2.284734680503733850e-01 1.527619826000000014e+00
5.252592226000000153e+01 2.840624118949723886e-01 1.523706983999999931e+00
5.272174459000000013e+01 3.057944726205722996e-01 1.527638532000000104e+00
5.291636453000000273e+01 2.943961320892991007e-01 1.533646644000000059e+00
5.308512018999999782e+01 2.549838742485745491e-01 1.539193580000000061e+00
5.321019365000000079e+01 1.908768838936660550e-01 1.543462960000000050e+00
5.328279284999999987e+01 1.022175500952569455e-01 1.547425427999999936e+00
5.328914248000000242e+01 1.010673974724958096e-01 1.556364065999999990e+00
5.321599664000000018e+01 1.905243416813535151e-01 1.550233653000000045e+00
5.308973472000000271e+01 2.540646964553373577e-01 1.543531879000000107e+00
5.292004728999999941e+01 2.939735163926214256e-01 1.535955444999999919e+00
5.272475536999999690e+01 3.059610804322016042e-01 1.528420649999999936e+00
5.252845478999999784e+01 2.845644183964939899e-01 1.523463330000000004e+00
5.236013652999999834e+01 2.289329135777387614e-01 1.526904276000000005e+00
5.224938017000000201e+01 1.561044539197471992e-01 1.551765045000000010e+00
5.233399860000000103e+01 2.251338755662186109e-01 1.592339350999999903e+00
5.235705741999999674e+01 2.289827606087586342e-01 1.562651659999999998e+00
5.244251940000000189e+01 2.505378769127277749e-01 1.530226568000000009e+00
5.258689028999999948e+01 2.801234246141139916e-01 1.515161490000000111e+00
5.276555436000000299e+01 2.927233640118616642e-01 1.513353033000000014e+00
5.294914511000000346e+01 2.794238097050726899e-01 1.518612379999999984e+00
5.311130244000000289e+01 2.422600137035313961e-01 1.525758253000000009e+00
5.323251090000000119e+01 1.837132048906787163e-01 1.531661012000000044e+00
5.330270102000000065e+01 1.036763022138427887e-01 1.536104665000000091e+00
5.330893351000000280e+01 1.023240658466978287e-01 1.547176316000000051e+00
5.323814938000000296e+01 1.830786786721781689e-01 1.539940461000000038e+00
5.311575589000000264e+01 2.415552271852169641e-01 1.530801882000000003e+00
5.295266403000000111e+01 2.794522594306288465e-01 1.521106002000000013e+00
5.276837005000000147e+01 2.932038355925991602e-01 1.514119831999999999e+00
5.258915912999999875e+01 2.805087242475448606e-01 1.515025508999999992e+00
5.244433258000000109e+01 2.504041375043696283e-01 1.529978947999999894e+00
5.235832704999999976e+01 2.283965601303770965e-01 1.562967419000000024e+00
5.250804646000000275e+01 2.882459867457754510e-01 1.580647856999999989e+00
5.252520451000000179e+01 2.848702729810976275e-01 1.560707338999999916e+00
5.258684437000000145e+01 2.808112981982682221e-01 1.527316603000000050e+00
5.269809487999999931e+01 2.820734839202482247e-01 1.503532953999999977e+00
5.284648502000000292e+01 2.802198598090828163e-01 1.494022023000000088e+00
5.300845721999999682e+01 2.632333183149818678e-01 1.496287613000000016e+00
5.315774274999999705e+01 2.278895214431450600e-01 1.504525249999999925e+00
5.327211647000000028e+01 1.761166775668465134e-01 1.512685341999999933e+00
5.333846803000000136e+01 1.091249730030758869e-01 1.517958995999999949e+00
5.334447799000000145e+01 1.074936463724444485e-01 1.532256086000000073e+00
5.327735367999999738e+01 1.752607267594098739e-01 1.522898649999999909e+00
5.316171065000000340e+01 2.276304915775770044e-01 1.510196035000000103e+00
5.301144153999999986e+01 2.636405951739743125e-01 1.498722104000000055e+00
5.284873458999999940e+01 2.805630054773343152e-01 1.494551959999999902e+00
5.269978411000000307e+01 2.819153784931938134e-01 1.503266205999999938e+00
5.258807436000000024e+01 2.802769056374604939e-01 1.527030260000000084e+00
5.252593576000000297e+01 2.844388841416833347e-01 1.560732988999999904e+00
5.270847450000000123e+01 3.123384542837797095e-01 1.566892383000000111e+00
5.272161489999999873e+01 3.064138148075263302e-01 1.552898638000000053e+00
5.276599353000000292e+01 2.937432929346966981e-01 1.522470425999999932e+00
5.284703257999999693e+01 2.810894916636947349e-01 1.493009714000000043e+00
5.296109197999999907e+01 2.682303931422626575e-01 1.474535691999999898e+00
5.309397356000000201e+01 2.481029435501314884e-01 1.470438195999999920e+00
5.322422536999999920e+01 2.150600851533490121e-01 1.477660991000000035e+00
5.332876730000000265e+01 1.698299532339785922e-01 1.488156601000000023e+00
5.339021360000000271e+01 1.165488476640201554e-01 1.494749831999999889e+00
5.339589439000000226e+01 1.145095948016925103e-01 1.512737213000000080e+00
5.333337548000000083e+01 1.690439879381816224e-01 1.499795811999999895e+00
5.322746225000000209e+01 2.152490339187707880e-01 1.483151109000000023e+00
5.309621736999999797e+01 2.484179604107794315e-01 1.472131585999999936e+00
5.296263768000000027e+01 2.680619924976395119e-01 1.474366590000000032e+00
5.284808462000000162e+01 2.805709583878971403e-01 1.492275476999999961e+00
5.276667788999999686e+01 2.933089924169657858e-01 1.521860758999999952e+00
5.272197046000000142e+01 3.062716574389151014e-01 1.552627286999999967e+00
5.290664816999999687e+01 3.006103712065824607e-01 1.552463578000000011e+00
5.291703423999999956e+01 2.944734801188276796e-01 1.542425530000000045e+00
5.295036426000000063e+01 2.802253205575210848e-01 1.516691647999999892e+00
5.300994887000000233e+01 2.645229642986164920e-01 1.485513405000000065e+00
5.309512493999999805e+01 2.491650704731843968e-01 1.459136599000000034e+00
5.319841558000000248e+01 2.295292724065852163e-01 1.445702661000000111e+00
5.330563724000000292e+01 2.002471125034108734e-01 1.448244768999999987e+00
5.339735811999999981e+01 1.609811365243070946e-01 1.460478208000000055e+00
5.345314031000000199e+01 1.180978608088039394e-01 1.469429150999999933e+00
5.345833576999999792e+01 1.152099502121632368e-01 1.490311431000000075e+00
5.340109389999999934e+01 1.605549642319447912e-01 1.471756523000000039e+00
5.330795201000000105e+01 2.004818691774159500e-01 1.452038815999999954e+00
5.319980719000000136e+01 2.293613966387622050e-01 1.445743159999999916e+00
5.309593358000000052e+01 2.486743023235227223e-01 1.457818198000000010e+00
5.301039999999999708e+01 2.641521535352771011e-01 1.484086476999999960e+00
5.295060100999999975e+01 2.801746583861052242e-01 1.515658431999999944e+00
5.291713613000000294e+01 2.945805592202382917e-01 1.541909489000000022e+00
5.307824648999999795e+01 2.593014141806155859e-01 1.538138763000000075e+00
5.308678006000000238e+01 2.543760963852921275e-01 1.530842057999999950e+00
5.311348677000000151e+01 2.424481739122039403e-01 1.510110789000000064e+00
5.316036734000000052e+01 2.289235312337864203e-01 1.480808949999999902e+00
5.322688184999999805e+01 2.165583269707776204e-01 1.450078683000000090e+00
5.330754356999999999e+01 2.014893828869439574e-01 1.426765920000000021e+00
5.339235708999999730e+01 1.773213192122503334e-01 1.419716517999999983e+00
5.346825330000000065e+01 1.431263630303498680e-01 1.431209777000000072e+00
5.351725178000000227e+01 1.061492369979160771e-01 1.445151199000000108e+00
5.352154365999999897e+01 1.013658815336068025e-01 1.465260315999999952e+00
5.347080789999999695e+01 1.429461747697007012e-01 1.439206626000000044e+00
5.339357605000000007e+01 1.771067884669099146e-01 1.420244212000000061e+00
5.330802882999999781e+01 2.010631626505135494e-01 1.424676029000000010e+00
5.322698907000000190e+01 2.163568569468476421e-01 1.447602577000000057e+00
5.316030888000000232e+01 2.290852619500031440e-01 1.478793621999999974e+00
5.311338915000000327e+01 2.428002404155285843e-01 1.508777429000000003e+00
5.308671486000000073e+01 2.546439440732766735e-01 1.530190845999999993e+00
5.320588661000000030e+01 1.929998212664050250e-01 1.523352350999999993e+00
5.321315627999999975e+01 1.901705562804613947e-01 1.518076734999999955e+00
5.323587143000000310e+01 1.835868473959544611e-01 1.502245516999999975e+00
5.327591951000000137e+01 1.767268966514481954e-01 1.477682895999999912e+00
5.333288661000000275e+01 1.710067976390141631e-01 1.447910610999999959e+00
5.340139034999999978e+01 1.624395500090698441e-01 1.418579763999999965e+00
5.347126585000000176e+01 1.445416225105630448e-01 1.398205539999999969e+00
5.353112045999999680e+01 1.144627411834990144e-01 1.399148975999999989e+00
5.357035447999999889e+01 7.916770020624151749e-02 1.421993027000000076e+00
5.357268455999999901e+01 7.328414843704716963e-02 1.438659080999999951e+00
5.353194047000000211e+01 1.136430856439274717e-01 1.402421283000000019e+00
5.347118666000000076e+01 1.441633818842686376e-01 1.396182148000000067e+00
5.340098625000000254e+01 1.625665241765604230e-01 1.415571511000000005e+00
5.333241317000000237e+01 1.715001651311915398e-01 1.445253397000000106e+00
5.327549907000000218e+01 1.773636100533194371e-01 1.475748150999999897e+00
5.323556565999999890e+01 1.841428813261858088e-01 1.501037750999999920e+00
5.321299659000000304e+01 1.904860847283725567e-01 1.517505376999999989e+00
5.328126742999999976e+01 1.036114770984421923e-01 1.504222230000000105e+00
5.328758863000000190e+01 1.034036392776865737e-01 1.500841287000000079e+00
5.330754372999999902e+01 1.046770139317386439e-01 1.490855669999999966e+00
5.334334662999999921e+01 1.099471235706945549e-01 1.474921012999999892e+00
5.339512942999999723e+01 1.172713322016860488e-01 1.454711424000000086e+00
5.345809335999999945e+01 1.188615538665258042e-01 1.433082906000000101e+00
5.352217954999999705e+01 1.071438247432504043e-01 1.413416860000000108e+00
5.357475398999999783e+01 8.068347270046201392e-02 1.398204817999999960e+00
5.360412884000000133e+01 4.570569733376973753e-02 1.397897745999999941e+00
5.360164275000000345e+01 4.496015171835109070e-02 1.421928998000000055e+00
5.357265161000000120e+01 8.168592032855620522e-02 1.407635259999999944e+00
5.352073802999999685e+01 1.080488135673601940e-01 1.415780824999999910e+00
5.345703608000000173e+01 1.197128789912736135e-01 1.433451672999999982e+00
5.339434064999999663e+01 1.180991645792163203e-01 1.454642140000000028e+00
5.334277905999999803e+01 1.107138928881803430e-01 1.474845723999999914e+00
5.330717525000000023e+01 1.052760340375966386e-01 1.490839985000000034e+00
5.328740725000000111e+01 1.037281154540180966e-01 1.500850581999999989e+00
