2.468066068999999985e+01 0.000000000000000000e+00 2.265449210999999963e+00
2.467364554999999982e+01 2.220642178544114317e-02 2.184465712000000170e+00
2.465160528999999912e+01 4.312522722498227101e-02 2.181483072999999884e+00
2.461648038999999955e+01 6.078742663688403020e-02 2.181085888000000139e+00
2.457136201999999869e+01 7.235973975919886281e-02 2.203495016000000195e+00
2.452140410999999887e+01 7.470927267358240531e-02 2.231924524000000076e+00
2.447362907000000121e+01 6.563804598267856949e-02 2.252167781999999896e+00
2.443585679999999982e+01 4.514258492447374010e-02 2.265773256000000124e+00
2.441495151000000163e+01 1.610570577833662573e-02 2.272865218000000187e+00
2.467310806000000056e+01 2.256685240001159859e-02 2.277617023999999990e+00
2.466701855000000165e+01 2.801495525296315500e-02 2.278262282000000027e+00
2.464743827999999937e+01 4.048205528949948978e-02 2.281853846000000186e+00
2.461601543000000092e+01 5.458517502402262384e-02 2.288003280999999944e+00
2.457540222000000085e+01 6.630182651992092002e-02 2.296877315000000142e+00
2.453024763999999891e+01 7.228835619072551677e-02 2.307915878000000198e+00
2.448700382000000175e+01 7.097637336675775843e-02 2.319710270999999935e+00
2.445284489999999877e+01 6.405530175651598379e-02 2.330152426000000165e+00
2.443397524999999959e+01 5.720593724343435438e-02 2.336620520999999950e+00
2.465072363999999894e+01 4.376950736002249709e-02 2.279485805000000198e+00
2.464713941999999847e+01 4.092894485593479709e-02 2.278994620000000193e+00
2.463458652999999998e+01 3.575170387005642547e-02 2.281504975999999907e+00
2.461377218999999883e+01 3.708615090488089072e-02 2.285764030000000169e+00
2.458602808999999922e+01 4.914982444872040279e-02 2.291859935000000181e+00
2.455452178000000174e+01 6.574347051644163775e-02 2.299379291999999797e+00
2.452407017000000167e+01 8.139108165002438555e-02 2.307359185000000146e+00
2.450002836999999900e+01 9.340443627191315212e-02 2.314417344000000210e+00
2.448681254999999979e+01 1.000389260871649838e-01 2.318814681000000100e+00
2.461510398000000066e+01 6.160027751324450435e-02 2.281858954000000050e+00
2.461526031000000003e+01 5.537357877574424631e-02 2.280514987000000104e+00
2.461332326999999864e+01 3.777883793267165780e-02 2.281206017000000141e+00
2.460855830999999938e+01 1.429299950265377865e-02 2.282345352000000105e+00
2.460026084000000068e+01 2.666546212028363116e-02 2.284001175999999855e+00
2.458925063999999949e+01 5.907990148646014017e-02 2.286086801999999807e+00
2.457778104999999869e+01 8.940500646226461068e-02 2.288382227000000047e+00
2.456851608999999925e+01 1.127812993887751386e-01 2.290561057000000122e+00
2.456343642999999943e+01 1.255639958647469800e-01 2.292044478999999857e+00
2.456942606000000140e+01 7.321995968466134264e-02 2.284741390000000205e+00
2.457407158999999908e+01 6.729720420229436117e-02 2.283045888999999828e+00
2.458501706999999925e+01 5.020843937457959011e-02 2.281208321999999900e+00
2.459970531000000094e+01 2.779790227638793618e-02 2.278130566000000190e+00
2.461485395000000054e+01 3.000521258506964190e-02 2.274047025999999860e+00
2.462827156000000173e+01 6.121185213948577425e-02 2.269450833000000056e+00
2.463903184999999851e+01 9.344267027019080574e-02 2.265107110999999840e+00
2.464672619999999981e+01 1.183702061351230711e-01 2.261855748999999971e+00
2.465082830000000058e+01 1.318270477209632086e-01 2.260217434999999941e+00
2.451891553999999829e+01 7.551929746625528350e-02 2.288232263999999905e+00
2.452828691999999933e+01 7.335485513882980535e-02 2.286508265000000151e+00
2.455289970000000110e+01 6.682640503992857972e-02 2.281611503000000152e+00
2.458809901000000053e+01 6.009702594307250040e-02 2.273579111000000097e+00
2.462768506000000102e+01 6.180468547671250090e-02 2.263104973999999991e+00
2.466612369999999999e+01 7.600916294895623815e-02 2.251509738999999843e+00
2.469917075000000040e+01 9.553750760766872852e-02 2.240627409000000014e+00
2.472351237999999896e+01 1.121737610884976227e-01 2.232316967000000041e+00
2.473648939999999996e+01 1.213573204940081307e-01 2.227890748000000087e+00
2.447065320000000099e+01 6.630435866443398774e-02 2.292054317999999924e+00
2.448443929000000097e+01 7.198221622118218532e-02 2.290392393999999943e+00
2.452186658000000108e+01 8.235957548813266360e-02 2.282299354000000058e+00
2.457607134999999943e+01 9.035139020992996595e-02 2.269233080999999874e+00
2.463790695999999869e+01 9.422697497580537207e-02 2.252637352999999898e+00
2.469864279000000096e+01 9.598249801869455922e-02 2.234766227999999799e+00
2.475111718000000138e+01 9.718890606829290457e-02 2.218384733000000164e+00
2.478970418000000109e+01 9.786791928102812899e-02 2.206048870000000051e+00
2.481018737000000129e+01 9.798621323557478446e-02 2.199493481999999833e+00
2.443251628000000153e+01 4.558151311394591232e-02 2.295457202999999780e+00
2.444979114999999936e+01 6.488771970137152678e-02 2.293826413000000120e+00
2.449735620999999952e+01 9.423294358588432673e-02 2.283004207999999924e+00
2.456636608999999893e+01 1.136908860444686559e-01 2.265732964000000127e+00
2.464518650000000122e+01 1.192605781154336270e-01 2.244311598999999990e+00
2.472258633999999944e+01 1.128994181291037152e-01 2.221792016000000203e+00
2.478931293999999852e+01 9.828460363531353605e-02 2.201563425999999879e+00
2.483821345999999863e+01 7.993037307745862186e-02 2.186541973000000194e+00
2.486409310999999889e+01 6.551632317965333518e-02 2.178614279000000042e+00
2.441141560999999882e+01 1.625898627701350546e-02 2.297491101999999952e+00
2.443063846000000083e+01 5.783870967783775324e-02 2.295861217000000121e+00
2.448386955999999870e+01 1.007737720900967748e-01 2.283449037000000015e+00
2.456103767000000104e+01 1.264631814023950973e-01 2.263752525000000126e+00
2.464906009999999981e+01 1.327767029998068171e-01 2.239671711000000176e+00
2.473534867000000048e+01 1.222254988137354975e-01 2.214707023999999969e+00
2.480958835999999934e+01 9.865774158502806090e-02 2.192534353000000102e+00
2.486388739999999942e+01 6.590032665664240230e-02 2.176198537999999960e+00
2.489258381000000142e+01 3.069391826793792938e-02 2.167614567000000214e+00
2.467337374999999966e+01 2.262782202610420443e-02 2.190559051999999784e+00
2.466693238999999949e+01 2.803395755064275532e-02 2.171968448999999968e+00
2.464734132999999972e+01 4.048943803065466890e-02 2.174457454000000123e+00
2.461592062000000070e+01 5.457579898164109655e-02 2.178219669999999830e+00
2.457531804999999991e+01 6.627636231783115561e-02 2.182973084999999980e+00
2.453018107000000114e+01 7.225237778425834534e-02 2.188183432000000206e+00
2.448695921999999925e+01 7.093890389111751071e-02 2.192954661999999999e+00
2.445282278000000176e+01 6.402813169412105432e-02 2.196135658000000213e+00
2.443397086999999956e+01 5.719924381020161791e-02 2.197101351999999785e+00
2.443397681000000077e+01 5.721051431913412588e-02 2.196449113999999980e+00
2.445283986000000098e+01 6.405463231818037118e-02 2.194414157000000198e+00
2.448698608000000121e+01 7.096986408307502658e-02 2.190650334999999949e+00
2.453021599999999935e+01 7.227907937207903033e-02 2.185774223000000127e+00
2.457535783000000151e+01 6.628987819121553993e-02 2.180828357000000217e+00
2.461595979999999884e+01 5.456823325848545597e-02 2.176560516999999972e+00
2.464737283999999917e+01 4.045955129783796594e-02 2.173364988999999969e+00
2.466694929000000158e+01 2.799921417164531745e-02 2.171440023999999802e+00
2.466758876000000100e+01 2.796240734177683762e-02 2.293756945999999797e+00
2.468946667000000161e+01 4.030037289536587963e-02 2.264881556999999823e+00
2.466870133000000109e+01 5.476753509718203239e-02 2.216164945000000053e+00
2.463485439999999826e+01 6.998063707134923039e-02 2.220398464000000072e+00
2.459143810000000130e+01 8.123334824475048066e-02 2.226901620000000026e+00
2.454342807000000093e+01 8.522182385803586668e-02 2.234914492000000141e+00
2.449755907999999849e+01 8.037839438383566348e-02 2.243242100999999877e+00
2.446131687000000099e+01 6.851105301439223971e-02 2.250195304000000007e+00
2.444126542000000057e+01 5.699061153894831311e-02 2.254044197999999888e+00
2.444126436000000169e+01 5.698692291419153039e-02 2.253698226000000027e+00
2.446131381000000005e+01 6.850268541962969970e-02 2.249208057000000149e+00
2.449755436999999958e+01 8.036862818406464992e-02 2.241745631000000127e+00
2.454342232999999851e+01 8.521231081657605622e-02 2.233068260000000027e+00
2.459143204000000082e+01 8.122498816656302523e-02 2.224814086999999940e+00
2.463484863000000047e+01 6.997465660012497368e-02 2.218003835999999840e+00
2.466869585999999970e+01 5.476904268882503563e-02 2.212760009000000139e+00
2.468958436000000134e+01 3.980566663979678149e-02 2.191660213000000024e+00
2.464788331000000099e+01 4.063539952783902509e-02 2.292557744999999869e+00
2.466812613000000098e+01 5.535916247407151464e-02 2.275765237999999968e+00
2.466213403000000071e+01 8.392894053254300324e-02 2.267327975000000162e+00
2.463907444000000169e+01 8.143115585682031421e-02 2.266838433000000208e+00
2.460717367999999894e+01 8.075532051641783060e-02 2.266780682999999907e+00
2.457024343000000144e+01 8.536752506700122367e-02 2.265682669999999899e+00
2.453366630000000015e+01 9.174644985176277912e-02 2.262915211000000149e+00
2.450393671000000140e+01 9.584596469148762288e-02 2.259177703000000204e+00
2.448717102999999895e+01 9.702708124398516654e-02 2.256333442999999939e+00
2.448715995999999961e+01 9.701432959904454645e-02 2.255993450000000067e+00
2.450390765999999942e+01 9.582043528402540977e-02 2.258336526999999982e+00
2.453363318999999976e+01 9.173879003103345420e-02 2.262016647999999908e+00
2.457023368000000119e+01 8.541222877019478965e-02 2.265227734999999853e+00
2.460723335000000134e+01 8.089028603627131109e-02 2.267187872000000048e+00
2.463928238000000093e+01 8.174743890889607512e-02 2.268541938999999896e+00
2.466267961000000142e+01 8.484075780546040946e-02 2.271470583999999793e+00
2.466959384000000099e+01 5.521593303176675765e-02 2.288186136000000204e+00
2.461629256999999882e+01 5.486433006598596951e-02 2.290985993000000054e+00
2.463397537000000170e+01 7.068003078704582220e-02 2.275675758000000215e+00
2.463847395000000162e+01 8.171619144755676301e-02 2.270960451000000102e+00
2.463251842000000025e+01 7.181826184425471604e-02 2.270128081000000186e+00
2.462097396000000060e+01 6.657329160279981672e-02 2.268582233000000059e+00
2.460519212999999894e+01 7.687273992898395469e-02 2.265118182000000147e+00
2.458775199000000100e+01 9.705306020460462146e-02 2.258749761999999883e+00
2.457237420999999955e+01 1.164448865109475872e-01 2.250188187000000006e+00
2.456318590000000057e+01 1.277365051703819587e-01 2.243413730999999967e+00
2.456317158999999961e+01 1.277329528820601579e-01 2.243130395000000110e+00
2.457233841000000041e+01 1.164392701136682112e-01 2.249582774999999923e+00
2.458771673000000035e+01 9.706139962775733876e-02 2.258374342999999840e+00
2.460519601000000023e+01 7.693815638161773107e-02 2.265501902000000012e+00
2.462107585000000043e+01 6.679158048570088546e-02 2.270118896000000053e+00
2.463281269999999878e+01 7.230006554038380384e-02 2.273285356000000146e+00
2.463916539999999955e+01 8.266116848320725907e-02 2.277015749999999894e+00
2.463546914999999871e+01 7.055516306131275062e-02 2.288144704000000029e+00
2.457550071000000003e+01 6.664599327069016532e-02 2.289708979999999894e+00
2.459019173000000080e+01 8.200353328584912560e-02 2.276269103999999821e+00
2.460597342000000154e+01 8.155629764672651938e-02 2.271879229000000056e+00
2.462033495000000016e+01 6.712873573691342799e-02 2.268287053999999969e+00
2.463332836000000015e+01 5.928843168159401295e-02 2.262701996000000104e+00
2.464316918000000101e+01 7.213509998778531995e-02 2.254799068000000073e+00
2.464918421999999865e+01 9.713524290701314179e-02 2.244515069999999834e+00
2.465183867000000006e+01 1.209001668181134276e-01 2.233039139000000173e+00
2.465246574000000024e+01 1.350692481441804760e-01 2.224559866999999969e+00
2.465245250999999982e+01 1.350720910876010150e-01 2.224396871999999803e+00
2.465180686000000065e+01 1.209076994582789361e-01 2.232780961000000008e+00
2.464915899000000010e+01 9.715014774207753057e-02 2.244669196999999894e+00
2.464319654999999898e+01 7.218674165822608346e-02 2.255857728000000062e+00
2.463347973999999851e+01 5.945896507262644903e-02 2.265083560999999968e+00
2.462072154000000168e+01 6.746782282033549072e-02 2.272550557999999832e+00
2.460680521000000098e+01 8.205452789777398226e-02 2.279327391999999897e+00
2.459171943000000127e+01 8.187843779038520009e-02 2.288825763000000180e+00
2.453019107000000076e+01 7.267521261224517415e-02 2.289127554999999870e+00
2.454179736000000034e+01 8.600506034019395063e-02 2.277798236999999837e+00
2.456848137000000065e+01 8.638534526917117373e-02 2.272426460999999787e+00
2.460392412999999934e+01 7.785095166410203882e-02 2.265036908999999987e+00
2.464253215000000097e+01 7.275206830039690487e-02 2.254373262000000100e+00
2.467877616999999901e+01 7.948494598055569349e-02 2.241153011999999833e+00
2.470856344999999976e+01 9.557606862778396384e-02 2.226576472000000084e+00
2.472929549999999921e+01 1.125177071282107283e-01 2.212690070999999925e+00
2.473975331000000111e+01 1.231724242546377024e-01 2.203462275000000137e+00
2.473974301999999881e+01 1.231784387132432712e-01 2.203429320000000136e+00
2.472927255999999829e+01 1.125310719440570373e-01 2.212776274999999959e+00
2.470855545999999947e+01 9.558398330773403007e-02 2.227211373999999910e+00
2.467883755000000079e+01 7.947362452338679883e-02 2.242816230999999938e+00
2.464274976000000095e+01 7.272029661073303730e-02 2.257560390000000083e+00
2.460442670999999848e+01 7.780877570199067061e-02 2.270417432999999985e+00
2.456946466000000129e+01 8.633565056130082516e-02 2.281162731000000221e+00
2.454336182999999849e+01 8.587066557967754088e-02 2.290447606999999941e+00
2.448684493000000018e+01 7.143225510874548490e-02 2.289179123999999899e+00
2.449557873999999913e+01 8.111956126230088215e-02 2.280043304999999965e+00
2.453145741999999885e+01 9.257757886616352350e-02 2.272867463999999948e+00
2.458594899999999939e+01 9.807039051071120284e-02 2.261308898999999872e+00
2.464799357000000057e+01 9.803113707382717090e-02 2.245633356999999997e+00
2.470801039999999915e+01 9.609035209233790509e-02 2.227495413000000202e+00
2.475870490999999873e+01 9.526725051610057671e-02 2.209145862000000182e+00
2.479500197000000128e+01 9.636204790817878840e-02 2.193297134999999898e+00
2.481381233000000108e+01 9.799086791736558166e-02 2.183609430999999823e+00
2.481380569999999963e+01 9.799829767819494275e-02 2.183675210000000089e+00
2.479499051999999892e+01 9.637334525994455114e-02 2.193641969999999830e+00
2.475871979000000067e+01 9.524695907161591368e-02 2.210148532999999915e+00
2.470811615999999944e+01 9.598696108746310185e-02 2.229662261000000090e+00
2.464829415999999895e+01 9.779683684918930031e-02 2.249571588999999872e+00
2.458658571000000137e+01 9.768628413432427215e-02 2.267772633999999954e+00
2.453258519999999976e+01 9.216659290021335382e-02 2.282681741000000208e+00
2.449717726000000084e+01 8.096814512277199227e-02 2.292779363000000181e+00
2.445265497000000110e+01 6.467004484411922882e-02 2.289369036000000079e+00
2.445907095999999825e+01 6.918230914472461857e-02 2.282321168000000178e+00
2.450144388000000006e+01 9.636616675261103215e-02 2.273151635000000059e+00
2.457020723999999845e+01 1.173024190600129996e-01 2.257731861999999978e+00
2.465025337000000150e+01 1.218576725259651744e-01 2.238005500999999953e+00
2.472834456000000003e+01 1.133154306558822461e-01 2.216287541999999888e+00
2.479460545999999965e+01 9.681434605971339646e-02 2.195358509000000069e+00
2.484226470000000120e+01 7.804246535566243537e-02 2.178218306000000215e+00
2.486709095000000147e+01 6.464225549643304314e-02 2.168240375999999969e+00
2.486708829000000165e+01 6.464892251075503304e-02 2.168361226000000030e+00
2.484226608999999897e+01 7.803906809800924271e-02 2.178709393000000105e+00
2.479464623000000145e+01 9.674753201128122315e-02 2.196584302000000211e+00
2.472849950000000163e+01 1.131203687363104698e-01 2.218808548000000158e+00
2.465064126000000044e+01 1.214734145672203697e-01 2.242543829000000155e+00
2.457097122000000056e+01 1.167308427120743591e-01 2.265063002000000214e+00
2.450268402000000023e+01 9.582789552312495629e-02 2.283690754999999850e+00
2.446069517000000104e+01 6.900322852145594765e-02 2.295127975000000209e+00
2.443380932000000172e+01 5.805833572466796710e-02 2.289317394999999866e+00
2.443887709999999913e+01 5.761368351882062422e-02 2.283763033000000053e+00
2.448455285000000003e+01 9.736571069394646394e-02 2.273269459999999853e+00
2.456085124999999891e+01 1.284525601124394123e-01 2.255365380999999836e+00
2.465068607999999983e+01 1.360055342804074863e-01 2.233293980000000012e+00
2.473860116000000176e+01 1.240736924759390375e-01 2.209762206000000173e+00
2.481321421000000171e+01 9.868406826338178839e-02 2.187631163999999906e+00
2.486688934000000017e+01 6.502830809636181431e-02 2.169916176000000085e+00
2.489487244000000032e+01 3.048420984571525993e-02 2.159815182000000000e+00
2.489487365999999824e+01 3.048334431344849882e-02 2.159956359999999798e+00
2.486690301000000147e+01 6.499823440301193134e-02 2.170462254999999896e+00
2.481327841999999961e+01 9.857458563348829583e-02 2.188950038000000209e+00
2.473879695000000112e+01 1.238170193365726729e-01 2.212459969000000193e+00
2.465113966999999917e+01 1.355428348482322076e-01 2.238165520999999991e+00
2.456169975999999977e+01 1.278234685281471605e-01 2.263165360999999987e+00
2.448585633000000072e+01 9.682009096028874884e-02 2.284148415000000210e+00
2.444051401000000112e+01 5.740092822658829363e-02 2.296611110999999816e+00
2.465095382000000157e+01 4.382337361921882779e-02 2.192038569999999797e+00
2.464705806999999993e+01 4.092470540105914295e-02 2.174291613999999928e+00
2.463448693999999861e+01 3.575939501491098155e-02 2.175468015999999949e+00
2.461367038999999934e+01 3.708141372137627872e-02 2.176720459999999857e+00
2.458593550000000150e+01 4.912630008510994462e-02 2.177934880000000017e+00
2.455444778000000028e+01 6.571301640138410560e-02 2.178875670000000042e+00
2.452402057999999840e+01 8.136503425980991244e-02 2.179209413000000151e+00
2.450000431999999861e+01 9.338905684519129002e-02 2.178599649000000138e+00
2.448680992999999972e+01 1.000353698383297241e-01 2.177226559000000172e+00
2.448681927000000158e+01 1.000411475150573132e-01 2.176069315999999976e+00
2.450003185999999999e+01 9.340686409127700596e-02 2.175486644999999886e+00
2.452406545999999921e+01 8.139444988379403167e-02 2.174942458999999939e+00
2.455450791999999893e+01 6.574731513227131952e-02 2.174316258999999807e+00
2.458600533999999982e+01 4.914788515154930315e-02 2.173794226000000052e+00
2.461373993000000127e+01 3.706664873686968398e-02 2.173455777000000033e+00
2.463454327000000177e+01 3.571710458159586127e-02 2.173280340999999893e+00
2.464708875999999904e+01 4.089683944106866503e-02 2.173217227999999945e+00
2.464789727999999869e+01 4.062514563888737495e-02 2.296917456000000080e+00
2.466915367000000003e+01 5.526018951221708941e-02 2.221009242000000050e+00
2.466248914000000170e+01 8.477196486297339240e-02 2.163023377000000025e+00
2.463916971000000089e+01 8.176461921578570546e-02 2.163403091999999805e+00
2.460716169000000164e+01 8.090211606221445195e-02 2.168392943000000184e+00
2.457018882999999931e+01 8.540527416235590974e-02 2.176257007999999882e+00
2.453360557999999969e+01 9.171926225004517486e-02 2.186178372000000092e+00
2.450388934000000063e+01 9.579593929980174949e-02 2.195829391999999824e+00
2.448714452000000108e+01 9.698752599724966283e-02 2.201642870000000141e+00
2.448715390999999997e+01 9.699790296878783857e-02 2.200886912000000084e+00
2.450391442999999825e+01 9.581483737157657499e-02 2.193580062000000108e+00
2.453363574999999841e+01 9.171580107341099908e-02 2.182620629000000090e+00
2.457020461000000111e+01 8.534367850987119308e-02 2.171901781999999947e+00
2.460713432000000012e+01 8.073954796801428857e-02 2.163949820000000024e+00
2.463905370999999889e+01 8.142182023944405378e-02 2.159480557000000189e+00
2.466218036000000069e+01 8.399902958852348278e-02 2.160055875999999930e+00
2.466848007000000109e+01 5.529075695565011800e-02 2.218929719000000134e+00
2.463523381999999984e+01 3.561709731429662379e-02 2.294674844999999852e+00
2.466287900000000022e+01 8.398547024631160263e-02 2.278531388000000213e+00
2.471818951999999925e+01 7.822165973583748710e-02 2.237059400000000142e+00
2.468824581999999879e+01 8.990847295649481707e-02 2.176972303999999969e+00
2.464955971999999917e+01 1.005912810620102626e-01 2.180092849999999860e+00
2.460692132999999870e+01 1.071882077853334864e-01 2.184399774000000072e+00
2.456630051000000137e+01 1.084709149991326671e-01 2.189075101999999884e+00
2.453427324000000098e+01 1.056972500320023378e-01 2.193009347999999914e+00
2.451657576999999932e+01 1.025066677119203101e-01 2.195046844999999802e+00
2.451657231000000081e+01 1.024999702504311716e-01 2.194477777999999990e+00
2.453426331000000005e+01 1.056796554999360760e-01 2.191397612999999911e+00
2.456628549999999933e+01 1.084476396190629383e-01 2.186672468999999897e+00
2.460690334999999962e+01 1.071639410907447160e-01 2.181521002000000209e+00
2.464954128000000111e+01 1.005691220432159694e-01 2.176972104999999935e+00
2.468822906999999844e+01 8.989081581709644497e-02 2.173392901000000155e+00
2.471820913000000175e+01 7.795396431290546602e-02 2.141510427000000050e+00
2.466313050999999845e+01 8.435715382573556742e-02 2.282803116000000188e+00
2.461428207000000157e+01 3.724698924549940671e-02 2.291214886000000117e+00
2.463937745000000135e+01 8.124720642688371131e-02 2.279154698999999784e+00
2.468788995999999969e+01 9.075528624895104479e-02 2.263112437999999838e+00
2.469502555000000044e+01 1.132989113694564121e-01 2.237866189000000006e+00
2.467576251999999926e+01 1.067894980693401552e-01 2.217249091999999866e+00
2.464807980999999870e+01 1.074986597385285680e-01 2.200949195000000191e+00
2.461886794999999850e+01 1.151203265769447232e-01 2.187064032999999963e+00
2.459449285000000174e+01 1.220026664486773410e-01 2.176454703000000102e+00
2.458060160999999866e+01 1.252666715908855311e-01 2.170446748999999897e+00
2.458058931000000058e+01 1.252567799354260825e-01 2.169986862000000016e+00
2.459446016000000057e+01 1.219816461620477216e-01 2.175302187000000220e+00
2.461883189999999999e+01 1.151157726603683623e-01 2.185826892000000132e+00
2.464808508999999859e+01 1.075483746377699917e-01 2.200471551000000137e+00
2.467591462000000035e+01 1.069137433851544000e-01 2.218636303999999893e+00
2.469558865999999853e+01 1.136866582773052164e-01 2.243429668000000099e+00
2.468911698999999871e+01 9.042692307235404570e-02 2.276190172000000178e+00
2.463994629999999830e+01 8.197894925369481056e-02 2.285529550000000132e+00
2.458640248000000028e+01 4.953207395353705772e-02 2.287359004999999890e+00
2.460709963000000045e+01 8.084000531618552865e-02 2.276462661000000054e+00
2.464887419000000079e+01 1.014999898329208422e-01 2.261469420000000063e+00
2.467520491999999876e+01 1.075503093817529454e-01 2.248324463999999967e+00
2.468537436000000085e+01 9.866243092440768470e-02 2.231614931999999829e+00
2.468567326000000151e+01 9.590337496358937452e-02 2.210309999000000136e+00
2.467951468000000048e+01 1.086248823172273337e-01 2.185708954999999953e+00
2.467106691000000041e+01 1.256385400289061482e-01 2.162754930999999825e+00
2.466514158000000023e+01 1.360322396839331038e-01 2.148516211000000009e+00
2.466512628999999990e+01 1.360288652247981789e-01 2.148229490999999935e+00
2.467102891000000042e+01 1.256336378059748626e-01 2.162216867000000153e+00
2.467948518000000035e+01 1.086344764815131980e-01 2.185763044000000210e+00
2.468572753000000120e+01 9.594792371077749682e-02 2.212051176000000119e+00
2.468565820999999971e+01 9.876499712726034830e-02 2.236252354999999969e+00
2.467595100000000130e+01 1.076757528606291370e-01 2.257335576000000010e+00
2.465011781000000113e+01 1.011648470686551810e-01 2.274303548999999869e+00
2.460790013000000087e+01 8.120237924200843227e-02 2.284238054999999878e+00
2.455479160000000149e+01 6.624629846131337152e-02 2.283738429000000014e+00
2.456980413999999868e+01 8.595661151377359532e-02 2.273666226000000012e+00
2.460589364000000145e+01 1.081270684733049436e-01 2.260476259999999904e+00
2.464706822000000130e+01 1.085509609075731990e-01 2.248450474999999837e+00
2.468511651000000029e+01 9.660219572471794025e-02 2.233205464000000084e+00
2.471559784000000093e+01 8.921428581143892034e-02 2.211869473999999780e+00
2.473620741999999950e+01 9.679519488253214565e-02 2.184723158000000165e+00
2.474733193999999870e+01 1.128643907759903781e-01 2.156796797000000154e+00
2.475158589000000120e+01 1.245060952551046568e-01 2.138209644999999881e+00
2.475157188000000019e+01 1.245079195616227846e-01 2.138157178999999797e+00
2.474730025999999938e+01 1.128668106743598160e-01 2.156985471000000043e+00
2.473619928000000101e+01 9.677982203882108669e-02 2.186028992999999865e+00
2.471570772000000105e+01 8.913276853880182371e-02 2.215346252999999876e+00
2.468550205000000020e+01 9.641727165045640979e-02 2.239801605999999889e+00
2.464790722000000045e+01 1.082582449629565097e-01 2.258704359000000217e+00
2.460715679999999850e+01 1.077673512439331766e-01 2.273048601000000168e+00
2.457081597000000173e+01 8.579253212118448380e-02 2.282715646000000209e+00
2.452428580000000125e+01 8.198380928014473157e-02 2.280726496000000214e+00
2.453287547000000046e+01 9.282489917499694987e-02 2.271641584000000158e+00
2.456496428000000165e+01 1.094079551179303611e-01 2.260258101999999880e+00
2.461752159999999989e+01 1.160756524546999735e-01 2.246448916999999934e+00
2.467853072000000125e+01 1.095604662438512816e-01 2.229569451000000146e+00
2.473573280000000096e+01 9.738581788111738691e-02 2.208308643000000071e+00
2.478088434000000007e+01 8.978048835788246529e-02 2.182265158999999954e+00
2.481043809999999894e+01 9.140141660086245623e-02 2.155092997000000121e+00
2.482451349000000107e+01 9.628241104215379265e-02 2.136499280999999861e+00
2.482450217999999964e+01 9.628564851404759761e-02 2.136667871999999857e+00
2.481041632999999891e+01 9.139556424537587098e-02 2.155916035999999814e+00
2.478090140000000119e+01 8.970014133446355120e-02 2.184543455000000023e+00
2.473589708000000087e+01 9.713330360516138351e-02 2.212975704999999849e+00
2.467899986999999840e+01 1.091146374783314443e-01 2.237289249999999896e+00
2.461842401999999908e+01 1.155694301348961089e-01 2.257157910000000101e+00
2.456624622000000002e+01 1.090108641147446433e-01 2.272581473999999879e+00
2.453406508000000130e+01 9.234061964257091193e-02 2.281759338000000081e+00
2.450024489000000116e+01 9.407465844437835900e-02 2.278466678000000023e+00
2.450285063999999835e+01 9.721704991866092493e-02 2.270533705000000069e+00
2.453270519999999877e+01 1.066159275021271030e-01 2.260546628000000169e+00
2.459293733999999887e+01 1.228070180307916093e-01 2.244371230000000050e+00
2.466982468999999867e+01 1.264930403569114181e-01 2.224415116999999942e+00
2.474654898000000003e+01 1.136363281232800615e-01 2.202318657000000179e+00
2.481010768999999883e+01 9.185718361583788960e-02 2.177972168000000153e+00
2.485362557999999922e+01 7.163612948173052331e-02 2.153484681000000123e+00
2.487520038999999983e+01 6.097208665807635902e-02 2.136766013999999991e+00
2.487519156999999836e+01 6.097587071875068543e-02 2.137080005000000060e+00
2.485361325999999949e+01 7.161146297318506104e-02 2.154708154999999792e+00
2.481014847999999873e+01 9.171117177967118284e-02 2.180829425000000210e+00
2.474676068000000129e+01 1.132814498128418557e-01 2.207640200999999802e+00
2.467035810000000140e+01 1.259435528627825818e-01 2.232650742000000132e+00
2.459388389000000075e+01 1.222307284874812328e-01 2.255169325999999863e+00
2.453400153000000117e+01 1.061772882430736531e-01 2.272675517999999784e+00
2.450415899000000053e+01 9.665384912641948600e-02 2.281371372999999814e+00
2.448706184999999991e+01 1.007642734764959552e-01 2.277158245999999941e+00
2.448591947999999974e+01 9.850197350636161198e-02 2.270103418000000151e+00
2.451488617000000048e+01 1.034126216795140524e-01 2.260870023999999923e+00
2.457895333000000093e+01 1.259994665531834757e-01 2.243123655999999855e+00
2.466379278000000141e+01 1.367994799029305930e-01 2.220783170999999889e+00
2.475066874999999911e+01 1.252720481207308945e-01 2.197598784000000194e+00
2.482403043000000054e+01 9.689643160878458339e-02 2.174160007999999866e+00
2.487504192000000103e+01 6.130946673017572540e-02 2.151596812999999830e+00
2.490064792000000082e+01 2.858020682675432508e-02 2.136361928999999993e+00
2.490064141999999947e+01 2.858448593835126103e-02 2.136737666999999785e+00
2.487503815999999901e+01 6.126341428054023902e-02 2.152987265999999789e+00
2.482409102000000090e+01 9.671328128537880209e-02 2.177252911000000068e+00
2.475091570000000019e+01 1.248789302782878502e-01 2.203171098999999966e+00
2.466436859999999953e+01 1.362295489502320378e-01 2.229178710999999868e+00
2.457992739000000171e+01 1.254121939048524204e-01 2.253897992000000183e+00
2.451618956000000082e+01 1.029459498562861897e-01 2.272892856999999989e+00
2.448727758000000065e+01 9.794343839953260911e-02 2.281278021999999961e+00
2.461531401999999957e+01 6.162685137430371635e-02 2.192654678999999884e+00
2.461519420999999852e+01 5.534238900697446839e-02 2.177860282999999786e+00
2.461323236000000136e+01 3.776400370660892153e-02 2.176670672000000195e+00
2.460846121000000153e+01 1.428436112327139546e-02 2.173612488999999925e+00
2.460017094000000171e+01 2.665969559432393443e-02 2.168957121000000043e+00
2.458917887000000135e+01 5.907385231273035858e-02 2.163118853999999924e+00
2.457773398999999870e+01 8.940017165691692413e-02 2.156779622000000174e+00
2.456849491999999913e+01 1.127779895367067853e-01 2.150822929999999911e+00
2.456343730000000036e+01 1.255618958156083098e-01 2.146425874000000178e+00
2.456344681999999935e+01 1.255608516118055795e-01 2.144918741000000129e+00
2.456852414000000095e+01 1.127772208235479218e-01 2.146700195999999838e+00
2.457778417000000104e+01 8.940437473176982008e-02 2.150994936000000024e+00
2.458924920000000114e+01 5.908534920553406428e-02 2.156784805000000027e+00
2.460025509999999827e+01 2.667412982609930830e-02 2.163061170999999838e+00
2.460854640000000160e+01 1.426827355392573833e-02 2.168848000000000109e+00
2.461330183999999832e+01 3.774876959613536476e-02 2.173404671000000121e+00
2.461523196999999996e+01 5.533481919920386904e-02 2.176228899999999911e+00
2.461631797000000077e+01 5.483977636512949588e-02 2.302325612999999827e+00
2.463501807999999826e+01 7.060913299100458895e-02 2.224579775000000037e+00
2.463892106999999854e+01 8.248690267851835345e-02 2.163695559999999851e+00
2.463266963999999959e+01 7.223164334591977709e-02 2.154623085999999965e+00
2.462098605999999990e+01 6.677303187798545869e-02 2.149944832000000083e+00
2.460513738999999944e+01 7.693601661254562130e-02 2.147012109999999918e+00
2.458767483999999826e+01 9.705529037578224105e-02 2.146414397000000029e+00
2.457230408999999938e+01 1.164235267817918251e-01 2.148094885999999981e+00
2.456313979999999830e+01 1.277109064846600472e-01 2.149780269999999938e+00
2.456315405999999868e+01 1.277136286700883139e-01 2.148566782000000064e+00
2.457234069000000076e+01 1.164227387351194215e-01 2.144551235999999861e+00
2.458771591000000001e+01 9.702880727297504004e-02 2.141025625000000154e+00
2.460515768999999864e+01 7.684370756573227768e-02 2.140740704999999799e+00
2.462095513999999952e+01 6.654710712946901308e-02 2.143878191000000211e+00
2.463254226999999830e+01 7.182916201421805924e-02 2.149616057999999885e+00
2.463860075999999921e+01 8.184099613162686138e-02 2.160409483000000019e+00
2.463437030000000050e+01 7.059179943592909512e-02 2.223380650000000180e+00
2.461429197000000002e+01 3.723436910522472804e-02 2.298300821000000216e+00
2.463973525000000109e+01 8.169332853782895754e-02 2.277639468999999917e+00
2.468879172000000111e+01 9.056671478775983608e-02 2.180366829000000006e+00
2.469544404999999898e+01 1.137421143407637975e-01 2.106318036999999865e+00
2.467585496999999961e+01 1.069660169355991092e-01 2.104836270999999925e+00
2.464805843999999979e+01 1.075738686835867319e-01 2.111888555000000167e+00
2.461881783999999840e+01 1.151226890690413146e-01 2.120675171999999886e+00
2.459444760999999957e+01 1.219757539986788958e-01 2.128473826000000013e+00
2.458057123000000033e+01 1.252389368045580542e-01 2.132757369000000125e+00
2.458057402000000025e+01 1.252363148625951494e-01 2.131871949000000210e+00
2.459445377999999849e+01 1.219611413605639905e-01 2.125817985999999937e+00
2.461881599999999892e+01 1.150712415553243329e-01 2.116340398000000178e+00
2.464801637000000056e+01 1.074503159726363649e-01 2.106223678000000099e+00
2.467570120999999972e+01 1.067379036914190560e-01 2.098510430000000149e+00
2.469502201999999969e+01 1.132188174812909509e-01 2.100540295000000057e+00
2.468812378999999879e+01 9.055466109849512335e-02 2.178579747000000122e+00
2.463959724000000051e+01 8.148162563650639123e-02 2.279586140999999788e+00
2.460942886000000129e+01 1.394100963140102421e-02 2.291632987999999926e+00
2.463345702000000159e+01 7.183717784501163217e-02 2.278426367999999869e+00
2.469603494000000055e+01 1.132992440373155746e-01 2.243905545000000057e+00
2.477097347000000127e+01 1.089598493736740198e-01 2.158850944000000105e+00
2.473850086999999931e+01 1.177429275432018696e-01 2.097505879999999934e+00
2.470279714999999854e+01 1.245421631877454000e-01 2.096403954999999986e+00
2.466897419000000014e+01 1.281832431169284692e-01 2.095969585000000190e+00
2.464242106000000021e+01 1.290441700760482924e-01 2.095803570000000171e+00
2.462778537999999884e+01 1.287147117577556454e-01 2.095504975999999964e+00
2.462777628999999990e+01 1.287025414552266378e-01 2.094842761000000220e+00
2.464239511999999976e+01 1.290112090884734941e-01 2.093925512000000211e+00
2.466893517000000102e+01 1.281378377116523526e-01 2.093156602000000088e+00
2.470275068000000118e+01 1.244931744245411920e-01 2.092972390999999988e+00
2.473845331000000058e+01 1.176972054256956307e-01 2.093425885999999903e+00
2.477089020000000019e+01 1.088771182355741801e-01 2.050400875999999872e+00
2.469620009000000138e+01 1.132991595210539049e-01 2.250086395999999933e+00
2.463358407999999855e+01 7.200463436607681955e-02 2.281944560999999982e+00
2.460104786999999860e+01 2.732145013010647480e-02 2.283507350999999908e+00
2.462164379000000025e+01 6.683980551719899410e-02 2.272934021999999832e+00
2.467626871999999949e+01 1.070681663494826436e-01 2.251304805000000187e+00
2.473859519999999890e+01 1.187417336865309453e-01 2.235566137999999814e+00
2.476078887999999978e+01 1.227118157811773885e-01 2.183164313999999884e+00
2.474825901999999900e+01 1.179068086041821645e-01 2.126939521999999805e+00
2.472756498000000036e+01 1.225524451899597383e-01 2.092086375000000054e+00
2.470887177999999906e+01 1.284629714799702671e-01 2.070096268999999989e+00
2.469797211999999931e+01 1.315326103635649502e-01 2.058892693999999857e+00
2.469795492000000081e+01 1.315187376539171116e-01 2.058483513000000098e+00
2.470882556000000108e+01 1.284287326869288370e-01 2.069145112000000175e+00
2.472751390000000171e+01 1.225237058814719476e-01 2.091406976000000029e+00
2.474827995000000058e+01 1.179134334500086395e-01 2.128033433000000141e+00
2.476111262999999951e+01 1.226996176761735724e-01 2.189551943000000112e+00
2.473935707000000050e+01 1.182069281049382831e-01 2.249221106999999886e+00
2.467687095999999869e+01 1.070095541350310764e-01 2.260815254000000163e+00
2.462196550999999900e+01 6.700174544641465668e-02 2.277517061999999815e+00
2.458998975000000087e+01 5.985949205599130213e-02 2.274992473000000182e+00
2.460562721000000153e+01 7.757655469264473913e-02 2.266031303000000108e+00
2.464817383000000106e+01 1.083090816741179435e-01 2.248812979999999850e+00
2.470260350999999943e+01 1.255821072199145017e-01 2.231209020000000098e+00
2.474802872000000065e+01 1.187697951941612540e-01 2.207706908000000023e+00
2.477264771999999837e+01 1.015825546220271852e-01 2.164701868999999945e+00
2.477980179000000049e+01 1.002158953819811543e-01 2.112796392999999995e+00
2.477806819999999988e+01 1.110965765270067879e-01 2.069203416000000129e+00
2.477500751999999906e+01 1.191246894481140656e-01 2.044736282000000127e+00
2.477498604999999898e+01 1.191128485415451355e-01 2.044667351999999827e+00
2.477801278999999823e+01 1.110609432830155230e-01 2.069439807999999825e+00
2.477975401999999860e+01 1.001470166952376506e-01 2.114633639000000009e+00
2.477272393999999878e+01 1.014081531207085135e-01 2.170105297000000100e+00
2.474842497999999935e+01 1.183784702436087855e-01 2.218116532999999890e+00
2.470336247999999912e+01 1.250224359536160901e-01 2.244202532000000083e+00
2.464898906999999895e+01 1.078910498385135808e-01 2.259420421999999817e+00
2.460613641000000129e+01 7.744526899043725765e-02 2.271682608999999964e+00
2.457851585999999955e+01 9.026293270767520027e-02 2.267148172000000184e+00
2.458796835000000058e+01 9.818460302053955147e-02 2.259327478999999972e+00
2.461862048000000058e+01 1.163152379486204063e-01 2.245198207000000057e+00
2.466852599999999995e+01 1.292484753472043224e-01 2.227706532000000017e+00
2.472712363000000124e+01 1.234692609734925756e-01 2.207910280000000114e+00
2.477955610000000064e+01 1.008190190279905085e-01 2.180224486000000184e+00
2.481555516999999966e+01 8.169796318702668425e-02 2.138042362999999835e+00
2.483437204000000165e+01 8.207658834793028768e-02 2.090465174999999842e+00
2.484136339999999876e+01 8.904444695553384581e-02 2.058945660000000011e+00
2.484133883000000154e+01 8.903369216636558559e-02 2.059257128000000048e+00
2.483430922000000152e+01 8.202732128426354352e-02 2.091916540000000158e+00
2.481550586999999908e+01 8.153178143516220944e-02 2.141951596000000180e+00
2.477964906000000056e+01 1.004314451005582365e-01 2.187822113000000179e+00
2.472752557000000095e+01 1.229024153506027006e-01 2.218936730999999885e+00
2.466928593000000092e+01 1.286537172112032779e-01 2.240084379999999875e+00
2.461955258000000057e+01 1.157566175129129821e-01 2.256172665999999882e+00
2.458865796999999986e+01 9.775039659920838064e-02 2.266058569000000134e+00
2.456928315000000040e+01 1.136909505547168964e-01 2.260990547000000017e+00
2.457239489999999904e+01 1.179128871614604779e-01 2.253815680000000210e+00
2.459399020000000036e+01 1.233689377749958849e-01 2.242360911000000012e+00
2.464178687000000068e+01 1.301249775232079242e-01 2.225347172999999845e+00
2.470829679999999939e+01 1.293094867791174385e-01 2.204497856999999783e+00
2.477767962000000068e+01 1.117600670106938948e-01 2.181133883000000218e+00
2.483420588999999978e+01 8.246410406606265175e-02 2.150683346000000107e+00
2.486993800000000121e+01 5.913644144145621673e-02 2.112309982999999836e+00
2.488592056999999969e+01 5.221698896553073760e-02 2.083100536999999974e+00
2.488589207000000059e+01 5.221592482447647704e-02 2.083709148000000067e+00
2.486986510999999922e+01 5.909319112011955644e-02 2.114609269999999874e+00
2.483414983999999848e+01 8.226000385772531953e-02 2.155712030000000112e+00
2.477777833000000030e+01 1.113085480675683053e-01 2.189461500000000171e+00
2.470870392000000138e+01 1.286851397527120910e-01 2.215415753999999904e+00
2.464254976999999869e+01 1.294967183658681242e-01 2.237246631000000097e+00
2.459497889000000015e+01 1.227917589460081199e-01 2.253397778000000073e+00
2.457322797000000136e+01 1.173108507205502388e-01 2.261454978999999810e+00
2.456424696999999924e+01 1.264963426953751580e-01 2.257523090999999926e+00
2.456309136000000137e+01 1.293841721399494327e-01 2.250560554000000213e+00
2.457996861000000166e+01 1.266873104892705659e-01 2.240860517000000218e+00
2.462705932000000075e+01 1.298090727985610204e-01 2.224183575000000079e+00
2.469734336999999869e+01 1.323505429974794756e-01 2.202091259999999995e+00
2.477457363999999984e+01 1.197464557145080655e-01 2.178705236999999961e+00
2.484114253999999988e+01 8.948281588728244917e-02 2.153051700999999873e+00
2.488586059000000006e+01 5.243111300965753313e-02 2.122056769999999926e+00
2.490693316999999851e+01 2.277794137267491817e-02 2.097152948000000183e+00
2.490690172000000047e+01 2.281916365692659640e-02 2.097900866999999892e+00
2.488578156999999891e+01 5.241686664793245021e-02 2.124717720000000032e+00
2.484108621000000028e+01 8.928214611087767483e-02 2.158470148999999783e+00
2.477468282999999971e+01 1.192863388047958051e-01 2.187181911999999784e+00
2.469776123999999839e+01 1.317127828574438109e-01 2.212845666000000211e+00
2.462782569000000166e+01 1.291640490155252230e-01 2.235821140000000096e+00
2.458097379000000160e+01 1.261108464546553676e-01 2.251873215999999900e+00
2.456399496999999954e+01 1.287318812028030723e-01 2.258707465000000081e+00
2.456963327000000064e+01 7.322435940199263638e-02 2.193758508999999801e+00
2.457402963999999912e+01 6.723608461293288652e-02 2.182431407999999795e+00
2.458494500999999843e+01 5.016912565368161769e-02 2.177895423999999913e+00
2.459962390999999826e+01 2.778091086930999445e-02 2.168995690000000032e+00
2.461477730000000008e+01 3.003137514690493171e-02 2.156685967000000037e+00
2.462821093999999889e+01 6.123584787074539543e-02 2.142435948000000145e+00
2.463899368999999950e+01 9.345796880546346219e-02 2.128300873999999787e+00
2.464671123999999836e+01 1.183765066237485175e-01 2.116491175000000169e+00
2.465083289000000022e+01 1.318256510652011382e-01 2.109011891999999833e+00
2.465083987999999948e+01 1.318199537405226607e-01 2.107349719000000121e+00
2.464673416000000117e+01 1.183608026638424682e-01 2.111874321999999804e+00
2.463903672000000000e+01 9.343529413321643995e-02 2.121670616999999925e+00
2.462827585000000141e+01 6.120942403110883612e-02 2.134982530999999906e+00
2.461485889000000071e+01 3.000854753948760043e-02 2.149553443999999924e+00
2.459970892000000120e+01 2.779318929365430860e-02 2.163070923999999895e+00
2.458501529000000119e+01 5.018963921174296461e-02 2.173733130000000013e+00
2.457406755999999959e+01 6.725029714460016572e-02 2.180318756000000135e+00
2.457553851999999850e+01 6.660459726805184610e-02 2.310248936999999891e+00
2.459125182000000009e+01 8.193983615729936998e-02 2.230162897000000033e+00
2.460652759999999972e+01 8.195018662920031116e-02 2.168854501999999851e+00
2.462056953000000092e+01 6.741302218037530103e-02 2.150079497000000117e+00
2.463339575999999909e+01 5.945744766866264269e-02 2.135440204000000008e+00
2.464314798999999923e+01 7.220727004961766116e-02 2.121741638000000041e+00
2.464912375999999838e+01 9.716587442319399304e-02 2.110362121000000091e+00
2.465177278999999899e+01 1.209136626212416327e-01 2.102863155000000095e+00
2.465241689999999863e+01 1.350705971452347276e-01 2.099066571999999908e+00
2.465243020000000129e+01 1.350636079612496376e-01 2.097557555999999934e+00
2.465180421999999894e+01 1.208890942101284310e-01 2.098529415999999870e+00
2.464915172999999982e+01 9.711355429209682366e-02 2.103902718000000061e+00
2.464314633000000043e+01 7.209672161270155866e-02 2.114318180000000158e+00
2.463333520000000121e+01 5.924187040615108701e-02 2.128309015000000137e+00
2.462040705000000074e+01 6.711216080076644330e-02 2.144291244999999790e+00
2.460617882000000023e+01 8.159028170151462478e-02 2.165312663999999998e+00
2.459063474999999954e+01 8.190238104784003381e-02 2.229229247000000136e+00
2.458642186999999879e+01 4.951352594181859801e-02 2.303626603000000106e+00
2.460767179999999854e+01 8.107421173676225556e-02 2.276290523000000121e+00
2.464979117000000031e+01 1.013223190412255031e-01 2.183189786999999882e+00
2.467576147999999847e+01 1.077490046511220267e-01 2.105160349999999791e+00
2.468557424999999839e+01 9.881703374141635743e-02 2.075957127000000124e+00
2.468568718999999945e+01 9.599012250600799656e-02 2.064664457000000120e+00
2.467945631999999989e+01 1.086553415379783588e-01 2.062064928999999935e+00
2.467099888999999990e+01 1.256314466258002527e-01 2.064022851999999908e+00
2.466508972000000099e+01 1.360127039986788744e-01 2.066067782000000186e+00
2.466509512000000015e+01 1.360078341142883229e-01 2.064861061999999858e+00
2.467100847000000030e+01 1.256036709054677014e-01 2.060381539999999845e+00
2.467944353000000035e+01 1.085702226045754532e-01 2.056194409999999806e+00
2.468559807000000106e+01 9.581687670164747150e-02 2.057409826999999858e+00
2.468533075999999937e+01 9.853800578563885748e-02 2.068796804999999850e+00
2.467527425999999835e+01 1.074005805171453776e-01 2.100001209000000202e+00
2.464914141999999941e+01 1.012834921404845573e-01 2.181770031000000110e+00
2.460734766999999934e+01 8.091084287085671678e-02 2.277134939999999830e+00
2.460105687000000074e+01 2.730673391965769692e-02 2.292433672000000033e+00
2.462186213000000023e+01 6.692396559824977109e-02 2.276004085999999926e+00
2.467673089000000175e+01 1.070901402990523804e-01 2.222047519000000193e+00
2.473926708000000119e+01 1.184576961846113830e-01 2.097430214000000070e+00
2.476108496000000159e+01 1.228256536464650550e-01 1.991013450000000073e+00
2.474828610000000140e+01 1.179852371513899767e-01 1.990787711000000071e+00
2.472752728000000033e+01 1.225640637563828322e-01 2.001287365000000040e+00
2.470883097999999833e+01 1.284456700216221325e-01 2.009405205000000194e+00
2.469794213999999855e+01 1.315138948734525803e-01 2.013402252000000114e+00
2.469793492000000157e+01 1.315031134074599872e-01 2.012491176999999798e+00
2.470880719000000170e+01 1.284064822182564014e-01 2.006621927999999944e+00
2.472747087999999849e+01 1.224690445186834148e-01 1.996543047999999931e+00
2.474813371000000117e+01 1.178026821800442631e-01 1.984149755000000015e+00
2.476064733000000118e+01 1.225389539090952912e-01 1.983869220999999960e+00
2.473857038999999958e+01 1.184175632517984605e-01 2.095719530999999858e+00
2.467639202000000154e+01 1.069321607338114544e-01 2.224537313999999988e+00
2.462175910999999928e+01 6.689222622951679353e-02 2.278060170999999912e+00
2.461617757000000140e+01 3.059351940753412061e-02 2.278541516999999850e+00
2.463468780999999908e+01 5.955722973683708066e-02 2.266574632000000200e+00
2.468676303999999888e+01 9.871676175428335809e-02 2.234253257999999853e+00
2.476216162000000054e+01 1.226039396535591464e-01 2.184636425999999965e+00
2.484435238000000012e+01 1.224976633013257210e-01 2.012483290000000036e+00
2.481353066999999868e+01 1.249916297810307886e-01 1.969692462999999893e+00
2.478456268000000051e+01 1.252507591825756383e-01 1.964326728000000077e+00
2.476197454000000064e+01 1.239612233860975382e-01 1.960363107000000049e+00
2.474957283999999902e+01 1.226314652750254697e-01 1.958008870000000012e+00
2.474955346999999861e+01 1.226124951254249362e-01 1.957429776999999982e+00
2.476191926999999993e+01 1.239097875827654405e-01 1.958708501000000046e+00
2.478447948000000167e+01 1.251797068408622426e-01 1.961783620999999922e+00
2.481343126999999882e+01 1.249145915222714676e-01 1.966232696999999918e+00
2.484420195999999947e+01 1.224317828981761891e-01 1.918234041999999917e+00
2.476203867999999986e+01 1.222986934650203278e-01 2.191850520000000024e+00
2.468679244000000139e+01 9.857221785966475969e-02 2.239693082000000057e+00
2.463474453999999980e+01 5.956487497701595107e-02 2.269395264999999995e+00
2.462960321999999991e+01 6.211656327375426195e-02 2.263756877000000056e+00
2.464440305000000109e+01 7.292223690798964320e-02 2.254664287999999850e+00
2.468680928999999935e+01 9.654437978682181565e-02 2.232992491000000079e+00
2.474926836999999935e+01 1.185909200585714418e-01 2.207423912999999960e+00
2.481421453999999827e+01 1.259243305509616662e-01 2.191675710999999804e+00
2.484275502999999929e+01 1.095739718798679763e-01 2.102297742999999830e+00
2.483362685999999897e+01 1.033014142264662427e-01 1.999657511999999970e+00
2.481871865000000099e+01 1.042650324637924425e-01 1.949979954000000015e+00
2.480931885000000037e+01 1.047098431083978293e-01 1.928572496999999997e+00
2.480928867000000082e+01 1.046834171393771495e-01 1.928438319999999928e+00
2.481863471999999859e+01 1.041928646510884987e-01 1.949964808999999910e+00
2.483352062000000160e+01 1.032039995090529988e-01 2.001181273999999899e+00
2.484273081999999988e+01 1.093836308924203554e-01 2.109456065999999907e+00
2.481435373000000055e+01 1.253197632552077445e-01 2.205376209000000198e+00
2.474952267999999833e+01 1.179903409300186307e-01 2.218373279999999781e+00
2.468710744999999918e+01 9.619250445675846251e-02 2.240178016000000216e+00
2.464460362000000160e+01 7.281516920589424513e-02 2.258193332999999914e+00
2.464040384999999844e+01 9.443459187127782595e-02 2.250070825999999968e+00
2.465031954999999897e+01 9.824687620971234159e-02 2.243001168000000156e+00
2.468039669999999930e+01 1.098144179858812353e-01 2.227221392000000133e+00
2.472823933000000096e+01 1.237010564305039556e-01 2.206438993999999987e+00
2.478505309999999895e+01 1.262138434388921648e-01 2.185423762000000103e+00
2.483385575000000145e+01 1.038586055216532689e-01 2.152825580000000016e+00
2.485875768000000008e+01 7.303922472302455671e-02 2.078213760000000132e+00
2.486355808000000067e+01 6.870614858592927199e-02 1.995999228999999930e+00
2.486199931999999890e+01 7.344562498235895909e-02 1.950268772999999900e+00
2.486195690999999997e+01 7.341118402887512884e-02 1.950708053000000053e+00
2.486343562000000063e+01 6.859211668355560954e-02 1.998041329999999949e+00
2.485858731000000077e+01 7.282281450097059794e-02 2.083914841999999989e+00
2.483375286000000060e+01 1.034488408005080212e-01 2.163526188000000072e+00
2.478518121000000107e+01 1.255875284678120707e-01 2.198276588999999781e+00
2.472862183999999885e+01 1.230253451217218214e-01 2.217852564999999831e+00
2.468087715000000060e+01 1.092732269734520700e-01 2.235413847999999870e+00
2.465065407999999891e+01 9.797101839035149418e-02 2.247239788999999988e+00
2.464815519000000066e+01 1.193931341542028984e-01 2.239453373999999997e+00
2.465289036000000067e+01 1.222473055658916952e-01 2.233426977000000146e+00
2.467173580000000044e+01 1.271363018784495424e-01 2.220910835999999833e+00
2.470932218000000091e+01 1.297937849294543144e-01 2.202580028999999939e+00
2.476233152000000004e+01 1.249524673599952673e-01 2.180858644999999818e+00
2.481896852999999936e+01 1.048423341132918157e-01 2.156893612999999821e+00
2.486368300000000175e+01 6.891917304451149195e-02 2.118399764999999935e+00
2.488771657999999931e+01 3.994984477332392397e-02 2.055895217000000219e+00
2.489577352999999960e+01 3.685035000751343132e-02 2.005714675000000113e+00
2.489571533000000159e+01 3.683419096952526145e-02 2.006682944000000024e+00
2.488754471000000024e+01 3.989131975881759357e-02 2.059504958000000219e+00
2.486344614000000064e+01 6.871912832689093531e-02 2.125863829000000038e+00
2.481882586000000046e+01 1.043707990333915953e-01 2.167822568000000061e+00
2.476245713000000137e+01 1.243039677881785099e-01 2.193063335000000169e+00
2.470974945000000034e+01 1.291369389076966190e-01 2.213822051000000179e+00
2.467231847000000045e+01 1.265503188282473268e-01 2.229595976000000146e+00
2.465333281999999926e+01 1.218293637707692223e-01 2.238293756000000023e+00
2.465230747000000022e+01 1.328526517957805964e-01 2.233608847999999814e+00
2.465347132999999857e+01 1.365607440621978141e-01 2.227777171000000056e+00
2.466569661999999852e+01 1.376455925468401675e-01 2.216847320999999926e+00
2.469832006000000035e+01 1.329238316285653865e-01 2.200066484000000155e+00
2.474987385000000017e+01 1.236495810990185656e-01 2.178461308999999790e+00
2.480958367999999936e+01 1.052895076835147631e-01 2.155427469999999790e+00
2.486220017999999854e+01 7.365124830186681182e-02 2.127837093000000124e+00
2.489587754000000075e+01 3.682029056778476223e-02 2.084484016000000217e+00
2.490988866000000002e+01 1.321190421817188161e-02 2.043162007999999918e+00
2.490981761999999833e+01 1.335097549803753066e-02 2.044387732000000124e+00
2.489567265000000162e+01 3.690713778215840013e-02 2.088697836999999780e+00
2.486193550999999857e+01 7.348006412645516350e-02 2.135704292999999865e+00
2.480943514999999877e+01 1.047979792967779628e-01 2.166224205999999874e+00
2.475000388999999856e+01 1.229918661840570526e-01 2.190313639000000201e+00
2.469875980999999854e+01 1.322849259149034562e-01 2.211130408999999908e+00
2.466631544999999903e+01 1.370690467513508704e-01 2.225703456000000191e+00
2.465396902999999895e+01 1.360725982732197692e-01 2.233021409000000013e+00
2.451913120000000035e+01 7.551051420316916285e-02 2.196159252000000173e+00
2.452827536999999936e+01 7.326219207991044313e-02 2.187563427999999810e+00
2.455285389000000151e+01 6.677502611673737098e-02 2.178926485999999940e+00
2.458804161999999849e+01 6.007946172622275621e-02 2.163272958999999940e+00
2.462762967999999830e+01 6.182459901900010102e-02 2.142549296999999964e+00
2.466608074000000173e+01 7.604308549234943537e-02 2.119599801000000117e+00
2.469914570999999981e+01 9.556400564246836371e-02 2.097945906000000083e+00
2.472350549000000086e+01 1.121862476202356435e-01 2.080883290000000052e+00
2.473649740000000108e+01 1.213570993634814355e-01 2.070844149000000023e+00
2.473650067999999891e+01 1.213505280071398434e-01 2.069236727999999914e+00
2.472351821000000172e+01 1.121657697377234642e-01 2.076363552000000112e+00
2.469917428999999842e+01 9.552930517322802406e-02 2.091322238000000056e+00
2.466612965999999929e+01 7.600076177409541278e-02 2.111965859000000112e+00
2.462769620999999987e+01 6.179718347176846316e-02 2.135039841000000216e+00
2.458811423999999946e+01 6.008990543197176987e-02 2.156859234000000125e+00
2.455291537000000091e+01 6.680944588626766545e-02 2.174310311999999801e+00
2.452830816999999897e+01 7.329113624548852512e-02 2.185190725000000000e+00
2.453024165000000067e+01 7.260439056579538752e-02 2.320256085000000024e+00
2.454287425000000056e+01 8.594083995063687975e-02 2.237280118000000151e+00
2.456915678000000014e+01 8.637054795583741507e-02 2.176921405999999948e+00
2.460427087000000057e+01 7.785046193581524054e-02 2.147310791000000219e+00
2.464268223999999918e+01 7.277112660154189117e-02 2.121856594000000040e+00
2.467881284999999991e+01 7.951591979723338088e-02 2.097636722999999925e+00
2.470854197999999968e+01 9.561092799640776019e-02 2.076758617999999945e+00
2.472925419999999974e+01 1.125498161734955760e-01 2.061721672000000005e+00
2.473971814000000080e+01 1.231924258767015112e-01 2.053553245999999888e+00
2.473972610999999944e+01 1.231793047690312448e-01 2.052005138000000173e+00
2.472926800999999841e+01 1.125132712200246493e-01 2.057306327000000046e+00
2.470853801000000161e+01 9.555431944268330535e-02 2.070206062000000014e+00
2.467876542999999856e+01 7.943474722311422154e-02 2.090089208000000198e+00
2.464256513999999854e+01 7.266904132867073318e-02 2.114585024999999785e+00
2.460404777000000109e+01 7.774944107840672802e-02 2.141483136999999815e+00
2.456876633999999981e+01 8.627618643504714191e-02 2.173577851000000116e+00
2.454229100999999957e+01 8.589329525140375343e-02 2.236492021000000108e+00
2.455481874000000175e+01 6.622542747221897563e-02 2.310341611000000128e+00
2.457053613000000070e+01 8.586193987983622988e-02 2.273548943000000211e+00
2.460682203000000001e+01 1.079470014090997687e-01 2.187096449000000220e+00
2.464771404000000032e+01 1.084185662288318780e-01 2.112415883000000161e+00
2.468543199000000143e+01 9.652938050707157713e-02 2.064681525000000129e+00
2.471568917999999826e+01 8.920314312478096197e-02 2.034019080000000201e+00
2.473618375999999941e+01 9.682060454249007131e-02 2.015744075999999829e+00
2.474727193000000014e+01 1.128848061087037585e-01 2.007184431000000213e+00
2.475153170000000102e+01 1.245109873196880990e-01 2.004149852999999926e+00
2.475153536999999915e+01 1.244996717185465340e-01 2.002773907999999992e+00
2.474726874999999993e+01 1.128397693861829115e-01 2.003111366000000171e+00
2.473613011000000128e+01 9.673065865647628714e-02 2.009442457000000015e+00
2.471552284999999927e+01 8.908313315769063323e-02 2.026705225999999804e+00
2.468509681999999827e+01 9.639998278301384338e-02 2.058073063000000147e+00
2.464718820999999949e+01 1.083033286608499346e-01 2.108159758000000217e+00
2.460619584000000160e+01 1.078894524746898259e-01 2.185790696000000199e+00
2.457011001000000050e+01 8.584569696258527449e-02 2.273671800999999881e+00
2.459000556000000159e+01 5.984714242198414802e-02 2.293645500999999864e+00
2.460601259999999968e+01 7.749737565559704222e-02 2.271369588999999856e+00
2.464882473999999846e+01 1.080967038603378449e-01 2.204193304999999992e+00
2.470327985999999854e+01 1.252991766145918617e-01 2.096339479000000061e+00
2.474843470000000067e+01 1.185694397722486387e-01 1.989797867000000053e+00
2.477275201999999865e+01 1.015204779021680187e-01 1.935861408000000061e+00
2.477976496999999867e+01 1.002137060861182094e-01 1.923868912999999958e+00
2.477800391999999974e+01 1.110799632406827553e-01 1.926847552999999991e+00
2.477495573999999934e+01 1.191038324451795943e-01 1.930541046999999955e+00
2.477494937999999891e+01 1.190938470207985461e-01 1.929406618000000018e+00
2.477797318000000004e+01 1.110283510025030507e-01 1.923338188000000004e+00
2.477965889000000033e+01 1.000849510757772648e-01 1.918045457000000065e+00
2.477246039999999994e+01 1.013778116701585102e-01 1.928952830000000063e+00
2.474786617000000177e+01 1.184695223719441637e-01 1.984728249000000000e+00
2.470259304000000000e+01 1.252336975352952575e-01 2.094939265999999911e+00
2.464831374999999980e+01 1.080605536317850585e-01 2.205055527999999931e+00
2.460576898000000057e+01 7.749296678114553361e-02 2.272397359999999811e+00
2.462960980000000077e+01 6.211117841105276427e-02 2.273083807999999983e+00
2.464455862000000153e+01 7.286214547162653266e-02 2.257708619999999833e+00
2.468708881999999960e+01 9.638997522712675070e-02 2.211694810000000011e+00
2.474963277000000161e+01 1.183259131026817151e-01 2.125956504999999996e+00
2.481456916999999862e+01 1.255968485275214819e-01 1.965216355999999998e+00
2.484283182000000068e+01 1.094976942918965412e-01 1.815896973999999942e+00
2.483357707000000048e+01 1.032732634470160810e-01 1.824135312999999980e+00
2.481866679000000175e+01 1.042193582192893764e-01 1.841195289999999929e+00
2.480928377000000040e+01 1.046773327954331756e-01 1.849032795000000062e+00
2.480926496000000014e+01 1.046633688769099679e-01 1.848220197999999925e+00
2.481860586999999896e+01 1.041631048222694950e-01 1.838578430000000097e+00
2.483343653000000018e+01 1.031299121295326665e-01 1.819244658999999986e+00
2.484242779999999939e+01 1.093558631642408130e-01 1.809600941000000018e+00
2.481382143000000084e+01 1.255495370030099145e-01 1.964356285000000035e+00
2.474909478000000007e+01 1.182185831433703593e-01 2.128514119000000093e+00
2.468681265000000025e+01 9.632280716112147367e-02 2.214453171000000165e+00
2.464445453000000086e+01 7.285871958684506100e-02 2.259313871999999890e+00
2.466809764999999999e+01 7.673816711355921361e-02 2.251475981000000015e+00
2.468076023000000063e+01 8.010347217652229179e-02 2.240689370000000125e+00
2.471755758000000114e+01 8.954345224468228392e-02 2.210680610999999907e+00
2.477452311000000051e+01 1.015645093292631557e-01 2.162772985999999786e+00
2.484445188999999843e+01 1.092379238152127729e-01 2.100542558999999976e+00
2.491532650999999987e+01 1.055580776228567663e-01 1.812278362000000032e+00
2.488488844999999827e+01 9.717381238148865841e-02 1.800222334999999951e+00
2.486135477999999921e+01 8.797358851432940385e-02 1.794497309999999901e+00
2.484849949999999907e+01 8.164300854981254574e-02 1.791296392000000015e+00
2.484846673999999922e+01 8.161672810241248077e-02 1.790959664999999923e+00
2.486126099999999894e+01 8.790659555141856762e-02 1.793506309000000076e+00
2.488474652000000020e+01 9.708866634789414807e-02 1.798475821999999891e+00
2.491512845999999826e+01 1.054708453513757277e-01 1.752818089000000024e+00
2.484396136000000155e+01 1.088337192774884582e-01 2.108068767999999871e+00
2.477429276000000158e+01 1.012097771309664052e-01 2.169020267000000057e+00
2.471750614000000112e+01 8.935526347042900552e-02 2.214898967999999968e+00
2.468077321000000168e+01 8.005439382160256523e-02 2.242769419000000042e+00
2.470121268000000114e+01 9.644820299263481833e-02 2.231836382000000008e+00
2.471052702000000068e+01 9.651496379008799031e-02 2.224359004000000084e+00
2.473807383999999843e+01 9.768782523751662339e-02 2.205056346000000111e+00
2.478155506999999957e+01 1.009808461794685086e-01 2.177272165000000204e+00
2.483521710000000127e+01 1.039364015201388880e-01 2.151207360999999985e+00
2.488610792000000060e+01 9.777992648612490734e-02 2.139912182000000218e+00
2.490463434000000120e+01 6.729406022489928252e-02 2.006538621999999883e+00
2.489290901000000034e+01 5.545740657278018515e-02 1.857529348999999996e+00
2.488245046999999843e+01 5.041653125374868927e-02 1.805588216000000079e+00
2.488239811000000046e+01 5.035844563640989174e-02 1.806006345999999985e+00
2.489275130000000047e+01 5.531104963840981908e-02 1.859627029000000098e+00
2.490435039000000117e+01 6.717351439942571834e-02 2.014055288999999860e+00
2.488570259000000107e+01 9.740156534511126840e-02 2.152464618000000218e+00
2.483497470000000007e+01 1.033124371589129176e-01 2.162246346999999957e+00
2.478154591999999923e+01 1.004224647281326960e-01 2.185502152999999836e+00
2.473819839000000087e+01 9.734366096884872199e-02 2.210312575000000113e+00
2.471063957000000144e+01 9.637665565482772534e-02 2.226866676000000211e+00
2.472562240999999972e+01 1.131385369752756914e-01 2.216940310000000025e+00
2.473124632000000034e+01 1.136368199006192181e-01 2.211427204000000035e+00
2.474908483999999831e+01 1.141179990571370428e-01 2.197870906999999985e+00
2.477963859000000113e+01 1.123302196001349090e-01 2.177626245999999988e+00
2.482010650000000140e+01 1.052720869521575758e-01 2.154961897999999820e+00
2.486249235000000013e+01 8.859657519079137955e-02 2.134817958000000182e+00
2.489351570999999907e+01 5.545892234048106079e-02 2.094653655000000114e+00
2.490325964999999897e+01 2.016650390651486546e-02 1.987945642999999984e+00
2.490149629000000076e+01 1.675222864062897096e-02 1.901099657000000054e+00
2.490141305999999943e+01 1.665219297540200191e-02 1.902402864999999998e+00
2.490299196999999864e+01 2.006366241607111106e-02 1.992869285999999907e+00
2.489307576999999938e+01 5.537809862737328587e-02 2.104171894999999903e+00
2.486208540999999883e+01 8.820019749528051900e-02 2.146720868000000060e+00
2.481993860000000041e+01 1.047126501527374104e-01 2.166248035000000183e+00
2.477973455000000058e+01 1.117904746656491893e-01 2.186532641999999971e+00
2.474932001000000170e+01 1.136989971195843108e-01 2.203756917999999843e+00
2.473143373999999994e+01 1.134052926547666207e-01 2.214289980000000213e+00
2.473864939999999990e+01 1.223257636061288872e-01 2.208910046000000182e+00
2.474170194999999950e+01 1.243827392941653925e-01 2.204086944999999798e+00
2.475326945000000123e+01 1.259161822410072296e-01 2.192668242999999961e+00
2.477647874000000172e+01 1.205040087329648513e-01 2.175042186999999849e+00
2.481062362000000121e+01 1.058181001093609908e-01 2.153472633999999886e+00
2.484961686000000114e+01 8.229661381688613275e-02 2.132112175000000054e+00
2.488322804999999960e+01 5.043997655119328988e-02 2.106314851000000044e+00
2.490183726000000064e+01 1.621265388785694816e-02 2.047480451999999840e+00
2.490653237000000075e+01 1.056333813808474180e-02 1.977740848000000051e+00
2.490642165999999946e+01 1.066207614669649299e-02 1.979459638000000021e+00
2.490149922999999887e+01 1.647781861329868786e-02 2.053130359999999932e+00
2.488274695000000136e+01 5.033996640266650419e-02 2.115851632000000038e+00
2.484921807999999999e+01 8.188718911992970417e-02 2.143668358000000218e+00
2.481048177999999993e+01 1.053077942045723414e-01 2.164622969999999924e+00
2.477661175000000071e+01 1.200195157020327030e-01 2.184094332999999999e+00
2.475355150000000037e+01 1.254944552759330867e-01 2.198828656999999964e+00
2.474192757999999870e+01 1.241009196631479433e-01 2.207158574999999789e+00
2.447088211000000157e+01 6.629083774648013294e-02 2.199647559999999835e+00
2.448446080000000080e+01 7.185162441542793099e-02 2.192500116999999804e+00
2.452185071999999977e+01 8.230537740047760842e-02 2.179448615000000089e+00
2.457604243000000110e+01 9.033345868827467873e-02 2.157109748999999965e+00
2.463787702999999851e+01 9.423770624496589920e-02 2.128567486000000120e+00
2.469862047999999888e+01 9.600883042396542166e-02 2.098084699999999803e+00
2.475110683999999850e+01 9.721446546587059201e-02 2.070409356999999950e+00
2.478970585000000071e+01 9.788217195200890619e-02 2.049480065000000018e+00
2.481019862999999859e+01 9.798760161249332745e-02 2.037760732000000186e+00
2.481019883000000092e+01 9.798356395763073434e-02 2.036417833999999871e+00
2.478970946999999825e+01 9.786699350419075794e-02 2.045670569999999966e+00
2.475112080999999975e+01 9.718505658131497416e-02 2.064737167000000095e+00
2.469865066999999925e+01 9.597266724376182778e-02 2.091406743999999929e+00
2.463792321000000030e+01 9.421351077276977903e-02 2.121831069000000181e+00
2.457609624999999909e+01 9.033762564153242913e-02 2.151202204000000062e+00
2.452189784000000117e+01 8.233707917950035260e-02 2.175097538000000164e+00
2.448448553000000061e+01 7.188721623662210070e-02 2.190245952000000162e+00
2.448690849000000114e+01 7.129679993926507642e-02 2.331194330999999842e+00
2.449666919999999948e+01 8.104914849537563082e-02 2.244889676000000112e+00
2.453224721999999858e+01 9.232557230006765980e-02 2.187091661000000187e+00
2.458642242000000167e+01 9.783556714043126212e-02 2.146935433999999976e+00
2.464824291000000045e+01 9.789607196881022766e-02 2.110608569000000045e+00
2.470811795999999916e+01 9.603774161898148698e-02 2.076842570000000165e+00
2.475873263000000080e+01 9.526716197525426921e-02 2.048348997000000171e+00
2.479499420000000143e+01 9.638710374317746576e-02 2.027963525000000100e+00
2.481379851000000158e+01 9.801362119274577289e-02 2.017030568000000024e+00
2.481379886999999940e+01 9.800056806740611859e-02 2.015705397000000065e+00
2.479498381000000151e+01 9.636026909131639728e-02 2.024192039999999970e+00
2.475868592000000135e+01 9.524517958501312054e-02 2.042750595999999863e+00
2.470800947000000036e+01 9.602804602514279642e-02 2.070376602000000066e+00
2.464805112000000165e+01 9.790877074596122942e-02 2.104393990999999797e+00
2.458612413000000174e+01 9.788085155187126185e-02 2.142078324999999950e+00
2.453181492999999946e+01 9.236263817201831317e-02 2.184502439000000074e+00
2.449611900000000020e+01 8.099763690258514337e-02 2.244277775000000030e+00
2.452431801999999905e+01 8.195813388113008802e-02 2.317614067000000055e+00
2.453371964999999832e+01 9.253917979368972424e-02 2.269075303999999793e+00
2.456589767999999907e+01 1.092137003880413043e-01 2.191482881000000216e+00
2.461823186999999891e+01 1.157981971779348529e-01 2.121412143000000139e+00
2.467895272000000162e+01 1.092857276496749658e-01 2.062104403000000197e+00
2.473591638999999986e+01 9.721436301739456998e-02 2.015619875000000061e+00
2.478091964000000047e+01 8.972920734298497902e-02 1.983401723000000061e+00
2.481040902000000159e+01 9.141364991976112797e-02 1.964827126000000090e+00
2.482447412999999869e+01 9.629740858542217008e-02 1.956636389000000031e+00
2.482447051999999843e+01 9.628111272469143389e-02 1.955376573999999978e+00
2.481037582000000086e+01 9.137656485724443556e-02 1.961189934999999940e+00
2.478080036000000064e+01 8.971287078870102127e-02 1.978011085999999974e+00
2.473565388000000098e+01 9.723989691445865391e-02 2.009700334999999782e+00
2.467852683999999996e+01 1.093138097254408997e-01 2.057102834000000158e+00
2.461767638999999974e+01 1.157713014679704472e-01 2.118358571999999995e+00
2.456529910000000072e+01 1.091448015575042368e-01 2.190385229999999961e+00
2.453324783000000053e+01 9.259667194984826100e-02 2.268757245999999839e+00
2.457853545000000040e+01 9.025101162661945675e-02 2.295171288000000143e+00
2.458848395000000053e+01 9.791376200932101759e-02 2.263752799000000149e+00
2.461934680999999969e+01 1.160173889347702186e-01 2.189106545000000015e+00
2.466919568999999868e+01 1.289515208787353207e-01 2.095766486000000040e+00
2.472757045999999903e+01 1.231324440681093590e-01 2.000100193999999831e+00
2.477973831999999987e+01 1.005343629016981766e-01 1.922951179000000010e+00
2.481555558000000161e+01 8.157734369996545720e-02 1.879776732000000061e+00
2.483430784000000102e+01 8.204712447162269828e-02 1.865168922999999923e+00
2.484130176000000034e+01 8.902406892412799422e-02 1.862758576999999915e+00
2.484129121999999867e+01 8.900812191120927030e-02 1.861612615999999942e+00
2.483424747000000110e+01 8.199450766664197199e-02 1.861769114999999974e+00
2.481535969000000108e+01 8.155664082043213858e-02 1.874742216000000017e+00
2.477931802000000161e+01 1.005941571871380585e-01 1.918000770999999993e+00
2.472695253999999920e+01 1.231269914292719980e-01 1.996921973999999933e+00
2.466853083999999896e+01 1.288728201104022142e-01 2.094606156999999858e+00
2.461879097999999999e+01 1.160117786765103576e-01 2.189135122999999794e+00
2.458815725999999913e+01 9.799639364078185921e-02 2.264006777000000081e+00
2.464041398000000171e+01 9.442880661366319373e-02 2.268012240000000013e+00
2.465058827000000008e+01 9.807008610485214162e-02 2.246499131000000204e+00
2.468082250999999872e+01 1.095084950663095524e-01 2.185828890999999885e+00
2.472868818999999974e+01 1.233626771878483519e-01 2.089970811000000150e+00
2.478538835000000162e+01 1.258772011932896284e-01 1.960395163000000052e+00
2.483396484000000015e+01 1.035348986414097450e-01 1.820774080000000072e+00
2.485868389999999906e+01 7.287160327118448466e-02 1.746217708999999951e+00
2.486345165999999907e+01 6.860898380181196243e-02 1.740891605999999925e+00
2.486192194999999927e+01 7.337319299450424659e-02 1.748854423000000047e+00
2.486190294000000023e+01 7.335793064112085260e-02 1.747885034999999920e+00
2.486336597000000026e+01 6.853105877301483850e-02 1.737856808000000086e+00
2.485841704999999990e+01 7.282897393130030594e-02 1.741708130999999993e+00
2.483338737000000052e+01 1.036090378457229788e-01 1.817592196999999965e+00
2.478466228999999998e+01 1.258202014825043902e-01 1.959749766999999920e+00
2.472806990000000127e+01 1.233187434215582273e-01 2.090723971000000070e+00
2.468041142999999948e+01 1.095542883227484526e-01 2.186891549999999906e+00
2.465038919999999933e+01 9.813109918971721357e-02 2.247193161999999855e+00
2.470121629999999868e+01 9.644673416331343840e-02 2.240060399999999952e+00
2.471062947000000065e+01 9.643026756997445659e-02 2.225472910000000137e+00
2.473824095000000156e+01 9.750725598733352151e-02 2.182537341000000186e+00
2.478173766000000100e+01 1.007284756419961902e-01 2.109038184000000093e+00
2.483535691000000156e+01 1.036683932464062402e-01 1.993630349000000024e+00
2.488611124999999902e+01 9.752102093071177147e-02 1.790671917999999918e+00
2.490447113000000101e+01 6.717862840450870843e-02 1.597891080999999991e+00
2.489278510000000111e+01 5.531360114940822581e-02 1.621391025000000097e+00
2.488237803000000170e+01 5.030943963406081521e-02 1.643676759999999959e+00
2.488234974999999949e+01 5.028918126746693279e-02 1.643001552000000087e+00
2.489268317999999880e+01 5.521185881425241110e-02 1.618961069000000030e+00
2.490415039999999891e+01 6.709647736449361743e-02 1.594055398999999928e+00
2.488537506000000121e+01 9.752540985389616945e-02 1.791505832999999992e+00
2.483468062000000032e+01 1.035684609271363688e-01 1.996292420000000067e+00
2.478129035999999985e+01 1.006702019528045167e-01 2.111778686000000071e+00
2.473800363999999874e+01 9.751500901620616113e-02 2.184564023000000077e+00
2.471053553999999863e+01 9.645519315888133327e-02 2.226515153999999885e+00
2.475376501999999945e+01 9.783479876216066851e-02 2.215227429000000026e+00
2.476134726000000086e+01 9.587108248699394153e-02 2.205673997999999969e+00
2.478346263999999977e+01 9.023519264627405390e-02 2.178286772999999954e+00
2.481798862000000128e+01 8.185881978970298289e-02 2.133526794999999865e+00
2.486093410000000148e+01 7.275774946029546497e-02 2.073491150000000172e+00
2.490643018999999825e+01 6.658890036037262705e-02 2.003420231999999856e+00
2.494569751999999951e+01 6.741372376738280492e-02 1.583235001000000031e+00
2.491444011000000103e+01 4.620267597936623949e-02 1.614233076999999961e+00
2.489746032000000042e+01 2.534075443668801567e-02 1.612212434999999999e+00
2.489741769000000104e+01 2.527371949223023578e-02 1.612205110999999969e+00
2.491431769000000074e+01 4.610786201417947650e-02 1.614159883999999989e+00
2.494550229000000030e+01 6.735021852362613193e-02 1.557615849000000052e+00
2.490573037000000056e+01 6.633906435155965953e-02 2.010249673000000126e+00
2.486044911999999840e+01 7.244682307669322863e-02 2.079536757000000069e+00
2.481773819000000003e+01 8.164318723365583674e-02 2.138033667999999832e+00
2.478337859999999893e+01 9.013483650057682595e-02 2.181113886999999973e+00
2.476133637999999948e+01 9.584009945595128865e-02 2.206995742000000149e+00
2.479241693000000168e+01 9.861091132079785604e-02 2.196801331000000079e+00
2.479766349000000147e+01 9.714578964948475392e-02 2.190434235000000118e+00
2.481300837999999942e+01 9.218291551838092568e-02 2.172980130000000010e+00
2.483680900999999963e+01 8.276255403467733252e-02 2.145924196999999811e+00
2.486579782000000094e+01 6.915971000763836141e-02 2.114583292999999919e+00
2.489486421999999877e+01 5.562895189462045004e-02 2.093270326999999931e+00
2.491592818999999892e+01 4.633027871240913420e-02 2.095452041000000154e+00
2.491397965999999897e+01 2.953585702560008325e-02 1.913430042000000109e+00
2.490144434999999845e+01 1.284391487699725401e-02 1.750056365999999919e+00
2.490136370999999826e+01 1.263271755473620826e-02 1.751540915999999948e+00
2.491368428999999907e+01 2.944487681324053224e-02 1.919941628999999983e+00
2.491533568999999915e+01 4.634234369500631057e-02 2.104909252000000119e+00
2.489430750000000003e+01 5.536533308830644123e-02 2.102735582999999853e+00
2.486545711999999853e+01 6.882245702601093307e-02 2.122455441000000054e+00
2.483669287000000026e+01 8.247458197490618870e-02 2.151528970999999846e+00
2.481302982000000057e+01 9.198744004639237970e-02 2.176356982000000162e+00
2.479771110000000078e+01 9.705016421268837512e-02 2.191962100000000024e+00
2.481294332999999952e+01 9.876178311790378972e-02 2.187033619999999789e+00
2.481648767000000078e+01 9.886041895910821498e-02 2.182053343999999839e+00
2.482706281999999831e+01 9.723659150652315397e-02 2.168763302999999976e+00
2.484375706999999878e+01 8.999633609284361790e-02 2.148239409999999960e+00
2.486419043000000073e+01 7.425962925866223807e-02 2.124221475000000137e+00
2.488435623000000163e+01 5.095373822796539498e-02 2.104671391000000114e+00
2.489895612000000114e+01 2.546661501795162083e-02 2.093640662999999957e+00
2.490214306000000022e+01 1.265555065940244563e-02 2.032166534999999996e+00
2.489672961000000129e+01 2.017892563790671737e-02 1.906933916000000062e+00
2.489660265999999922e+01 2.006053047121890073e-02 1.909115292999999935e+00
2.490173190000000147e+01 1.257961714634152350e-02 2.038555090000000014e+00
2.489837247999999903e+01 2.548808715385265586e-02 2.102823454000000147e+00
2.488385626000000173e+01 5.080980456838826709e-02 2.114480099000000113e+00
2.486391539999999978e+01 7.404348776621259842e-02 2.132623461000000109e+00
2.484370575999999886e+01 8.975484181047761745e-02 2.154291552000000110e+00
2.482713838000000095e+01 9.701932840142969694e-02 2.172411558999999937e+00
2.481656682999999930e+01 9.872848125637978534e-02 2.183695071999999904e+00
2.443275763000000111e+01 4.557022908960601387e-02 2.203184985000000040e+00
2.444984364000000099e+01 6.471001478101021109e-02 2.196225214000000037e+00
2.449737002000000174e+01 9.418150910882544524e-02 2.179119306000000034e+00
2.456636608999999893e+01 1.136728874615790807e-01 2.151346454000000019e+00
2.464518225000000129e+01 1.192620543009124401e-01 2.116899679999999950e+00
2.472258416000000025e+01 1.129123009274762973e-01 2.081136757999999976e+00
2.478931627000000049e+01 9.830031665722523126e-02 2.049586194999999833e+00
2.483822284000000025e+01 7.994156999972631961e-02 2.026435225000000173e+00
2.486410736999999926e+01 6.551885560132189590e-02 2.013970465999999959e+00
2.486410627000000062e+01 6.551867221535327690e-02 2.013077605999999964e+00
2.483822182000000112e+01 7.993560717275251248e-02 2.023887798000000071e+00
2.478932069000000027e+01 9.828375106668468808e-02 2.045750985000000188e+00
2.472259903000000136e+01 1.128896420714092658e-01 2.076548217000000029e+00
2.464520857000000120e+01 1.192447998617797295e-01 2.112174626999999916e+00
2.456639905999999840e+01 1.136726837047960237e-01 2.147105853999999869e+00
2.449739994999999837e+01 9.420293862778138239e-02 2.175930392000000158e+00
2.444985898999999918e+01 6.474283486506839103e-02 2.194568674000000108e+00
2.445273222999999874e+01 6.439655614155916086e-02 2.341478980000000210e+00
2.446016934000000020e+01 6.909721741428725972e-02 2.251391499999999990e+00
2.450231829000000161e+01 9.605565169685208182e-02 2.197005616999999855e+00
2.457079287999999906e+01 1.169535589658701469e-01 2.148860741000000019e+00
2.465059573999999998e+01 1.216080946802834961e-01 2.103245862000000077e+00
2.472851766999999867e+01 1.131719825809394397e-01 2.061865524999999977e+00
2.479467693000000139e+01 9.675007774439163544e-02 2.027994220000000070e+00
2.484228582000000074e+01 7.803127760328401608e-02 2.004340757000000028e+00
2.486709495999999930e+01 6.465058767236235571e-02 1.992028675000000026e+00
2.486708821999999941e+01 6.464689584880789486e-02 1.991143265000000051e+00
2.484225273999999928e+01 7.804319557630505499e-02 2.001825875000000199e+00
2.479458909999999960e+01 9.679496759634248493e-02 2.024270834999999824e+00
2.472834878000000103e+01 1.132437038923388983e-01 2.057588362000000171e+00
2.465032994999999971e+01 1.217014382092563574e-01 2.099205394999999807e+00
2.457042505000000077e+01 1.170550334612331794e-01 2.145849457999999821e+00
2.450185563000000144e+01 9.610625208266221353e-02 2.195552392999999824e+00
2.445964724999999973e+01 6.904729818716985601e-02 2.251045817000000060e+00
2.450027988000000079e+01 9.404018364085979520e-02 2.324233754999999846e+00
2.450375650000000149e+01 9.688250785896662665e-02 2.263976233999999810e+00
2.453363570000000138e+01 1.063964614150230970e-01 2.195306262999999980e+00
2.459368317999999931e+01 1.224988697050790609e-01 2.129444063000000220e+00
2.467031877000000151e+01 1.261493049568437608e-01 2.064153292999999945e+00
2.474680499000000111e+01 1.133603564286278509e-01 2.006952867999999945e+00
2.481019520999999983e+01 9.170217686212876751e-02 1.964619405000000096e+00
2.485362742999999952e+01 7.158934851636765406e-02 1.938829246000000062e+00
2.487517684000000173e+01 6.096690490465275086e-02 1.927048813000000083e+00
2.487516288000000131e+01 6.096211847280384732e-02 1.926188993000000016e+00
2.485355794999999901e+01 7.162291179177676659e-02 1.936405924000000001e+00
2.481000923999999941e+01 9.181473871394063568e-02 1.961174286000000100e+00
2.474645956000000169e+01 1.135009318010293811e-01 2.003367899000000119e+00
2.466982901000000084e+01 1.262297296786776268e-01 2.061292193999999967e+00
2.459311557999999920e+01 1.224747132943501543e-01 2.127738443999999784e+00
2.453306578999999843e+01 1.063274361454876193e-01 2.194595006000000126e+00
2.450327817999999880e+01 9.695184033848160132e-02 2.263513790999999831e+00
2.456930413999999985e+01 1.136782831049426429e-01 2.296814716000000089e+00
2.457299606999999853e+01 1.175353741206629915e-01 2.254106424999999803e+00
2.459473286000000058e+01 1.230490524560670373e-01 2.177817356999999898e+00
2.464243791000000172e+01 1.298000705691086387e-01 2.095582164000000081e+00
2.470874994000000058e+01 1.289420424051852809e-01 2.008220080000000074e+00
2.477790090999999961e+01 1.114038542605291088e-01 1.925453724000000033e+00
2.483423992999999896e+01 8.222387026786509567e-02 1.864326311999999986e+00
2.486988214000000141e+01 5.904474835310150049e-02 1.832831488000000064e+00
2.488585297999999923e+01 5.217943388118036901e-02 1.822310858000000033e+00
2.488583119000000110e+01 5.217411259786943617e-02 1.821494508000000012e+00
2.486977497999999898e+01 5.909971235581470972e-02 1.830566222000000076e+00
2.483395657999999884e+01 8.240082616838484419e-02 1.861361948000000099e+00
2.477740571000000003e+01 1.115548188290382964e-01 1.922874680000000058e+00
2.470812437000000017e+01 1.289449603930206967e-01 2.006602366000000082e+00
2.464180616000000157e+01 1.297263437805903363e-01 2.094837526000000061e+00
2.459418678999999841e+01 1.230488753241190669e-01 2.177554177000000202e+00
2.457263204999999928e+01 1.176674875562886829e-01 2.253892067000000221e+00
2.464816662999999863e+01 1.193880103489848715e-01 2.264260181000000038e+00
2.465323139999999924e+01 1.219753672798490202e-01 2.234293388999999852e+00
2.467221555000000066e+01 1.267847543477055028e-01 2.162012354999999886e+00
2.470976613999999927e+01 1.294375080262908095e-01 2.067581314999999975e+00
2.476262867999999884e+01 1.245870635977431584e-01 1.956596875000000013e+00
2.481906362000000144e+01 1.044735744010218820e-01 1.837255719000000065e+00
2.486359991000000136e+01 6.863197874681882527e-02 1.738526840000000018e+00
2.488756734000000037e+01 3.980664111612608469e-02 1.693205304999999994e+00
2.489564887999999954e+01 3.675809041750507239e-02 1.685687614999999973e+00
2.489561999000000014e+01 3.674852509062405403e-02 1.684930290000000053e+00
2.488742560000000026e+01 3.987179855335382106e-02 1.691175187000000024e+00
2.486322572999999991e+01 6.885110639403213550e-02 1.736349603999999935e+00
2.481845616000000021e+01 1.045759156698502640e-01 1.836016442000000026e+00
2.476194926000000152e+01 1.245447086835569928e-01 1.956222707000000005e+00
2.470916420000000002e+01 1.294193124996212974e-01 2.067644048000000012e+00
2.467176801000000097e+01 1.268725518276511699e-01 2.162174974000000027e+00
2.465298534000000075e+01 1.220923578839453322e-01 2.234371995000000055e+00
2.472562758999999843e+01 1.131379445047674126e-01 2.231406255000000005e+00
2.473140808999999862e+01 1.134800782523621154e-01 2.211144034999999786e+00
2.474932510000000008e+01 1.138521730273043819e-01 2.153856768999999893e+00
2.477985995999999957e+01 1.120226300622580440e-01 2.064449919999999938e+00
2.482022252000000151e+01 1.049715760151644778e-01 1.943260095000000076e+00
2.486243890000000079e+01 8.831294315096065162e-02 1.786313540999999949e+00
2.489328742000000005e+01 5.522684019146125584e-02 1.615134835000000102e+00
2.490299974999999932e+01 1.998967782754424924e-02 1.533166094000000035e+00
2.490131394999999870e+01 1.655238517767462780e-02 1.533786101000000013e+00
2.490128053000000108e+01 1.651225767331498950e-02 1.533088854000000056e+00
2.490283223999999862e+01 1.998017370822446903e-02 1.531445928999999984e+00
2.489282924000000108e+01 5.541590129806204384e-02 1.614400145000000064e+00
2.486177130000000091e+01 8.833400084306371192e-02 1.786838337999999915e+00
2.481958112999999955e+01 1.049562332841116052e-01 1.944172036999999964e+00
2.477937096999999866e+01 1.120850946688940752e-01 2.065333107999999918e+00
2.474901549000000145e+01 1.139648835753040573e-01 2.154508545000000108e+00
2.473126209999999858e+01 1.135620771145893632e-01 2.211482580999999836e+00
2.479241863000000023e+01 9.861201123784252287e-02 2.202776217999999897e+00
2.479771854999999903e+01 9.707944144123416275e-02 2.189642645000000165e+00
2.481308807999999999e+01 9.205755426400465125e-02 2.150580172000000179e+00
2.483687267999999904e+01 8.260307871233653343e-02 2.084652156000000200e+00
2.486580048000000076e+01 6.901469100849469407e-02 1.988383379999999923e+00
2.489475459000000157e+01 5.556262375246277807e-02 1.847082077000000044e+00
2.491562254999999837e+01 4.631933583957691114e-02 1.598343762999999917e+00
2.491362606999999940e+01 2.954933533306026636e-02 1.373962528999999932e+00
2.490124399000000111e+01 1.278907781286020735e-02 1.403932407000000104e+00
2.490121041000000091e+01 1.269334479221376905e-02 1.403276487999999933e+00
2.491344842000000170e+01 2.938628790914594655e-02 1.372554859000000071e+00
2.491507118000000176e+01 4.629679720223055933e-02 1.600881937999999893e+00
2.489412022000000135e+01 5.551943520154304507e-02 1.849634935999999952e+00
2.486529163999999881e+01 6.903736660843484696e-02 1.990709813000000050e+00
2.483654307999999844e+01 8.266975292496557548e-02 2.086446962000000127e+00
2.481291372999999822e+01 9.212724051071247144e-02 2.151727816999999821e+00
2.479764937999999930e+01 9.712120214311383004e-02 2.190184384000000151e+00
2.484137197000000086e+01 8.034216425557103025e-02 2.181886736000000049e+00
2.484540784000000002e+01 7.842822319767310535e-02 2.173327838000000067e+00
2.485668245000000098e+01 7.194356485250949507e-02 2.148159884000000019e+00
2.487281165999999999e+01 5.928827459308735892e-02 2.106455948999999883e+00
2.489027752000000149e+01 3.981337388817632328e-02 2.049635788999999875e+00
2.490536803000000177e+01 1.942743609111577743e-02 1.982000404999999965e+00
2.491554354000000160e+01 2.901814558512505818e-02 1.911254897999999924e+00
2.491885818000000086e+01 5.270862613948086584e-02 1.362268422999999951e+00
2.489541841999999860e+01 2.674581424932927567e-02 1.446280886999999904e+00
2.489537977999999896e+01 2.665997106732216626e-02 1.446658331999999936e+00
2.491874660999999946e+01 5.259790507560965084e-02 1.351860048999999897e+00
2.491498889000000005e+01 2.874366447147700884e-02 1.916051190999999987e+00
2.490486628000000024e+01 1.930363459248113367e-02 1.986577674999999932e+00
2.488992598000000100e+01 3.980656854625194002e-02 2.053385362000000214e+00
2.487262252000000018e+01 5.928102062613119227e-02 2.109074983999999819e+00
2.485661012999999997e+01 7.193437403328466206e-02 2.149699945000000056e+00
2.484539164999999983e+01 7.842283942791074269e-02 2.174009476000000163e+00
2.486728440999999989e+01 6.600274494500885103e-02 2.170942661999999856e+00
2.487024865000000062e+01 6.513597459018949376e-02 2.164498206999999841e+00
2.487827217999999974e+01 6.142640323691179322e-02 2.145978298999999812e+00
2.488883866000000111e+01 5.256714770340744497e-02 2.116351300999999907e+00
2.489844245999999828e+01 3.703109310489624550e-02 2.079125191000000150e+00
2.490380810999999994e+01 1.674522196306249544e-02 2.043653506000000064e+00
2.490333425000000034e+01 1.296542731277373385e-02 2.032925951999999814e+00
2.489684275999999841e+01 2.693665700718471737e-02 2.067349489999999790e+00
2.488425391999999903e+01 2.625825640286385751e-02 1.830913741000000039e+00
2.488415526000000000e+01 2.606367109567125223e-02 1.833968503999999999e+00
2.489647414999999953e+01 2.665546268214428333e-02 2.072046573999999808e+00
2.490287046999999987e+01 1.278887941447597563e-02 2.039043368000000189e+00
2.490341615999999902e+01 1.694569334656849738e-02 2.049473711000000087e+00
2.489819857999999897e+01 3.709806201339162918e-02 2.083717543000000116e+00
2.488873893999999964e+01 5.253613085134901939e-02 2.119448268000000191e+00
2.487826210000000060e+01 6.136419833885150416e-02 2.147740696000000060e+00
2.487026399000000154e+01 6.509266453358000803e-02 2.165257027000000001e+00
2.441166433000000069e+01 1.625466248495486751e-02 2.205424036999999782e+00
2.443071348000000143e+01 5.762497176331370097e-02 2.197892883999999825e+00
2.448390858000000136e+01 1.007302277972782212e-01 2.178001752000000124e+00
2.456106348999999867e+01 1.264456716392764191e-01 2.147073574000000207e+00
2.464907861000000011e+01 1.327694176390960545e-01 2.109489658999999850e+00
2.473536366000000086e+01 1.222246818976882171e-01 2.071147182999999892e+00
2.480960268000000113e+01 9.866063263200287869e-02 2.037914366999999949e+00
2.486390262000000106e+01 6.590416460506431928e-02 2.014020790000000005e+00
2.489260029000000074e+01 3.069623560499248893e-02 2.001578673000000030e+00
2.489259968000000001e+01 3.069805650667372168e-02 2.001265468999999797e+00
2.486390163000000086e+01 6.590357642170475982e-02 2.013124613000000007e+00
2.480960333999999889e+01 9.865569370987101183e-02 2.036557267000000060e+00
2.473536793999999972e+01 1.222170165961190408e-01 2.069508729999999908e+00
2.464908710999999997e+01 1.327630132542788610e-01 2.107781303999999967e+00
2.456107469000000165e+01 1.264449776833597161e-01 2.145517228000000109e+00
2.448391900000000021e+01 1.007379277465066947e-01 2.176814897999999943e+00
2.443071872000000155e+01 5.763969592859708585e-02 2.197276855999999778e+00
2.443389844000000011e+01 5.759594383100377635e-02 2.348762826999999831e+00
2.443997592999999924e+01 5.750371731662770602e-02 2.255085495999999967e+00
2.448546951999999877e+01 9.706596194335942451e-02 2.203035324000000017e+00
2.456150163999999947e+01 1.280735305414990866e-01 2.150739356999999963e+00
2.465108419999999967e+01 1.356951463872810293e-01 2.099556178999999911e+00
2.473881174999999999e+01 1.238706236339496419e-01 2.053737524000000203e+00
2.481330847999999989e+01 9.857010280433138594e-02 2.017070094000000147e+00
2.486692409000000126e+01 6.497681117801967776e-02 1.992027671000000000e+00
2.489488371999999927e+01 3.046583971614724023e-02 1.979407890999999919e+00
2.489487358999999955e+01 3.048536290827524517e-02 1.979099238000000094e+00
2.486687921000000046e+01 6.503640250198780559e-02 1.991159126999999973e+00
2.481319707999999835e+01 9.867137260508711261e-02 2.015808932000000109e+00
2.473860574000000057e+01 1.239986367950320356e-01 2.052340237000000123e+00
2.465077189000000146e+01 1.358299290006456939e-01 2.098330382999999966e+00
2.456109234999999913e+01 1.281801449226802059e-01 2.149972615999999892e+00
2.448499251999999871e+01 9.709415533665599618e-02 2.202843511999999837e+00
2.443947346999999937e+01 5.746379444090939093e-02 2.255092594999999811e+00
2.448709838999999988e+01 1.007216947685043162e-01 2.328547082000000046e+00
2.448684124000000040e+01 9.815842004329930481e-02 2.260497739999999922e+00
2.451580556000000044e+01 1.031631424571415601e-01 2.197424476000000126e+00
2.457970530000000053e+01 1.256820122967275966e-01 2.133967118999999801e+00
2.466431001000000123e+01 1.364415938766129210e-01 2.066348500000000143e+00
2.475095020999999917e+01 1.249594176647310650e-01 2.003915611000000041e+00
2.482413577000000160e+01 9.668986218199956961e-02 1.956314040000000087e+00
2.487505305999999905e+01 6.120948334713501721e-02 1.926886824999999970e+00
2.490062697000000114e+01 2.853563397264808482e-02 1.913529400000000047e+00
2.490060705999999868e+01 2.857428926462706603e-02 1.913232298000000053e+00
2.487496366999999964e+01 6.133063915955529882e-02 1.926080208999999988e+00
2.482391682000000088e+01 9.688062647292125518e-02 1.955247141999999938e+00
2.475057050999999930e+01 1.251415500536490755e-01 2.002916372000000056e+00
2.466380245999999943e+01 1.365281873273289093e-01 2.065649620999999936e+00
2.457914564000000013e+01 1.256572637824004690e-01 2.133602903999999967e+00
2.451526196000000013e+01 1.031092902003080958e-01 2.197255297999999968e+00
2.448637802000000008e+01 9.823728639307691135e-02 2.260127628000000222e+00
2.456426858000000024e+01 1.264829829389723659e-01 2.298072209999999949e+00
2.456372302000000118e+01 1.289730844888675176e-01 2.246784297000000041e+00
2.458069655999999981e+01 1.263470469269647178e-01 2.171666247000000105e+00
2.462768129000000172e+01 1.294485342055735899e-01 2.095436803000000126e+00
2.469777372000000071e+01 1.319622479723327468e-01 2.012363816000000138e+00
2.477478453999999886e+01 1.193814700782490079e-01 1.929051508999999998e+00
2.484117085000000102e+01 8.922009970613153929e-02 1.861527337999999920e+00
2.488579414000000156e+01 5.230706684422935238e-02 1.821773596000000106e+00
2.490685059999999851e+01 2.272212041344419051e-02 1.806486669000000100e+00
2.490682139999999833e+01 2.278357960685298625e-02 1.806208883000000043e+00
2.488566211999999922e+01 5.249032090992886146e-02 1.821079118999999968e+00
2.484085742999999979e+01 8.946736446862141312e-02 1.860775422999999984e+00
2.477428504999999959e+01 1.195422897942850921e-01 1.928525239000000058e+00
2.469717689000000149e+01 1.319770411955961953e-01 2.012078352000000070e+00
2.462709019000000055e+01 1.294016450119656880e-01 2.095279804000000023e+00
2.458018003000000107e+01 1.263638460990330337e-01 2.171493643999999890e+00
2.456335868000000033e+01 1.291201495660755927e-01 2.246426288999999965e+00
2.465231959999999845e+01 1.328481368561960363e-01 2.262392859999999839e+00
2.465383895000000081e+01 1.362461705002859791e-01 2.225479532000000038e+00
2.466617356000000072e+01 1.372871162859971850e-01 2.147505155999999804e+00
2.469872755000000097e+01 1.325428582337622452e-01 2.056417016999999792e+00
2.475011781999999982e+01 1.232414013515313878e-01 1.954456835000000003e+00
2.480962932999999992e+01 1.048987846938445601e-01 1.845068640999999898e+00
2.486207707999999883e+01 7.336538745089621338e-02 1.745698999000000029e+00
2.489568295000000120e+01 3.671458417941480395e-02 1.684336497000000099e+00
2.490971739000000085e+01 1.320923770917543580e-02 1.664507308999999990e+00
2.490968059000000068e+01 1.330007963720356359e-02 1.664257416000000100e+00
2.489551390000000097e+01 3.696045863957921757e-02 1.683839204000000089e+00
2.486169034999999994e+01 7.362698298054894119e-02 1.745422845000000001e+00
2.480906535000000090e+01 1.050099804256387770e-01 1.845044566000000108e+00
2.474950499999999920e+01 1.232414610713040981e-01 1.954484023000000015e+00
2.469817245000000128e+01 1.325593336673823175e-01 2.056376606000000162e+00
2.466573930999999931e+01 1.373871650708319014e-01 2.147346402000000154e+00
2.465358376000000007e+01 1.363854848343015458e-01 2.225252181000000107e+00
2.473865544999999955e+01 1.223260007696417018e-01 2.226827008999999968e+00
2.474188562999999874e+01 1.241941722560220007e-01 2.201747775999999934e+00
2.475351983999999916e+01 1.256401378005753688e-01 2.134977308999999934e+00
2.477667502999999982e+01 1.201952332835754117e-01 2.039756194000000189e+00
2.481067722999999958e+01 1.054853762635097891e-01 1.921943492000000031e+00
2.484948537000000002e+01 8.195913367632788604e-02 1.783582790999999945e+00
2.488293097000000031e+01 5.017477998398238437e-02 1.636732062999999959e+00
2.490148721999999992e+01 1.620313539690523830e-02 1.530545205999999991e+00
2.490625567000000018e+01 1.072449095798259401e-02 1.499947946000000032e+00
2.490621460999999925e+01 1.075280871111797265e-02 1.499733253999999905e+00
2.490129102999999944e+01 1.649982469538377461e-02 1.530420850000000055e+00
2.488250078000000087e+01 5.039252608512611448e-02 1.637148870000000089e+00
2.484891786000000025e+01 8.203754727650988676e-02 1.784017812000000092e+00
2.481011866000000055e+01 1.055417675605122563e-01 1.922176005999999937e+00
2.477621780999999856e+01 1.203013948562301899e-01 2.039806646000000168e+00
2.475320398999999938e+01 1.257809202659993797e-01 2.134916642999999947e+00
2.474172489000000041e+01 1.242995759416291313e-01 2.201672433000000151e+00
2.481294590999999983e+01 9.876398406053614465e-02 2.196181902000000186e+00
2.481656493999999924e+01 9.876576984970210360e-02 2.179918536000000184e+00
2.482716385000000159e+01 9.708301000656130442e-02 2.131758116999999952e+00
2.484381345999999979e+01 8.982785372503596100e-02 2.052568804999999941e+00
2.486413552999999865e+01 7.410850221597609089e-02 1.941730522000000070e+00
2.488414093000000094e+01 5.083224194750778080e-02 1.794423289000000032e+00
2.489856015000000156e+01 2.538708814290616816e-02 1.598796281000000041e+00
2.490165294999999901e+01 1.281895246298291914e-02 1.395003991999999915e+00
2.489635115999999826e+01 2.028707245436063913e-02 1.333468268999999928e+00
2.489631088999999875e+01 2.023192534518144028e-02 1.333285873999999982e+00
2.490144109999999955e+01 1.264398855087056801e-02 1.395748057000000042e+00
2.489813076000000081e+01 2.544621660469119709e-02 1.599986450000000060e+00
2.488364844000000176e+01 5.093816932156841615e-02 1.795089589999999902e+00
2.486370438999999877e+01 7.425807498170518273e-02 1.942121683999999959e+00
2.484349841999999953e+01 8.998668866841366687e-02 2.052804103999999796e+00
2.482697049000000078e+01 9.721322042737942648e-02 2.131885406999999955e+00
2.481647614999999973e+01 9.883824152567695365e-02 2.179971928000000059e+00
2.486728520000000131e+01 6.600457825262033562e-02 2.174029132999999891e+00
2.487027305999999882e+01 6.509936949382434668e-02 2.163419612999999853e+00
2.487830087000000034e+01 6.137040414596524329e-02 2.131307877999999878e+00
2.488884316000000041e+01 5.252312835809670732e-02 2.076607008999999948e+00
2.489839103999999992e+01 3.704971024501275273e-02 1.997770005000000015e+00
2.490367084000000020e+01 1.694082675047690889e-02 1.891134061999999894e+00
2.490307080999999911e+01 1.316875370388068470e-02 1.736189404999999963e+00
2.489634179000000103e+01 2.709122795773908146e-02 1.418585050999999986e+00
2.488380914000000033e+01 2.627989718979674427e-02 1.194334991999999929e+00
2.488377612000000028e+01 2.619423437624377946e-02 1.194116018999999973e+00
2.489611985000000161e+01 2.678748307993732494e-02 1.421521317999999923e+00
2.490272694000000087e+01 1.282245070446011610e-02 1.737307638000000098e+00
2.490333327999999824e+01 1.712566464089246981e-02 1.892018656999999937e+00
2.489812531999999834e+01 3.725514690518483968e-02 1.998532857999999912e+00
2.488866892000000064e+01 5.266974061468253365e-02 2.077161919999999995e+00
2.487820595999999895e+01 6.146040452030339385e-02 2.131638736000000200e+00
2.487023398999999912e+01 6.514194818387547548e-02 2.163565697000000121e+00
2.489600430999999858e+01 3.083157929698442795e-02 2.162494628000000141e+00
2.489826667999999898e+01 3.058595905529292239e-02 2.154528851999999883e+00
2.490393996999999970e+01 2.860278616955445191e-02 2.130673921000000082e+00
2.491001659000000146e+01 2.271635739370793383e-02 2.090893411000000146e+00
2.491262343000000001e+01 1.326996080765698374e-02 2.036320197000000221e+00
2.490877199999999903e+01 1.137956940845043056e-02 1.970715690000000020e+00
2.489838263000000040e+01 2.097415151263884794e-02 1.901410191000000083e+00
2.488536476999999891e+01 2.671148114687159694e-02 1.835253339000000095e+00
2.487487915999999899e+01 2.675551985393036236e-02 1.209991049999999957e+00
2.487486330999999851e+01 2.669442228306265208e-02 1.208068678999999923e+00
2.488520386000000073e+01 2.639066208370105526e-02 1.837027136999999977e+00
2.489818142000000023e+01 2.078319060893461800e-02 1.903133766999999921e+00
2.490859022000000067e+01 1.153091012661412035e-02 1.972305983999999901e+00
2.491249553000000105e+01 1.353806677112356568e-02 2.037577492000000046e+00
2.490994663000000031e+01 2.282796107440053859e-02 2.091739840999999878e+00
2.490391190000000066e+01 2.864122742415849132e-02 2.131151784000000049e+00
2.489825949000000094e+01 3.059615020512241809e-02 2.154732489999999778e+00
