4.264959196000000219e+01 0.000000000000000000e+00 1.760203997999999936e+00
4.255169833000000068e+01 2.659231022748327344e-01 1.802892823000000089e+00
4.233252394000000152e+01 3.637318226854028835e-01 1.864104058999999980e+00
4.208474271000000044e+01 3.643585099744738320e-01 1.907343202999999932e+00
4.185306124000000239e+01 3.211048484191245111e-01 1.935474432999999994e+00
4.165848145999999730e+01 2.563958501474012386e-01 1.953536975000000009e+00
4.151089850999999697e+01 1.827277530225314972e-01 1.964614775000000035e+00
4.141343229999999664e+01 1.079984405466495462e-01 1.970748412000000060e+00
4.136540600000000012e+01 3.554640215179519919e-02 1.973403025999999949e+00
4.255662865000000039e+01 2.660208570001367234e-01 1.772520346999999941e+00
4.255537592999999674e+01 1.662454290786364031e-01 1.817173550999999998e+00
4.236542063000000269e+01 3.631919319482173059e-01 1.876501328000000024e+00
4.212283836000000292e+01 3.769964442928928072e-01 1.914799547999999962e+00
4.189363672000000349e+01 3.410696863191702843e-01 1.940018880000000001e+00
4.170031620000000316e+01 2.848483528663882103e-01 1.955984143000000008e+00
4.155269968000000347e+01 2.230357532976663670e-01 1.965707378000000061e+00
4.145336383000000069e+01 1.645289313502212858e-01 1.971741350000000059e+00
4.140229915999999832e+01 1.179650312029265208e-01 1.975710698000000098e+00
4.233739795999999700e+01 3.637825447001869494e-01 1.836006988000000062e+00
4.237027172999999891e+01 3.619343738851114045e-01 1.840141841999999972e+00
4.240391928999999749e+01 1.307300459364074408e-01 1.887735109999999938e+00
4.223123787000000107e+01 3.816532872032240009e-01 1.911177429000000094e+00
4.201480405000000218e+01 3.882166476789958853e-01 1.926998736000000045e+00
4.182580895000000254e+01 3.526185187664248044e-01 1.939601769999999892e+00
4.167751304000000090e+01 3.084979046156325899e-01 1.949445163999999897e+00
4.157182454000000149e+01 2.620875445666497328e-01 1.958960413000000012e+00
4.151187142999999935e+01 2.183188827509773833e-01 1.968029685999999945e+00
4.208966743999999949e+01 3.641969611002198737e-01 1.878624373000000070e+00
4.212806931000000077e+01 3.765916815417246211e-01 1.875425756000000055e+00
4.223611790999999727e+01 3.791805256004489588e-01 1.876325092000000083e+00
4.233575169000000216e+01 1.205783879747819587e-02 1.905697884999999925e+00
4.220585925000000316e+01 4.240282378306644007e-01 1.907396357000000098e+00
4.202737238999999647e+01 4.309880091052837869e-01 1.913588513999999963e+00
4.187575362999999840e+01 3.979870873314218516e-01 1.925033929000000033e+00
4.175748277000000286e+01 3.519218888835811687e-01 1.940887723999999981e+00
4.168375921999999889e+01 3.021684430049063619e-01 1.956497437999999978e+00
4.185816387999999932e+01 3.207786874630910168e-01 1.904720817000000066e+00
4.189915780999999839e+01 3.407245977864383768e-01 1.898910372000000013e+00
4.202041016999999812e+01 3.877381035677139320e-01 1.887203627999999966e+00
4.221128405999999700e+01 4.218828335022377640e-01 1.871561363999999950e+00
4.240340628999999950e+01 1.467110871623271695e-01 1.878632834000000029e+00
4.229193528999999785e+01 4.975993926071933249e-01 1.880288439999999950e+00
4.213124813999999674e+01 4.699519428597839221e-01 1.896265654000000023e+00
4.199329638999999759e+01 4.187594444547640404e-01 1.920511901000000021e+00
4.190307218000000233e+01 3.612869816881780216e-01 1.941963778999999946e+00
4.166383878999999979e+01 2.559937099257886262e-01 1.920490036999999983e+00
4.170613732000000340e+01 2.845376972956681905e-01 1.913736574999999940e+00
4.183177242000000007e+01 3.524696243617821967e-01 1.898073746999999978e+00
4.203350114999999931e+01 4.308718189080012473e-01 1.873416363999999890e+00
4.229819401000000312e+01 4.972046597779095078e-01 1.842115640000000054e+00
4.259032481999999931e+01 2.549579399557545534e-01 1.833130305999999932e+00
4.241846044999999776e+01 5.060791335019241277e-01 1.867592603999999934e+00
4.225675437000000301e+01 4.530215230853060770e-01 1.899513299999999960e+00
4.215069122999999962e+01 3.891953450643223511e-01 1.924548528999999952e+00
4.151652527000000248e+01 1.823460651603799887e-01 1.929653175999999970e+00
4.155880196999999754e+01 2.227807322714399629e-01 1.923027215999999928e+00
4.168373018999999857e+01 3.084542354490580340e-01 1.907141693000000027e+00
4.188210424999999759e+01 3.980294470254345240e-01 1.883509429000000068e+00
4.213768275000000330e+01 4.699910527408355243e-01 1.855884864000000078e+00
4.242479988000000191e+01 5.058483520649226239e-01 1.828908954999999947e+00
4.266329295999999971e+01 6.567698261483513600e-02 1.834490248000000046e+00
4.251951399000000009e+01 4.403240068851543842e-01 1.877926015999999976e+00
4.240244103999999936e+01 3.757728510268789068e-01 1.904031006999999942e+00
4.141928181000000109e+01 1.077265211081846891e-01 1.934512363999999929e+00
4.145972469000000160e+01 1.642805063392507314e-01 1.929173975999999957e+00
4.157822769999999934e+01 2.620092436279246040e-01 1.916311745000000011e+00
4.176389912999999865e+01 3.518526187338133493e-01 1.898366095000000087e+00
4.199961829000000080e+01 4.186129693399776586e-01 1.878395483999999893e+00
4.226281407999999828e+01 4.527337096365603442e-01 1.858137141000000048e+00
4.252508204000000092e+01 4.394905036237448659e-01 1.838085447999999955e+00
4.271977033000000290e+01 6.237482051680094675e-02 1.843213398999999919e+00
4.262351491999999809e+01 3.001413045446379990e-01 1.881825236999999928e+00
4.137138119000000103e+01 3.544805655429272839e-02 1.936555602999999959e+00
4.140892653000000223e+01 1.177981249606419728e-01 1.933315729999999899e+00
4.151843144000000052e+01 2.181142944275141771e-01 1.925245050000000013e+00
4.169017155000000230e+01 3.018625712659152582e-01 1.913291590999999903e+00
4.190923152999999957e+01 3.608506811961167404e-01 1.898440267000000015e+00
4.215649164999999954e+01 3.886469727008864394e-01 1.880987847999999962e+00
4.240781357000000185e+01 3.751821792847377379e-01 1.860884345000000106e+00
4.262845682999999752e+01 2.995752868572209571e-01 1.839598762999999915e+00
4.275906879000000060e+01 7.560157080132852425e-02 1.854460188000000009e+00
4.255671223000000225e+01 2.659662698276399895e-01 1.771940282999999949e+00
4.255508273000000230e+01 1.668507054511086107e-01 1.794387323999999895e+00
4.236461099999999647e+01 3.633212671087382439e-01 1.846248686000000028e+00
4.212198349999999891e+01 3.768741700277887796e-01 1.886768583000000055e+00
4.189280692999999900e+01 3.408381547743600803e-01 1.915376844000000078e+00
4.169955451999999951e+01 2.845370999834456738e-01 1.935302660000000063e+00
4.155204307999999713e+01 2.226836980168325764e-01 1.948954158999999908e+00
4.145283947000000069e+01 1.642127126933971282e-01 1.958118902999999911e+00
4.140191453999999993e+01 1.178201567789915749e-01 1.963689017999999953e+00
4.140207159999999931e+01 1.181753376176690462e-01 1.963800100000000048e+00
4.145329100000000011e+01 1.649405311613515168e-01 1.958299680000000098e+00
4.155273180999999738e+01 2.234697225114173624e-01 1.949077447000000074e+00
4.170040265000000090e+01 2.852189124515060459e-01 1.935372104999999898e+00
4.189372914999999864e+01 3.413469800996459802e-01 1.915508927000000083e+00
4.212289773999999909e+01 3.772034762811934394e-01 1.887320799000000049e+00
4.236545731999999731e+01 3.635390926306605874e-01 1.848505333999999944e+00
4.255591976000000187e+01 1.660395969163532270e-01 1.804829428999999985e+00
4.255115095000000025e+01 1.669583543040240037e-01 1.822063001000000071e+00
4.246837444999999889e+01 2.810825433477611712e-01 1.826072358000000007e+00
4.230504939000000064e+01 3.441762260136353446e-01 1.872379017000000090e+00
4.206637168999999687e+01 3.604345007745007878e-01 1.909080333999999990e+00
4.183643619000000058e+01 3.225133512924499568e-01 1.936175266000000006e+00
4.164136119999999863e+01 2.600013615040638881e-01 1.954907230999999967e+00
4.149410341000000102e+01 1.570385734559351931e-01 1.964061528000000001e+00
4.142050148999999948e+01 7.225409120869730195e-02 1.965276961000000044e+00
4.139194650999999681e+01 4.553148749116570082e-02 1.963077344000000002e+00
4.139200149999999923e+01 4.563615640734391271e-02 1.962956900000000005e+00
4.142063366000000002e+01 7.242028428948660279e-02 1.965093503999999935e+00
4.149482454999999703e+01 2.576773678169168025e-01 1.974345564999999914e+00
4.164360002000000094e+01 2.603402053196757215e-01 1.956125153999999977e+00
4.183887044000000088e+01 3.224463642646152040e-01 1.937595716999999995e+00
4.206877431000000200e+01 3.600266214137845533e-01 1.911121011000000092e+00
4.230725436000000172e+01 3.434561646463684670e-01 1.876225312999999950e+00
4.246995224999999863e+01 2.817474766146302878e-01 1.834989747999999921e+00
4.236282958999999693e+01 3.631600343747131143e-01 1.850197745000000005e+00
4.230676890000000157e+01 3.445477241270419877e-01 1.866131049000000042e+00
4.232341850000000250e+01 2.585876677306887528e-01 1.906097101999999932e+00
4.215473906999999798e+01 4.289631943176724360e-01 1.926853681999999957e+00
4.194038945999999868e+01 4.340147029017357716e-01 1.941711552999999979e+00
4.175449182999999920e+01 3.979788074407423770e-01 1.953209860000000075e+00
4.161349335999999965e+01 3.463825157721105441e-01 1.960678141999999902e+00
4.152156037000000310e+01 2.811550671945582391e-01 1.965597945000000069e+00
4.147726740000000234e+01 2.196098793355234780e-01 1.968702463000000069e+00
4.147756100000000146e+01 2.198136008680064424e-01 1.968438947999999966e+00
4.152249974000000066e+01 2.813396053341213898e-01 1.965138757000000069e+00
4.161508321000000166e+01 3.460535339154591772e-01 1.960382810999999892e+00
4.175659114999999844e+01 3.971064772124764386e-01 1.953091799999999933e+00
4.194277436000000137e+01 4.327450928772982874e-01 1.941648692000000009e+00
4.215714868999999965e+01 4.273325299463913707e-01 1.926808550999999925e+00
4.232514815999999769e+01 2.572506965939612145e-01 1.905070027999999915e+00
4.230635030999999913e+01 3.457099414785785307e-01 1.853316037999999999e+00
4.212004894999999749e+01 3.771550996439180792e-01 1.884072925999999981e+00
4.206873493999999880e+01 3.623066996809489737e-01 1.895814077000000042e+00
4.216005825999999956e+01 4.261633130418905901e-01 1.894467303999999963e+00
4.225208732000000111e+01 2.353132866417193270e-01 1.924397267000000022e+00
4.212399011000000115e+01 4.710934510878005410e-01 1.925495307000000045e+00
4.194929172999999878e+01 4.730205734518465044e-01 1.929948715999999953e+00
4.180451629000000224e+01 4.327943819814183968e-01 1.938968097000000057e+00
4.169738441999999878e+01 3.743001174941653075e-01 1.951482264000000022e+00
4.163497783999999768e+01 3.158328829452706765e-01 1.963602395999999972e+00
4.163535176999999976e+01 3.159279511005231855e-01 1.963295213999999955e+00
4.169848481999999734e+01 3.743162086222112106e-01 1.950885401000000074e+00
4.180624949999999984e+01 4.324844774986009721e-01 1.938468083999999925e+00
4.195148496000000193e+01 4.723548347876145859e-01 1.929605215999999901e+00
4.212639661000000046e+01 4.699706882424477539e-01 1.925224754999999899e+00
4.225388367000000045e+01 2.336655345997767641e-01 1.923621113000000049e+00
4.216064921000000254e+01 4.268333155541985668e-01 1.891680164000000053e+00
4.206802686999999707e+01 3.629260713854109976e-01 1.883067298000000056e+00
4.189081425999999908e+01 3.410203920554989443e-01 1.906105103000000023e+00
4.183916889999999711e+01 3.266249762820032099e-01 1.917736445999999928e+00
4.194659622999999726e+01 4.330186858736319588e-01 1.903816997000000066e+00
4.212983685999999750e+01 4.684299115452727480e-01 1.890821231000000102e+00
4.230924010999999751e+01 2.968446231073902375e-01 1.900610424999999992e+00
4.220452313999999916e+01 5.393879662329295055e-01 1.899761349999999904e+00
4.205117900999999847e+01 5.072088660519310510e-01 1.912593240000000083e+00
4.192290086999999943e+01 4.479814929192564299e-01 1.933836480999999941e+00
4.184171852000000058e+01 3.873183573130672963e-01 1.952701443999999897e+00
4.184213084000000293e+01 3.873772353391608525e-01 1.952355977000000076e+00
4.192409139000000096e+01 4.479325894648867878e-01 1.933092633000000005e+00
4.205301799000000074e+01 5.068709800197775950e-01 1.911845486000000038e+00
4.220681799999999839e+01 5.387669241395278696e-01 1.899131407999999910e+00
4.231111094999999978e+01 2.953171982297678189e-01 1.899931508999999963e+00
4.213066638000000097e+01 4.684925019328184392e-01 1.889528286000000001e+00
4.194703856999999658e+01 4.330935960343225144e-01 1.901627527999999900e+00
4.183842250000000007e+01 3.275061358904156616e-01 1.906019826000000084e+00
4.169762802000000335e+01 2.846632639253447450e-01 1.919676847000000075e+00
4.164467679999999916e+01 2.738693947870866063e-01 1.931455377999999889e+00
4.176107529000000085e+01 3.972006176102897967e-01 1.913010941000000020e+00
4.195590838999999761e+01 4.723640954006012027e-01 1.890606159999999925e+00
4.221112709999999879e+01 5.385064600595620421e-01 1.862172101999999940e+00
4.248193521999999689e+01 3.760185957864768391e-01 1.856220452000000076e+00
4.232977678000000310e+01 5.526839156902109140e-01 1.885126139000000034e+00
4.217723525000000251e+01 4.921823934093215169e-01 1.913957018000000065e+00
4.207954250000000229e+01 4.284471404291174679e-01 1.936565172999999973e+00
4.207996341999999856e+01 4.284734309427244425e-01 1.936178275999999920e+00
4.217844348999999937e+01 4.920407293750105326e-01 1.913062470000000070e+00
4.233163694999999649e+01 5.521815733865790277e-01 1.884103112000000024e+00
4.248396832000000245e+01 3.731266133779268523e-01 1.855065439000000094e+00
4.221208519000000337e+01 5.380331034841209226e-01 1.861456841000000084e+00
4.195668138999999996e+01 4.719917370443996174e-01 1.889822681999999920e+00
4.176157363000000089e+01 3.970588701438959034e-01 1.911820343000000033e+00
4.164403610000000100e+01 2.774632700554299225e-01 1.921707167000000105e+00
4.155021975999999739e+01 2.228622767135382821e-01 1.927846879999999929e+00
4.150072255999999982e+01 2.470482503599276125e-01 1.932400740999999922e+00
4.162028444999999977e+01 3.455902194048103837e-01 1.919024888999999900e+00
4.181130114999999847e+01 4.323222617971846371e-01 1.898040237000000019e+00
4.205795607999999675e+01 5.069353120672378532e-01 1.872553856999999988e+00
4.233647558999999916e+01 5.524361781439649510e-01 1.846133052999999968e+00
4.258082999999999885e+01 2.478885963081216559e-01 1.849063431999999896e+00
4.243345039999999813e+01 4.939400224997057554e-01 1.892254214999999906e+00
4.232454134999999695e+01 4.293724571160913439e-01 1.915878111999999911e+00
4.232494536000000096e+01 4.293512261416496667e-01 1.915440860999999995e+00
4.243457020000000313e+01 4.935002713775927252e-01 1.891214903999999919e+00
4.258164086000000026e+01 2.447690587601356604e-01 1.847846655999999976e+00
4.233749370000000312e+01 5.514729944198625278e-01 1.845453621000000100e+00
4.205895604999999904e+01 5.062922447898654532e-01 1.872128534000000011e+00
4.181215130999999730e+01 4.318885210956714404e-01 1.897865541000000045e+00
4.162090345000000013e+01 3.452815538211120305e-01 1.919073878000000066e+00
4.150116066999999731e+01 2.427913886021071665e-01 1.934984663999999910e+00
4.145100501000000293e+01 1.645628404777096376e-01 1.932945294000000036e+00
4.142441525000000269e+01 8.994735172060389083e-02 1.926511899999999944e+00
4.152846424999999897e+01 2.803694738111915385e-01 1.922642101000000103e+00
4.170414577999999750e+01 3.737008368337930708e-01 1.909220506000000039e+00
4.192944717999999682e+01 4.475687804768812006e-01 1.892168799000000012e+00
4.218349053000000026e+01 4.918528826926445996e-01 1.872930941999999988e+00
4.243933056000000192e+01 4.933427382590290233e-01 1.852264713000000063e+00
4.263646746999999948e+01 2.491939548225104439e-01 1.856080404999999933e+00
4.254115308000000084e+01 3.764148452441439252e-01 1.893107880999999937e+00
4.254150733000000173e+01 3.762602849758848733e-01 1.892606191999999909e+00
4.263655800000000085e+01 2.474131590477682552e-01 1.855260885000000082e+00
4.244029891000000276e+01 4.920144799065904739e-01 1.851224020000000081e+00
4.218461148000000094e+01 4.909706593363224458e-01 1.872126484000000035e+00
4.193052678000000100e+01 4.469641679866125927e-01 1.891884820000000023e+00
4.170507835000000085e+01 3.732883342542012151e-01 1.909628469999999911e+00
4.152921836000000155e+01 2.799245105837176451e-01 1.924133504000000050e+00
4.142540328999999844e+01 8.920385436848603244e-02 1.934825897999999933e+00
4.139976227999999736e+01 1.180985572904520858e-01 1.936439556999999922e+00
4.139567481000000271e+01 5.345889042795964885e-02 1.922288562999999950e+00
4.148420795999999910e+01 2.190836650987242618e-01 1.924598323999999971e+00
4.164160628999999858e+01 3.149448329584931261e-01 1.920332638999999952e+00
4.184790165999999800e+01 3.866320055470635619e-01 1.909836375000000031e+00
4.208528455999999807e+01 4.279234782355106903e-01 1.893980497999999901e+00
4.232990105999999741e+01 4.289471020306976912e-01 1.873776254000000030e+00
4.254625216000000165e+01 3.759944361242885114e-01 1.851742408000000006e+00
4.267494379000000038e+01 2.611808433260843221e-01 1.868637101000000023e+00
4.267451668000000353e+01 2.550178460648304113e-01 1.865991911999999919e+00
4.254706021999999876e+01 3.745909398373087340e-01 1.850537432999999954e+00
4.233101477999999673e+01 4.278629045845647183e-01 1.872414497000000067e+00
4.208646748000000315e+01 4.271326054465644506e-01 1.892969488999999950e+00
4.184900806999999645e+01 3.860938611073514992e-01 1.909558247999999958e+00
4.164256318000000334e+01 3.145700160931058642e-01 1.921164719000000076e+00
4.148504650000000282e+01 2.185799232230160594e-01 1.927341428000000079e+00
4.139671489999999920e+01 5.356022941851713848e-02 1.930467828999999913e+00
4.233751041000000015e+01 3.637415505870479349e-01 1.835451210000000000e+00
4.236997075000000024e+01 3.619764194843065885e-01 1.835304628000000049e+00
4.240320389000000034e+01 1.312374026724160148e-01 1.865916998000000104e+00
4.223016051999999831e+01 3.816869256794884202e-01 1.883883395000000016e+00
4.201369583999999691e+01 3.879530900172662444e-01 1.903473272999999910e+00
4.182477956999999691e+01 3.522393476805340540e-01 1.920216707000000023e+00
4.167663814000000144e+01 3.080975949553078075e-01 1.933730253000000010e+00
4.157115834999999748e+01 2.617598154633481999e-01 1.945792804000000098e+00
4.151144130000000132e+01 2.181799085389578008e-01 1.956150145000000062e+00
4.151173045000000172e+01 2.185446185384267437e-01 1.956318868999999960e+00
4.157199417999999724e+01 2.625790588471446085e-01 1.946079573000000007e+00
4.167792526000000208e+01 3.090970450244541201e-01 1.933936996999999991e+00
4.182637783999999925e+01 3.532126156202916589e-01 1.920387676999999904e+00
4.201544805000000338e+01 3.887563423922947847e-01 1.903975434999999994e+00
4.223193589000000259e+01 3.823357016408448494e-01 1.886109414000000095e+00
4.240492239999999668e+01 1.302746321604442981e-01 1.874089989000000012e+00
4.237081421999999975e+01 3.622378689728757983e-01 1.838274718999999946e+00
4.236353596000000010e+01 3.630132743158031028e-01 1.876713029999999893e+00
4.230726303000000144e+01 3.445541376000919587e-01 1.865324122000000084e+00
4.232361602999999661e+01 2.576669771954320787e-01 1.883758331999999980e+00
4.215475117999999810e+01 4.282903364047421779e-01 1.899370508000000068e+00
4.194038400000000166e+01 4.331442474078451843e-01 1.917587908000000008e+00
4.175450136999999984e+01 3.970724895172396685e-01 1.932989891999999932e+00
4.161351659999999697e+01 3.455918583245761733e-01 1.944169339999999968e+00
4.152157950000000142e+01 2.806495293162397098e-01 1.951933375000000082e+00
4.147723653999999982e+01 2.194468359767605958e-01 1.956606140000000105e+00
4.147741199000000023e+01 2.198503496186154094e-01 1.956738313000000007e+00
4.152220782999999926e+01 2.816483633304455725e-01 1.952173262000000076e+00
4.161467088999999930e+01 3.466283444619127629e-01 1.944364763999999912e+00
4.175608959000000198e+01 3.978094383923231891e-01 1.933220206000000108e+00
4.194222479999999820e+01 4.334977239458464027e-01 1.918287013999999902e+00
4.215665056000000277e+01 4.283109578009858254e-01 1.902053892999999940e+00
4.232524997000000155e+01 2.571758794334736420e-01 1.892456334000000018e+00
4.230730762999999683e+01 3.441450917929337328e-01 1.868898498999999935e+00
4.239865172999999743e+01 1.309364699337342564e-01 1.891560954000000017e+00
4.231929533000000276e+01 2.570140680900973029e-01 1.910417492999999967e+00
4.213185914000000309e+01 3.494092169981291018e-01 1.920075047999999951e+00
4.200490646000000083e+01 3.188093087088856303e-01 1.934815200000000068e+00
4.179165025999999727e+01 3.198073031784678388e-01 1.950698567000000105e+00
4.159701581000000203e+01 2.671225657186013791e-01 1.967536324999999975e+00
4.144562528000000157e+01 1.985932574956361663e-01 1.980126282999999932e+00
4.139074518000000324e+01 8.540721864801721630e-02 1.973682015000000067e+00
4.139206144999999992e+01 6.672688107277782721e-02 1.964974411999999893e+00
4.139211116999999973e+01 6.674604969946490440e-02 1.964696111999999939e+00
4.139086060999999717e+01 8.549657749081272795e-02 1.973087578999999980e+00
4.144899198000000240e+01 1.995263483994147435e-01 1.981445278000000032e+00
4.160118133000000284e+01 2.675968270038286967e-01 1.968984454999999967e+00
4.179615785000000017e+01 3.196011184250059922e-01 1.953007761999999925e+00
4.200922549999999944e+01 3.175604417691911818e-01 1.939379932000000029e+00
4.213454054999999698e+01 3.513111362349550792e-01 1.929264587999999891e+00
4.231929601000000218e+01 2.570333159265796308e-01 1.908091315000000066e+00
4.222814346999999913e+01 3.803204816107046971e-01 1.884027174000000082e+00
4.215298831999999862e+01 4.266003572174686953e-01 1.902186906000000066e+00
4.200671114000000017e+01 3.169951829491477469e-01 1.931254814999999958e+00
4.204703128999999961e+01 3.571325704753435248e-01 1.962294817999999941e+00
4.191940144000000146e+01 5.201448893635247650e-01 1.964207215999999923e+00
4.174694376000000062e+01 5.295856644294314464e-01 1.968434972999999921e+00
4.161180455000000222e+01 4.958811662878760407e-01 1.974353047999999999e+00
4.152578859999999850e+01 4.364260754733130798e-01 1.979711423999999997e+00
4.148643707000000092e+01 3.765238336232147875e-01 1.983649535000000075e+00
4.148695991999999677e+01 3.767307682799260204e-01 1.983237088999999953e+00
4.152742873999999773e+01 4.365955799597351916e-01 1.978947932999999937e+00
4.161455559000000193e+01 4.953847933643034107e-01 1.973868363000000015e+00
4.175054010000000204e+01 5.283031213608249121e-01 1.968375074999999974e+00
4.192331996000000061e+01 5.179611094983065378e-01 1.964528311000000027e+00
4.204973394000000297e+01 3.558875678721926672e-01 1.961331806000000011e+00
4.200655624000000188e+01 3.175405413855399428e-01 1.919401574999999971e+00
4.215281339999999943e+01 4.266875537612645486e-01 1.898059423999999940e+00
4.201204887000000099e+01 3.880298949910221951e-01 1.894188540999999892e+00
4.193886000999999908e+01 4.327414419947553936e-01 1.910893724999999987e+00
4.179461012000000153e+01 3.203717842691825024e-01 1.936325475999999934e+00
4.192559177999999775e+01 5.176181333399999529e-01 1.933258874000000072e+00
4.207530589999999648e+01 4.196200453704665989e-01 1.948987339999999957e+00
4.197937739999999707e+01 5.926415206386994594e-01 1.945831971000000049e+00
4.183891887000000054e+01 5.662198878660109624e-01 1.953078716999999909e+00
4.173006695000000121e+01 5.072540739354103323e-01 1.967449510000000013e+00
4.166748634000000351e+01 4.524780870403048993e-01 1.980149820000000060e+00
4.166809894000000014e+01 4.525770205436563387e-01 1.979693997000000039e+00
4.173184951000000353e+01 5.073123063079117978e-01 1.966493570999999996e+00
4.184169529999999781e+01 5.659465928275818625e-01 1.952227305999999940e+00
4.198281137000000030e+01 5.918437202501724004e-01 1.945328672000000036e+00
4.207808353000000068e+01 4.184736804522643516e-01 1.948176955000000099e+00
4.192702529000000311e+01 5.181539746538535995e-01 1.930120142000000039e+00
4.179445230000000322e+01 3.203638631003130066e-01 1.924555226999999924e+00
4.193887555999999961e+01 4.328969734880705467e-01 1.907457476999999901e+00
4.182327266000000066e+01 3.526044658365066198e-01 1.903982802999999890e+00
4.175299309999999764e+01 3.969762967087299144e-01 1.919104512999999956e+00
4.160026667999999717e+01 2.703999569708598893e-01 1.947341937000000023e+00
4.175413996999999711e+01 5.288242836742491626e-01 1.931898219000000028e+00
4.198628413000000137e+01 5.910613033943257211e-01 1.910641508999999960e+00
4.221167973000000018e+01 5.034801083522463250e-01 1.912769050999999942e+00
4.209719485000000105e+01 6.169326034422307758e-01 1.928768005000000008e+00
4.196535384999999962e+01 5.558331982273740923e-01 1.950022354999999985e+00
4.188580370999999758e+01 5.000709552017573722e-01 1.966874750999999977e+00
4.188643752000000120e+01 5.001628614036635057e-01 1.966361821000000010e+00
4.196717059000000205e+01 5.558827267815962259e-01 1.948842755999999898e+00
4.209998195000000010e+01 6.167153823055487871e-01 1.927497632999999988e+00
4.221454592999999988e+01 5.023357668878326576e-01 1.911579440999999990e+00
4.198814428000000021e+01 5.906966920079256278e-01 1.909063924000000023e+00
4.175557341999999750e+01 5.288299570554552131e-01 1.929532285000000069e+00
4.160026761000000306e+01 2.706997229285016959e-01 1.936637850000000105e+00
4.175318536999999708e+01 3.971034628216428275e-01 1.916811891000000045e+00
4.167517541000000136e+01 3.085755975634399961e-01 1.912004786000000012e+00
4.161201454999999783e+01 3.454731398367126838e-01 1.924133724000000045e+00
4.144950048999999836e+01 2.457712855978057553e-01 1.955404804000000052e+00
4.161926193000000040e+01 4.949617153956848425e-01 1.936040500999999914e+00
4.184619785000000292e+01 5.655026578868325160e-01 1.914926401000000000e+00
4.210431000999999895e+01 6.164470370409066424e-01 1.890735075000000043e+00
4.235550047000000262e+01 5.611443799275575017e-01 1.897133355000000021e+00
4.220706922000000105e+01 5.703789473425027179e-01 1.928353431999999978e+00
4.211673769000000078e+01 5.129825028532950526e-01 1.946285545999999922e+00
4.211736618999999848e+01 5.130636267278556595e-01 1.945702319000000013e+00
4.220885400000000232e+01 5.703364435936920662e-01 1.926932459000000097e+00
4.235847590000000196e+01 5.591921092997704790e-01 1.894955598999999991e+00
4.210636722999999648e+01 6.155649519563634042e-01 1.889265584000000109e+00
4.184811054000000041e+01 5.649495801557673502e-01 1.913722514000000041e+00
4.162082948999999843e+01 4.947438018316698827e-01 1.934955820000000104e+00
4.144975267000000230e+01 2.580897335334189080e-01 1.946865268000000038e+00
4.161236947999999813e+01 3.454452533796270042e-01 1.923255683999999910e+00
4.156953207000000106e+01 2.622594287171473026e-01 1.920187190999999904e+00
4.152009268999999847e+01 2.797359499400699501e-01 1.926713799000000060e+00
4.139545788000000215e+01 1.029354952531868067e-01 1.939791508999999969e+00
4.153329450999999750e+01 4.350019063053159329e-01 1.940329748999999993e+00
4.173713138000000100e+01 5.063048026974164006e-01 1.928122608000000016e+00
4.197205967000000015e+01 5.551612314147963412e-01 1.910637563999999955e+00
4.221354204000000010e+01 5.698140507483276940e-01 1.889063780000000081e+00
4.241642801999999790e+01 4.468676165088288910e-01 1.895601512000000044e+00
4.232326300999999802e+01 4.818994811784233501e-01 1.922645552999999952e+00
4.232387439000000029e+01 4.819326611197636834e-01 1.921979560999999892e+00
4.241730077999999793e+01 4.336583673458427324e-01 1.892848638000000028e+00
4.221552908000000315e+01 5.685206779018255885e-01 1.887094164000000074e+00
4.197418741999999980e+01 5.542771043850196477e-01 1.908939300999999977e+00
4.173911643999999654e+01 5.057412532285735507e-01 1.927133876999999940e+00
4.153497261999999779e+01 4.346196100577381372e-01 1.940553908000000050e+00
4.139704643000000317e+01 1.031995875878774921e-01 1.947701410999999938e+00
4.152060929000000300e+01 2.794274604398618300e-01 1.927486999000000090e+00
4.150932087999999709e+01 2.183769194812478498e-01 1.928503365999999941e+00
4.147570077000000310e+01 2.168672037480245673e-01 1.927805682000000020e+00
4.139676900999999987e+01 7.090133242640370148e-02 1.928975222000000045e+00
4.149384128999999888e+01 3.746708147731337424e-01 1.943545926000000090e+00
4.167413700000000176e+01 4.511740362123427550e-01 1.940019761999999925e+00
4.189190586000000138e+01 4.991235407380605893e-01 1.926657695999999920e+00
4.212252412000000135e+01 5.122166732636835862e-01 1.906289883999999990e+00
4.232898653000000166e+01 4.811250235219552973e-01 1.883145636000000067e+00
4.245126259999999974e+01 4.220513480089120861e-01 1.901286561999999902e+00
4.245168967000000038e+01 4.194418019518666996e-01 1.899642998000000027e+00
4.233054714000000018e+01 4.797254288875286155e-01 1.881171839999999928e+00
4.212459036999999995e+01 5.110601234319639419e-01 1.903932892999999904e+00
4.189407424000000191e+01 4.982968353292772656e-01 1.924653900000000029e+00
4.167613838999999842e+01 4.506228318632146679e-01 1.939036624999999958e+00
4.149555080999999745e+01 3.741899227676902528e-01 1.944672689999999982e+00
4.139834860999999933e+01 7.044015737456886528e-02 1.936721876000000009e+00
4.147639029999999849e+01 2.162989128269974526e-01 1.930006920999999931e+00
4.208980671999999856e+01 3.641488745900647306e-01 1.880590517999999989e+00
4.212770394999999723e+01 3.764085356127176984e-01 1.875676864999999971e+00
4.223535185000000070e+01 3.789992941479110589e-01 1.874114940999999979e+00
4.233466877000000039e+01 1.249183104761619756e-02 1.889075612999999931e+00
4.220456706000000224e+01 4.239268795089805031e-01 1.885921146000000048e+00
4.202614691000000136e+01 4.306782655221799150e-01 1.896055008999999902e+00
4.187471931999999697e+01 3.976431096866449577e-01 1.910484480000000040e+00
4.175671494000000195e+01 3.516258083343083984e-01 1.928001005999999906e+00
4.168329964000000132e+01 3.020351419119809422e-01 1.944730212000000069e+00
4.168368945000000281e+01 3.023911375991182315e-01 1.944865341000000081e+00
4.175784520999999927e+01 3.523887884688983729e-01 1.928233644000000080e+00
4.187647708000000080e+01 3.985587406537998145e-01 1.910664833000000007e+00
4.202835548000000188e+01 4.316111023655005430e-01 1.896414963000000009e+00
4.220703215999999713e+01 4.248385235637547330e-01 1.887788089000000058e+00
4.233721325999999863e+01 1.222453274412962226e-02 1.896527690000000099e+00
4.223712427000000247e+01 3.796924336114018694e-01 1.877462720999999890e+00
4.212859986000000134e+01 3.767699637040066163e-01 1.876810000999999950e+00
4.212078703000000246e+01 3.771917346860973463e-01 1.913839426000000010e+00
4.206915560000000198e+01 3.621485574493206183e-01 1.900604831000000106e+00
4.215999512999999865e+01 4.257704105522603366e-01 1.890418493999999949e+00
4.225209344000000300e+01 2.338665049196211043e-01 1.906496685000000024e+00
4.212383554000000174e+01 4.703879215890856003e-01 1.902690956999999905e+00
4.194912532000000027e+01 4.721797209571964582e-01 1.911028361000000064e+00
4.180441794000000044e+01 4.320354987576532357e-01 1.923065274000000047e+00
4.169736510999999979e+01 3.737578748403799778e-01 1.937121483999999949e+00
4.163498742000000163e+01 3.155870466230483729e-01 1.950003705999999948e+00
4.163530870000000306e+01 3.159506373003366231e-01 1.950128842999999890e+00
4.169837374000000096e+01 3.745810506844890475e-01 1.937332419999999944e+00
4.180610263999999887e+01 4.329722110712480032e-01 1.923236694999999941e+00
4.195133589000000285e+01 4.730337181823285886e-01 1.911440363999999947e+00
4.212634840999999852e+01 4.710705602768707756e-01 1.904768618999999941e+00
4.225457147000000191e+01 2.338693784013968213e-01 1.914247306999999898e+00
4.216152988000000335e+01 4.266617945539399326e-01 1.894236408999999899e+00
4.206930160000000285e+01 3.618554842659644777e-01 1.902408899000000098e+00
4.222891667999999754e+01 3.800034804096670271e-01 1.910614620000000041e+00
4.215322740999999951e+01 4.268460928955328804e-01 1.926345707999999934e+00
4.200762895999999813e+01 3.170136498808510672e-01 1.930652223999999917e+00
4.204787003999999939e+01 3.561680057672198529e-01 1.942376960000000041e+00
4.192004167999999709e+01 5.197848628622617762e-01 1.939615636999999948e+00
4.174752267000000217e+01 5.290103352295680850e-01 1.947084623999999931e+00
4.161237060999999926e+01 4.953175547224427655e-01 1.956043272999999916e+00
4.152629732999999845e+01 4.360336962044586429e-01 1.963355688000000043e+00
4.148677985999999862e+01 3.763547548064985482e-01 1.968117539999999943e+00
4.148703442000000052e+01 3.766896598888072600e-01 1.968207805000000032e+00
4.152723532000000262e+01 4.367149029064577581e-01 1.963518105999999985e+00
4.161417460999999918e+01 4.956884068894648054e-01 1.956237307999999953e+00
4.175008000999999780e+01 5.287828680783630553e-01 1.947715295000000069e+00
4.192299621000000087e+01 5.189697013741847442e-01 1.942298783999999889e+00
4.205035411000000067e+01 3.559627798150514777e-01 1.950557467999999961e+00
4.200843892999999696e+01 3.163276309331392033e-01 1.934739191000000025e+00
4.215421539999999823e+01 4.254637272099905387e-01 1.926082853000000039e+00
4.233021226999999698e+01 4.887557192922263941e-03 1.908054112999999941e+00
4.224771161999999691e+01 2.332429673542045501e-01 1.927401378000000109e+00
4.204376053000000013e+01 3.555664821796754027e-01 1.965483435999999973e+00
4.180189238999999901e+01 3.645316631150676279e-01 1.977155640999999964e+00
4.171615941999999677e+01 2.743947243358793031e-01 1.979243086000000096e+00
4.153704591999999707e+01 2.668431527748518217e-01 1.987441510000000022e+00
4.138364746999999966e+01 2.056306266058217369e-01 1.999979833000000040e+00
4.127889343999999738e+01 1.375743096147188371e-01 2.009232954999999876e+00
4.125331286000000119e+01 2.104832863864288528e-01 2.007500578999999785e+00
4.125330190999999758e+01 2.104042817489374384e-01 2.007277433000000055e+00
4.128181743999999753e+01 1.386601043964445501e-01 2.010155854999999825e+00
4.138814742000000280e+01 2.071720608568192734e-01 2.001240729000000051e+00
4.154258541000000093e+01 2.675772772829076995e-01 1.989633460999999937e+00
4.172193457000000194e+01 2.735484615828986943e-01 1.983776084999999911e+00
4.180566535999999900e+01 3.678772476702034666e-01 1.986505229999999900e+00
4.204372790000000037e+01 3.556796404779641319e-01 1.962313986000000066e+00
4.224772493999999767e+01 2.332824742854003042e-01 1.925037206999999917e+00
4.220305428999999720e+01 4.227780564272967667e-01 1.877923953000000035e+00
4.212227287000000331e+01 4.693203221449701035e-01 1.897582794000000073e+00
4.191887184000000133e+01 5.178835407802516722e-01 1.939235588000000066e+00
4.171851980000000282e+01 2.723407438123019442e-01 1.974798666999999952e+00
4.178917859999999962e+01 4.298970197519705327e-01 1.998387361999999889e+00
4.169272335000000140e+01 5.808433513333848275e-01 1.996772101999999993e+00
4.155568634000000117e+01 5.783751922704036819e-01 2.002262469999999794e+00
4.145820996999999863e+01 5.441714737261247326e-01 2.011053302000000098e+00
4.140867923999999789e+01 5.121861164271924727e-01 2.017590586999999935e+00
4.140940590000000299e+01 5.122088113019148681e-01 2.017296674999999873e+00
4.146037726000000134e+01 5.440025865265755156e-01 2.010513454999999894e+00
4.155915874000000088e+01 5.776404863712819582e-01 2.002038826999999799e+00
4.169705598000000180e+01 5.792279458991412833e-01 1.997187749999999928e+00
4.179258077000000071e+01 4.290874202313310071e-01 1.997845488000000058e+00
4.171896264000000087e+01 2.722660507365106675e-01 1.964308383000000102e+00
4.191909669000000349e+01 5.174879887135895862e-01 1.933667602999999957e+00
4.212248120999999657e+01 4.688329046715681292e-01 1.894559023000000009e+00
4.202506437000000261e+01 4.310682868389205669e-01 1.879315945999999959e+00
4.194782604000000248e+01 4.723613607235687128e-01 1.896930384000000025e+00
4.174653835000000157e+01 5.282962212183653916e-01 1.937590982999999989e+00
4.154055330999999995e+01 2.678912385217139813e-01 1.971753081999999990e+00
4.169975416999999851e+01 5.792201742748417370e-01 1.966406233999999920e+00
4.188086255000000335e+01 5.117587090776953840e-01 1.975559685999999981e+00
4.179187557000000197e+01 6.241896460681194414e-01 1.982711630000000058e+00
4.167862664999999822e+01 5.824831732835425990e-01 1.995862664999999980e+00
4.161493810999999710e+01 5.442181886005632574e-01 2.006339730000000099e+00
4.161567070000000257e+01 5.443330994607051831e-01 2.005983230000000006e+00
4.168074331999999771e+01 5.826629494232884454e-01 1.995075868000000030e+00
4.179514290000000187e+01 6.241790406330887109e-01 1.982012971000000068e+00
4.188425594000000274e+01 5.111366753737003332e-01 1.974644150999999903e+00
4.170211017999999825e+01 5.796505970219049120e-01 1.963322570999999961e+00
4.154140729000000221e+01 2.675301336237039251e-01 1.961372778000000094e+00
4.174732912999999712e+01 5.283839664513125811e-01 1.933041035000000019e+00
4.194834560000000323e+01 4.721810688058731831e-01 1.894585316999999991e+00
4.187360706999999849e+01 3.982018784240448084e-01 1.888491597000000022e+00
4.180302034000000333e+01 4.322662950697068740e-01 1.903454406000000043e+00
4.161120932000000039e+01 4.947770096404053852e-01 1.941034042000000071e+00
4.138711401999999850e+01 2.109728689232993892e-01 1.979094088999999945e+00
4.156342885000000109e+01 5.780226464940733111e-01 1.967765183999999890e+00
4.179934971000000132e+01 6.231552989205948467e-01 1.948119367999999962e+00
4.200601548000000207e+01 5.372366352413778801e-01 1.952864135000000001e+00
4.190752554000000174e+01 5.922161118255860890e-01 1.974750521999999897e+00
4.183524030000000238e+01 5.518570788721146592e-01 1.986369999999999969e+00
4.183596543000000167e+01 5.520161114511156208e-01 1.985937931999999906e+00
4.190962551999999874e+01 5.925486024268533658e-01 1.973684470000000024e+00
4.200935588000000109e+01 5.367709429849024660e-01 1.951075233000000075e+00
4.180209379000000069e+01 6.227933967635947976e-01 1.945770331000000075e+00
4.156587451000000044e+01 5.780927570570045804e-01 1.964964916000000006e+00
4.138829668999999711e+01 2.112828188040543065e-01 1.969756035999999932e+00
4.161232909999999663e+01 4.948678083694516561e-01 1.938173785000000038e+00
4.180369433999999984e+01 4.321296045221464377e-01 1.901951736000000004e+00
4.175524063999999669e+01 3.521111542815347772e-01 1.902426602000000022e+00
4.169565371000000198e+01 3.736710375464257772e-01 1.913716401999999928e+00
4.152494802999999735e+01 4.348443411176272644e-01 1.944569011000000014e+00
4.128254333999999659e+01 2.279986157344331132e-01 1.985288061000000104e+00
4.146587364999999892e+01 5.434668897365192430e-01 1.975741873999999898e+00
4.168597576999999887e+01 5.816438574320584864e-01 1.959519288000000081e+00
4.191470799999999741e+01 5.914415057988015034e-01 1.938168200000000008e+00
4.209950605000000223e+01 5.069583677902755880e-01 1.941901706999999977e+00
4.203229705999999766e+01 5.241046363448491618e-01 1.962574435000000062e+00
4.203303125000000051e+01 5.242912815561949769e-01 1.962061330000000048e+00
4.210237371000000195e+01 5.074679901261458514e-01 1.940068216000000012e+00
4.191738354999999672e+01 5.906695243248540894e-01 1.935572470999999961e+00
4.168875630000000143e+01 5.811970739929093188e-01 1.956873971999999906e+00
4.146841484000000122e+01 5.434070119668896748e-01 1.973294598999999927e+00
4.128400895000000048e+01 2.426781807111197675e-01 1.977614919999999943e+00
4.152627027999999854e+01 4.346942932695574413e-01 1.943531510999999989e+00
4.169640514000000309e+01 3.734880407620390641e-01 1.913049653999999933e+00
4.168113710000000083e+01 3.021288356062113434e-01 1.916751427999999979e+00
4.163274540999999829e+01 3.148120754775903807e-01 1.924220813999999891e+00
4.148524658000000187e+01 3.737740329968372577e-01 1.947227945000000071e+00
4.125911577000000108e+01 2.428578558697249423e-01 1.984366427000000099e+00
4.141598420999999774e+01 5.110643763193196687e-01 1.982123024999999927e+00
4.162173023999999799e+01 5.430926134628445423e-01 1.969563284999999997e+00
4.184181824000000205e+01 5.508187335592947820e-01 1.949303779000000070e+00
4.203895050999999938e+01 5.230641536747462350e-01 1.925853258999999928e+00
4.215299525999999730e+01 4.743499837754580617e-01 1.939296212999999991e+00
4.215409972999999866e+01 4.755994785883385645e-01 1.939659507000000005e+00
4.204098145999999758e+01 5.220364618275886714e-01 1.923639907000000093e+00
4.184448210000000046e+01 5.500354465495900236e-01 1.946433311999999916e+00
4.162452880000000022e+01 5.426650278024244267e-01 1.966650688999999952e+00
4.141855094000000292e+01 5.109360114510235196e-01 1.979781830999999936e+00
4.126148359999999826e+01 2.425735303273643118e-01 1.989620570000000033e+00
4.148671480000000145e+01 3.733328263930419944e-01 1.947503232000000084e+00
4.163354753000000130e+01 3.145325626581670919e-01 1.924166966000000034e+00
4.185833611000000332e+01 3.207216060930140888e-01 1.910897013999999894e+00
4.189881271000000140e+01 3.403964423602049427e-01 1.904594745999999894e+00
4.201963513999999833e+01 3.873063152642101103e-01 1.892997328000000090e+00
4.221017966000000143e+01 4.215578045318205125e-01 1.876641215999999890e+00
4.240217717000000164e+01 1.467672700874413372e-01 1.869736869000000024e+00
4.229061536999999760e+01 4.974686893646058095e-01 1.864585135000000005e+00
4.213012570000000068e+01 4.696857261586898646e-01 1.882395671999999909e+00
4.199247340000000150e+01 4.184965058181076558e-01 1.907447611999999904e+00
4.190260056999999705e+01 3.611600717298251162e-01 1.930183195999999990e+00
4.190304781999999761e+01 3.614895791723078400e-01 1.930169872000000009e+00
4.199377539999999698e+01 4.191587148264330764e-01 1.907343594999999947e+00
4.213217020999999818e+01 4.704016190696930222e-01 1.882237943000000024e+00
4.229322336999999976e+01 4.981748507684364835e-01 1.865342083999999900e+00
4.240517956000000055e+01 1.469491493571203067e-01 1.877842006999999924e+00
4.221263336999999893e+01 4.225062911098166896e-01 1.879816230000000088e+00
4.202137144000000291e+01 3.881334756032315814e-01 1.894417054000000045e+00
4.189970712000000219e+01 3.409315870679888727e-01 1.905176586000000061e+00
4.189154502000000235e+01 3.411107982678002748e-01 1.938098888999999936e+00
4.183960548000000301e+01 3.262041201639389598e-01 1.926723772999999973e+00
4.194640199999999908e+01 4.323699956259304811e-01 1.907853186999999950e+00
4.212947828000000072e+01 4.680202776423704747e-01 1.894071252999999899e+00
4.230916148000000021e+01 2.954574670593584917e-01 1.889850822000000097e+00
4.220427178999999995e+01 5.387394777805890600e-01 1.882218259999999921e+00
4.205099395999999956e+01 5.064833693512084123e-01 1.896947597999999902e+00
4.192284630999999706e+01 4.474129906122901734e-01 1.918852245000000067e+00
4.184175035999999892e+01 3.870102142421710800e-01 1.938647360000000042e+00
4.184216724000000198e+01 3.873323261088686964e-01 1.938638268999999914e+00
4.192410319999999757e+01 4.480986641481534138e-01 1.918766061999999994e+00
4.205304091000000000e+01 5.072188519942358864e-01 1.896858997000000047e+00
4.220694484999999929e+01 5.394081148269201931e-01 1.883229736000000099e+00
4.231216040999999706e+01 2.955706355360274151e-01 1.898077031999999997e+00
4.213185244999999668e+01 4.689016067196339899e-01 1.897596609000000045e+00
4.194796860000000294e+01 4.333077039435000444e-01 1.909552329000000048e+00
4.183969830000000201e+01 3.261612662680571928e-01 1.927891440000000012e+00
4.201288935000000180e+01 3.881089491298768124e-01 1.925100698000000055e+00
4.193910406999999907e+01 4.331382837110853146e-01 1.939791309999999935e+00
4.179549284000000142e+01 3.202715955976532802e-01 1.944612439999999998e+00
4.192603318999999829e+01 5.169432167507941323e-01 1.932644355000000091e+00
4.207612204000000133e+01 4.185934036974679473e-01 1.934493361999999994e+00
4.197991154000000336e+01 5.922263188440525239e-01 1.924717580000000039e+00
4.183940199999999976e+01 5.656721377616479307e-01 1.934079306000000109e+00
4.173054968000000287e+01 5.068462230041681504e-01 1.949201984999999970e+00
4.166787657999999794e+01 4.522533585345486218e-01 1.962293751999999891e+00
4.166828607000000062e+01 4.524688588254589527e-01 1.962310175999999906e+00
4.173182783000000029e+01 5.073174394845764157e-01 1.949207198999999946e+00
4.184156105000000281e+01 5.661151232377120701e-01 1.934229361999999952e+00
4.198278166000000056e+01 5.924684300022974304e-01 1.926367442999999957e+00
4.207912933000000066e+01 4.185759619910791041e-01 1.942817709000000059e+00
4.192822496000000143e+01 5.180483349340776478e-01 1.936922398000000101e+00
4.179651721999999836e+01 3.199985190685100678e-01 1.946959365999999969e+00
4.194039442999999778e+01 4.323241673622475467e-01 1.939736998999999962e+00
4.220393054000000177e+01 4.225476200995497145e-01 1.905730294999999908e+00
4.212269272999999714e+01 4.695989967001921728e-01 1.923988865999999964e+00
4.191912422000000049e+01 5.176203763141538072e-01 1.962921490999999907e+00
4.172008291000000213e+01 2.723065520948702023e-01 1.975976380000000088e+00
4.179055386999999655e+01 4.293845988914374856e-01 1.979951428999999985e+00
4.169362833000000279e+01 5.810933149591018809e-01 1.972622494999999976e+00
4.155645482999999984e+01 5.783318970932679326e-01 1.980272693999999944e+00
4.145890673000000248e+01 5.441367549740402376e-01 1.990556710999999979e+00
4.140921897999999857e+01 5.121785996270871166e-01 1.997947753000000048e+00
4.140970138000000134e+01 5.121695922244012822e-01 1.998030930000000094e+00
4.146043740999999727e+01 5.439531887117386999e-01 1.990774615999999941e+00
4.155908910000000134e+01 5.776931571661322318e-01 1.980847554999999982e+00
4.169710643999999888e+01 5.798291756681147602e-01 1.975061477999999981e+00
4.179363602000000100e+01 4.291698011504784804e-01 1.988081348999999998e+00
4.172121151999999711e+01 2.719040656940223677e-01 1.980095350000000032e+00
4.192067950999999937e+01 5.163073401865583278e-01 1.962893304000000061e+00
4.212376582000000269e+01 4.680853154567425345e-01 1.923504134000000088e+00
4.239813739000000226e+01 1.462278065277089201e-01 1.879710439999999982e+00
4.230507993999999883e+01 2.951291162016563829e-01 1.902448479000000026e+00
4.207210915999999656e+01 4.182225099231094978e-01 1.951044452000000096e+00
4.178660297999999784e+01 4.291230118687348050e-01 2.000270312000000050e+00
4.152215960000000194e+01 3.558965795359618767e-01 2.016774026999999858e+00
4.146825167000000079e+01 2.242004156765579348e-01 2.014846990000000115e+00
4.132523204999999678e+01 2.033872213946793239e-01 2.022572106000000147e+00
4.121729635999999886e+01 1.345423537573640360e-01 2.032926804000000143e+00
4.116267787999999683e+01 7.097585528579884728e-02 2.038875704000000066e+00
4.116382158999999774e+01 7.285016520837553355e-02 2.039134547000000186e+00
4.122059560000000289e+01 1.371585184956224113e-01 2.033767307999999829e+00
4.133029733000000050e+01 2.054176558626699123e-01 2.024333425000000020e+00
4.147433311999999717e+01 2.246124541406442632e-01 2.018863613999999806e+00
4.152663024999999664e+01 3.598478221146629852e-01 2.025748168999999876e+00
4.178651614000000336e+01 4.292998783290020159e-01 1.997369589999999917e+00
4.207212828000000115e+01 4.183962554960222180e-01 1.947781245000000050e+00
4.230514559000000219e+01 2.951662335027395168e-01 1.900075626000000018e+00
4.228987913999999648e+01 4.975637581447979740e-01 1.848035692000000063e+00
4.220314563000000163e+01 5.388797607900904785e-01 1.868633983999999915e+00
4.197879206000000352e+01 5.916982114918513114e-01 1.916430816000000092e+00
4.169283612000000261e+01 5.794916098979643326e-01 1.970601255000000052e+00
4.147112308999999897e+01 2.226753867822726662e-01 2.008879795999999995e+00
4.156786390999999981e+01 4.391133101339051437e-01 2.027606238000000172e+00
4.148700406999999757e+01 5.628711500353928976e-01 2.031635801999999824e+00
4.138084228999999681e+01 5.440530440488007269e-01 2.040736211000000022e+00
4.132403225000000191e+01 5.223163547292567488e-01 2.047499708000000140e+00
4.132484544999999798e+01 5.222485542170410833e-01 2.047415668999999827e+00
4.138320839000000007e+01 5.437624344129885490e-01 2.040656724000000199e+00
4.149067060000000140e+01 5.621732008835282901e-01 2.031947537000000192e+00
4.157151925000000148e+01 4.388358026920735067e-01 2.027203264999999810e+00
4.147233506999999975e+01 2.222566100129091393e-01 1.999716052999999993e+00
4.169389259999999808e+01 5.788688595183866248e-01 1.965124000999999954e+00
4.197986104999999668e+01 5.909915042824435139e-01 1.912181636999999990e+00
4.220386307999999786e+01 5.382854238576311179e-01 1.865990529999999925e+00
4.212927545000000151e+01 4.702431280261030744e-01 1.861066630999999916e+00
4.204965019000000126e+01 5.069460215522010316e-01 1.878270611999999895e+00
4.183805853999999869e+01 5.654593078545975260e-01 1.920184171000000051e+00
4.155550472000000184e+01 5.774264430608532228e-01 1.971632233000000012e+00
4.132885544999999894e+01 2.055497114395734570e-01 2.006821564000000002e+00
4.149462797000000336e+01 5.620383031630370452e-01 2.002191051000000055e+00
4.167384243000000055e+01 4.744260461959287634e-01 2.008312386000000060e+00
4.160029570999999748e+01 5.573868646883306521e-01 2.021250461999999803e+00
4.153814083999999696e+01 5.337540343569866508e-01 2.028851443999999837e+00
4.153888781999999935e+01 5.339345984392075417e-01 2.028684402000000109e+00
4.160248915999999753e+01 5.578880219598051360e-01 2.020879370999999924e+00
4.167731045000000023e+01 4.743880496757626464e-01 2.007253566000000156e+00
4.149756940999999699e+01 5.625911868533748361e-01 1.998776064999999935e+00
4.133070529999999820e+01 2.052318476600422104e-01 1.997837008999999941e+00
4.155734669999999653e+01 5.775868340233800691e-01 1.967050152000000107e+00
4.183966285000000340e+01 5.652689083224050615e-01 1.916845080999999951e+00
4.205061519000000203e+01 5.066282485832732663e-01 1.876260256999999987e+00
4.199101974999999953e+01 4.189237910831662415e-01 1.882670779999999988e+00
4.192090967000000035e+01 4.476434020016196724e-01 1.896912034000000080e+00
4.172866221000000309e+01 5.063094725123992168e-01 1.932524605000000006e+00
4.145740808000000044e+01 5.432362265033572335e-01 1.978973185000000079e+00
4.122040748999999948e+01 1.401444290978652030e-01 2.013255754999999869e+00
4.138866567000000174e+01 5.443191178216412185e-01 2.008468849999999861e+00
4.160813351000000182e+01 5.564818378489297945e-01 1.988585892999999993e+00
4.177807821999999760e+01 4.655061089448221390e-01 1.990105060000000092e+00
4.172897692000000092e+01 5.021104835456614568e-01 2.005420560000000130e+00
4.172973628999999818e+01 5.024074695427197534e-01 2.005177928000000165e+00
4.178100427999999766e+01 4.658235506104078105e-01 1.988931398999999933e+00
4.161105855999999648e+01 5.563346713982031400e-01 1.985806436000000064e+00
4.139162789000000231e+01 5.446394923221867801e-01 2.004773042000000061e+00
4.122257687999999831e+01 1.402152548153977885e-01 2.005128657999999842e+00
4.145957504999999799e+01 5.433628736157496419e-01 1.975498793999999947e+00
4.173042568000000330e+01 5.060543999329841780e-01 1.930036160000000001e+00
4.192191994000000221e+01 4.473102654602491568e-01 1.895414262999999933e+00
4.190029231999999837e+01 3.611297076302219522e-01 1.902097214000000092e+00
4.183904720000000310e+01 3.867082422865122382e-01 1.913911624000000034e+00
4.166534518999999648e+01 4.511923816651995933e-01 1.943851203999999999e+00
4.140711340000000007e+01 5.110812876889655465e-01 1.984946518000000104e+00
4.116490078000000352e+01 8.420509591860446397e-02 2.017381882000000015e+00
4.133136486000000076e+01 5.225540606150803624e-01 2.014714923000000102e+00
4.154559565000000276e+01 5.329520554167718194e-01 1.995177906999999973e+00
4.173662551000000320e+01 5.011388496984011676e-01 1.972028437999999939e+00
4.184429255999999953e+01 4.508382734788193291e-01 1.982320947000000055e+00
4.184558993000000271e+01 4.524028574922401846e-01 1.983031806999999924e+00
4.173879889999999904e+01 5.005372953115670986e-01 1.969964644000000042e+00
4.154843512000000061e+01 5.326694203494743984e-01 1.992214834999999962e+00
4.133433167999999824e+01 5.228236834590095361e-01 2.010924548999999839e+00
4.116724502999999658e+01 8.456258726205469201e-02 2.009805151000000123e+00
4.140944847000000095e+01 5.110044267330210443e-01 1.982108599000000027e+00
4.166715366999999759e+01 4.507699649034710987e-01 1.941833067999999995e+00
4.184004352000000182e+01 3.863124637857359156e-01 1.912689942000000087e+00
4.166404846999999734e+01 2.559339845183727924e-01 1.931460862000000001e+00
4.170587392000000193e+01 2.841065292943522058e-01 1.924937464999999959e+00
4.183111290000000082e+01 3.519069326126110786e-01 1.910052269999999996e+00
4.203252513999999707e+01 4.303605718419293846e-01 1.886349255999999919e+00
4.229701997000000091e+01 4.968926492425154717e-01 1.855568375999999908e+00
4.258929642999999743e+01 2.573879211880150120e-01 1.825636325000000060e+00
4.241730488999999693e+01 5.058068904444431579e-01 1.854084477000000009e+00
4.225592058000000151e+01 4.527782462783968565e-01 1.886060674999999964e+00
4.215022437999999738e+01 3.890777434172321692e-01 1.912686923000000094e+00
4.215067777000000149e+01 3.893551031844577626e-01 1.912409287000000013e+00
4.225724936000000298e+01 4.533035998414575163e-01 1.885192336000000024e+00
4.241941209000000157e+01 5.062813678974722453e-01 1.852597180000000066e+00
4.259207794999999663e+01 2.571444566712210444e-01 1.834980395999999958e+00
4.229960778000000232e+01 4.976085814248577543e-01 1.857666199999999934e+00
4.203471346999999980e+01 4.313018387221402850e-01 1.887751975000000026e+00
4.183268956999999943e+01 3.528926900341974870e-01 1.910934345999999895e+00
4.170668977999999782e+01 2.848105406820664598e-01 1.925358456999999968e+00
4.169833152000000354e+01 2.847873795983632550e-01 1.953223592000000064e+00
4.164513303999999749e+01 2.724718843719232675e-01 1.943679415000000077e+00
4.176088673999999656e+01 3.964998850127686714e-01 1.923557208000000074e+00
4.195550584000000072e+01 4.717082109577819260e-01 1.901975734999999945e+00
4.221061882000000054e+01 5.380221237317015515e-01 1.873824350000000027e+00
4.248204879000000034e+01 3.747721267366151965e-01 1.848299064999999963e+00
4.232951002000000074e+01 5.518754600634678820e-01 1.869489068000000032e+00
4.217714603999999667e+01 4.915759285264175715e-01 1.898572423999999925e+00
4.207957886999999886e+01 4.280918659585705166e-01 1.922620675999999973e+00
4.208003321000000341e+01 4.283496154673988587e-01 1.922375455999999927e+00
4.217850078000000025e+01 4.920946888959368271e-01 1.897823556000000078e+00
4.233170441000000039e+01 5.523574862386874118e-01 1.868394429999999939e+00
4.248491684999999762e+01 3.742660852784675529e-01 1.857929903999999910e+00
4.221323971999999713e+01 5.386181854317095841e-01 1.876385739999999913e+00
4.195770018000000334e+01 4.725356302502550787e-01 1.903600828000000078e+00
4.176239606000000038e+01 3.974706252582228538e-01 1.924595363999999975e+00
4.164505903999999958e+01 2.740323068328388012e-01 1.944283224999999948e+00
4.182408163000000201e+01 3.527666810620131432e-01 1.936810412999999897e+00
4.175325955000000278e+01 3.974405773468479008e-01 1.950428403999999949e+00
4.160121846999999917e+01 2.701821371694412832e-01 1.960713678999999932e+00
4.175439994999999982e+01 5.278943198105401358e-01 1.939650475999999957e+00
4.198650393999999864e+01 5.905872723189905527e-01 1.917901284000000039e+00
4.221267456000000351e+01 5.025989767048778534e-01 1.901902846000000036e+00
4.209763008000000184e+01 6.163935154981442510e-01 1.909167419000000088e+00
4.196579784000000046e+01 5.553999917235205031e-01 1.931128359999999988e+00
4.188619924000000339e+01 4.998084976883781505e-01 1.948921034000000052e+00
4.188667376000000075e+01 4.999718427015132916e-01 1.948784129999999948e+00
4.196722391000000130e+01 5.557401081392097097e-01 1.930769343999999998e+00
4.209996143000000046e+01 6.166825429081179699e-01 1.909222441999999909e+00
4.221558165999999801e+01 5.022816725348120404e-01 1.911497643999999996e+00
4.198909649000000144e+01 5.911846105901515935e-01 1.921517356999999926e+00
4.175647694999999970e+01 5.289324171901640392e-01 1.941841852000000035e+00
4.160204774000000327e+01 2.701966437238656482e-01 1.962334841000000107e+00
4.175455070999999663e+01 3.968071402857802910e-01 1.950349327999999938e+00
4.202595852000000320e+01 4.312170935149172157e-01 1.910733573999999990e+00
4.194831483000000105e+01 4.727815924116211543e-01 1.927128414000000012e+00
4.174686205999999800e+01 5.282164414448224932e-01 1.965701748999999943e+00
4.154209879999999799e+01 2.677536351383243418e-01 1.982561229999999952e+00
4.170074161000000146e+01 5.784887664940410179e-01 1.967850756000000034e+00
4.188238113999999968e+01 5.113727800296443693e-01 1.960318664000000100e+00
4.179269319000000138e+01 6.242562573449794705e-01 1.959290857000000052e+00
4.167930187000000330e+01 5.824198978184242925e-01 1.973806844999999921e+00
4.161548495000000258e+01 5.441729297308841584e-01 1.985193715000000081e+00
4.161602448000000010e+01 5.442218171672438265e-01 1.985215131999999993e+00
4.168091439999999892e+01 5.824925288611194629e-01 1.973984764999999975e+00
4.179530256000000321e+01 6.241943873424354861e-01 1.960663881999999969e+00
4.188537448999999668e+01 5.110245986601654744e-01 1.969506369999999951e+00
4.170315984999999870e+01 5.795916630510550283e-01 1.972352780000000028e+00
4.154338168000000309e+01 2.680404489570012982e-01 1.985009046999999915e+00
4.174878181999999782e+01 5.280104912681482521e-01 1.965719430999999906e+00
4.194958436999999662e+01 4.720385390319619123e-01 1.926826973999999915e+00
4.229082744000000105e+01 4.976308771242804463e-01 1.877317759000000086e+00
4.220379541999999873e+01 5.391274049987470063e-01 1.896870352999999954e+00
4.197926626000000283e+01 5.917512604295832590e-01 1.943301028999999902e+00
4.169344793999999865e+01 5.786656953015538729e-01 1.994716423999999932e+00
4.147322843999999975e+01 2.227653311630909683e-01 2.012224527999999957e+00
4.156954873000000106e+01 4.392752558656973783e-01 2.008663340000000019e+00
4.148784538000000310e+01 5.635857538171135106e-01 2.006087373000000174e+00
4.138147500000000178e+01 5.443649511022005116e-01 2.017005891999999800e+00
4.132454890000000347e+01 5.225047913391367427e-01 2.024940715000000058e+00
4.132523396999999932e+01 5.222975293165701416e-01 2.025091413000000173e+00
4.138349657999999920e+01 5.437276866172050527e-01 2.017610488999999951e+00
4.149102686999999889e+01 5.624273448834170575e-01 2.008326443000000072e+00
4.157268467000000101e+01 4.388095988413874826e-01 2.017072324999999999e+00
4.147424874000000017e+01 2.230581495282442928e-01 2.016120722000000143e+00
4.169497006999999655e+01 5.781846104396330954e-01 1.994955770000000017e+00
4.198095700999999735e+01 5.908530071725558441e-01 1.942709081000000060e+00
4.220499067000000082e+01 5.381931113510616260e-01 1.896275256000000020e+00
4.258583431999999647e+01 2.254032413293381443e-01 1.829350379999999943e+00
4.247827515000000176e+01 3.699992806877050455e-01 1.855428453999999894e+00
4.220869915000000105e+01 5.018183358357675150e-01 1.913323238999999898e+00
4.187830664999999897e+01 5.109633367779097268e-01 1.976132189999999955e+00
4.156537523000000078e+01 4.389776014502595469e-01 2.027947306999999810e+00
4.131550447000000048e+01 3.210197081345097514e-01 2.046351963999999857e+00
4.128140283999999838e+01 1.707789190399097157e-01 2.044983144000000141e+00
4.117778994999999753e+01 1.286309780650723988e-01 2.053812441999999905e+00
4.112074197999999825e+01 5.088008935007552053e-02 2.060691832999999917e+00
4.112187379000000220e+01 5.372530117085162066e-02 2.061008850999999975e+00
4.118106775999999769e+01 1.315905429761162759e-01 2.054961663999999910e+00
4.128643366000000015e+01 1.727677192163863118e-01 2.048121285000000125e+00
4.131998826000000236e+01 3.245329169041901718e-01 2.054407836000000209e+00
4.156530269000000288e+01 4.391548787107137919e-01 2.025751329000000212e+00
4.187834943000000010e+01 5.112033914751826780e-01 1.973104734999999943e+00
4.220885750000000058e+01 5.020059052741860928e-01 1.909936995000000026e+00
4.247843810999999903e+01 3.700269777012772932e-01 1.852956920000000007e+00
4.241655934999999999e+01 5.063776592660870213e-01 1.834332685999999990e+00
4.232812580000000224e+01 5.525258377828392575e-01 1.852118852999999898e+00
4.209608295999999683e+01 6.164772510655743831e-01 1.896169395000000035e+00
4.179134223999999875e+01 6.237146755581578494e-01 1.951979874000000059e+00
4.148691162000000077e+01 5.620082641646051425e-01 2.004173279999999835e+00
4.128464276999999782e+01 1.704979426101095874e-01 2.037925675999999964e+00
4.139766359000000051e+01 3.780483023176993695e-01 2.051154840000000146e+00
4.133224203000000330e+01 4.797074572701572337e-01 2.060498131000000122e+00
4.127282559999999734e+01 4.627674894576443432e-01 2.067097534999999819e+00
4.127357927999999987e+01 4.628019135072495294e-01 2.067150394000000002e+00
4.133446800000000110e+01 4.798643810872807447e-01 2.060772014999999957e+00
4.140100291000000254e+01 3.782710171324456527e-01 2.050872392000000044e+00
4.128639061999999882e+01 1.702762355603590350e-01 2.029825558000000196e+00
4.148877149999999858e+01 5.614799890585604469e-01 1.999206934999999907e+00
4.179338770999999753e+01 6.231887672137301770e-01 1.947644339000000002e+00
4.209799691999999993e+01 6.160367672199589251e-01 1.892402286999999905e+00
4.232935025999999823e+01 5.521038839168982415e-01 1.849794487999999903e+00
4.225431322000000023e+01 4.531446734803536991e-01 1.862607523999999959e+00
4.217492670000000032e+01 4.920162508106479815e-01 1.877824479999999907e+00
4.196347669000000025e+01 5.552257493302406033e-01 1.915104775999999953e+00
4.167730571999999967e+01 5.817683031884265388e-01 1.962751200999999890e+00
4.138005391000000088e+01 5.431194238279013486e-01 2.010038939999999830e+00
4.118125192000000112e+01 1.324383693656270289e-01 2.039535921999999779e+00
4.134046177999999827e+01 4.796462229563663304e-01 2.032446884000000065e+00
4.150021988000000306e+01 3.853050667104230831e-01 2.032567949000000151e+00
4.145719256999999658e+01 4.379027195398781935e-01 2.045346122999999849e+00
4.145791006999999695e+01 4.382814218070065770e-01 2.045321839000000086e+00
4.150299904999999967e+01 3.857938249312808932e-01 2.032111533000000136e+00
4.134316833999999830e+01 4.802410189331240420e-01 2.029392673999999896e+00
4.118347971000000030e+01 1.325031076614869574e-01 2.031728879000000099e+00
4.138259905000000316e+01 5.433946011404743315e-01 2.005324127999999817e+00
4.167982386999999989e+01 5.815804263392143625e-01 1.958791090999999929e+00
4.196555447000000072e+01 5.547330171172250024e-01 1.911785763999999999e+00
4.217613160999999877e+01 4.914677009172314648e-01 1.875799380999999988e+00
4.214765998000000025e+01 3.889303469111338174e-01 1.884802451999999962e+00
4.207647824000000014e+01 4.280360682104282222e-01 1.898137170000000040e+00
4.188308804999999779e+01 4.992191924328875929e-01 1.930464176999999948e+00
4.161275842999999952e+01 5.432543787114076927e-01 1.972292798000000014e+00
4.132237429999999989e+01 5.212923764392500825e-01 2.015920369999999906e+00
4.112339138000000105e+01 5.961534085738841998e-02 2.044102925999999876e+00
4.128084729999999780e+01 4.634950705368890977e-01 2.037478070000000141e+00
4.146569372999999814e+01 4.372797095312265236e-01 2.015409791999999811e+00
4.156888602000000077e+01 3.797072405096932890e-01 2.023576466999999823e+00
4.157018395000000055e+01 3.815996716956340240e-01 2.024451630000000169e+00
4.146770303000000268e+01 4.370677029611280129e-01 2.013607352000000184e+00
4.128342202999999699e+01 4.638221712663268548e-01 2.034288872999999942e+00
4.112578272999999740e+01 6.006675086535873120e-02 2.036803814999999851e+00
4.132515051000000028e+01 5.215753959059067357e-01 2.011455602999999925e+00
4.161538677000000064e+01 5.429244412753776450e-01 1.968513809000000059e+00
4.188514040999999821e+01 4.985591601451944688e-01 1.927292121000000025e+00
4.207761471999999969e+01 4.274118859277906135e-01 1.896191006000000012e+00
4.151677165000000258e+01 1.822930672030415866e-01 1.945099783000000082e+00
4.155866919000000337e+01 2.223073254626129203e-01 1.939072171999999927e+00
4.168328380999999894e+01 3.078828676487204152e-01 1.924057169999999983e+00
4.188140575999999982e+01 3.975001470534549330e-01 1.901229502999999932e+00
4.213681180999999754e+01 4.695485198686539241e-01 1.873740422000000017e+00
4.242383171000000175e+01 5.054250633700733131e-01 1.846217001000000080e+00
4.266194038999999805e+01 6.633747320639703238e-02 1.842160746000000016e+00
4.251869708000000259e+01 4.400113370823797720e-01 1.865023102999999960e+00
4.240199373000000094e+01 3.756643938061509647e-01 1.892258173999999959e+00
4.240239567999999792e+01 3.758577482057370855e-01 1.891617332999999901e+00
4.251988895000000213e+01 4.403498482932801106e-01 1.862591472000000081e+00
4.266387993000000023e+01 6.546567108751179254e-02 1.831631057999999923e+00
4.242592798999999815e+01 5.058945361704145771e-01 1.845890771999999957e+00
4.213884005999999971e+01 4.702624529286130173e-01 1.874624261999999986e+00
4.188314486000000159e+01 3.984169126118782267e-01 1.902244915999999897e+00
4.168454971999999970e+01 3.088890017959584622e-01 1.924846947999999891e+00
4.155932624999999803e+01 2.231124431540688902e-01 1.939490618000000000e+00
4.155087814000000179e+01 2.229975482038125123e-01 1.962232597999999939e+00
4.150058002000000101e+01 2.551669607671728790e-01 1.949300027999999907e+00
4.162018857000000338e+01 3.450465443967032919e-01 1.935287398000000048e+00
4.181105782000000204e+01 4.316932531619721569e-01 1.914512165999999960e+00
4.205759903999999949e+01 5.062823305296298981e-01 1.888872458000000032e+00
4.233602004000000107e+01 5.516698418899633749e-01 1.861997858999999922e+00
4.257971002000000027e+01 2.472021060347123489e-01 1.854885437000000081e+00
4.243330373999999949e+01 4.931682369152869394e-01 1.877394274000000030e+00
4.232456040999999658e+01 4.289770470858101925e-01 1.902418198999999976e+00
4.232498815000000292e+01 4.291430560066755162e-01 1.901864409999999950e+00
4.243458211000000091e+01 4.934713014289697774e-01 1.875343122000000085e+00
4.258177123000000108e+01 2.466935158183421462e-01 1.844008046999999983e+00
4.233820756000000074e+01 5.519877675091368063e-01 1.862290165000000108e+00
4.205972618999999924e+01 5.068365711778928251e-01 1.890023959000000087e+00
4.181288832999999983e+01 4.324186274789698081e-01 1.915675358999999967e+00
4.162153346000000198e+01 3.457532590659448402e-01 1.936150526000000038e+00
4.150156342999999737e+01 2.435328340516472734e-01 1.949982134000000089e+00
4.167590799999999973e+01 3.087414769347108789e-01 1.945953464000000022e+00
4.161232379999999864e+01 3.460056664099256385e-01 1.957187256000000097e+00
4.145044632999999834e+01 2.416655507592290197e-01 1.971037397999999996e+00
4.161953034999999801e+01 4.942193340546720548e-01 1.949244854000000027e+00
4.184641166000000112e+01 5.647919185597128910e-01 1.927490010000000087e+00
4.210451030000000117e+01 6.156995980442989680e-01 1.902829912999999928e+00
4.235650227000000001e+01 5.678647847244575608e-01 1.878985590000000094e+00
4.220746428999999722e+01 5.698516483565382318e-01 1.909887706999999990e+00
4.211709674000000092e+01 5.126763467898617366e-01 1.929324202999999960e+00
4.211756247999999658e+01 5.127686856392310588e-01 1.929024033999999999e+00
4.220885016999999806e+01 5.700140913564886169e-01 1.908985723000000023e+00
4.235876640000000037e+01 5.671389376694355722e-01 1.885583656000000108e+00
4.210671705000000031e+01 6.159809418492159239e-01 1.904799042000000053e+00
4.184854740000000106e+01 5.653328064262528319e-01 1.929377649999999944e+00
4.162132382000000064e+01 4.950280321131393935e-01 1.950851091999999953e+00
4.145081943000000280e+01 2.473752958451562456e-01 1.972062970000000082e+00
4.161345047999999736e+01 3.453579359246014557e-01 1.956915249999999995e+00
4.187439822999999706e+01 3.983675912247440221e-01 1.921450942999999967e+00
4.180356119999999720e+01 4.326117755522638775e-01 1.935357683000000106e+00
4.161162968000000006e+01 4.948949159474066439e-01 1.970770569999999999e+00
4.138874071000000043e+01 2.106548122688430003e-01 1.994678908000000028e+00
4.156428473999999795e+01 5.770546048928671956e-01 1.975747270000000055e+00
4.180022243999999887e+01 6.227022686282935870e-01 1.954872753999999935e+00
4.200778000999999762e+01 5.370449166640950400e-01 1.937915365000000056e+00
4.190821832000000313e+01 5.921876093704039334e-01 1.952739247000000011e+00
4.183575179000000333e+01 5.517578352768480743e-01 1.965840205999999979e+00
4.183627723000000032e+01 5.517910001853000290e-01 1.965861813999999930e+00
4.190976992000000223e+01 5.922229884976729641e-01 1.953261925999999926e+00
4.201006919999999667e+01 5.364704915862931189e-01 1.948276177999999970e+00
4.180238657999999674e+01 6.231013768630437877e-01 1.958507876000000092e+00
4.156626617999999951e+01 5.780269863170681699e-01 1.978362538000000059e+00
4.138955277000000166e+01 2.116844708933604546e-01 1.996286328999999915e+00
4.161330514000000136e+01 4.948819554723299929e-01 1.970450344000000076e+00
4.180465395000000228e+01 4.321682056969127772e-01 1.934950764999999961e+00
4.213010112999999990e+01 4.703916945263327265e-01 1.892525057000000066e+00
4.205035096000000294e+01 5.071229072010839944e-01 1.908809592999999971e+00
4.183871650999999758e+01 5.654876246978295384e-01 1.949397915000000037e+00
4.155635004999999893e+01 5.768426630022805979e-01 1.998871531000000035e+00
4.133093530000000015e+01 2.054516383098854981e-01 2.019080724000000160e+00
4.149603857000000318e+01 5.615268516372220464e-01 2.003730497999999915e+00
4.167569144000000136e+01 4.746981549057464611e-01 1.990949891999999943e+00
4.160102683000000212e+01 5.577784652327302251e-01 1.996490308000000047e+00
4.153864816000000104e+01 5.338210861303505084e-01 2.005585976999999964e+00
4.153924871000000252e+01 5.338096945604854371e-01 2.005833802000000166e+00
4.160278794999999974e+01 5.577072621495978710e-01 1.997935194999999942e+00
4.167813671999999769e+01 4.741186786655987029e-01 2.000653185000000001e+00
4.149803443999999786e+01 5.625890815937831801e-01 2.008045274000000102e+00
4.133180735999999911e+01 2.066044953582491517e-01 2.021236352999999930e+00
4.155792003999999906e+01 5.775165235173003175e-01 1.998844169000000059e+00
4.184037630000000263e+01 5.655153633025705728e-01 1.948738014999999990e+00
4.205146881000000292e+01 5.068020615173660648e-01 1.908215264999999938e+00
4.241737531999999788e+01 5.064682044389954285e-01 1.863692925999999916e+00
4.232888501000000048e+01 5.525144552933359821e-01 1.881148046000000074e+00
4.209685335999999722e+01 6.163011021555876434e-01 1.924982063000000077e+00
4.179221572000000151e+01 6.233392407684932301e-01 1.979549666999999902e+00
4.148800525000000050e+01 5.609421934963023659e-01 2.029280835999999866e+00
4.128686790999999801e+01 1.708081739419054779e-01 2.043164855000000113e+00
4.139927800000000246e+01 3.788112825450397070e-01 2.031754953000000086e+00
4.133280127999999820e+01 4.804074441376752214e-01 2.034527924999999904e+00
4.127321947000000080e+01 4.629855918254792702e-01 2.042544946000000028e+00
4.127392515999999745e+01 4.628064502136557401e-01 2.042888640000000144e+00
4.133485624000000058e+01 4.798636555025413419e-01 2.036301989000000034e+00
4.140187485999999950e+01 3.781008881311956338e-01 2.040275106999999810e+00
4.128740591999999765e+01 1.720180003229309085e-01 2.046504074000000006e+00
4.148894760000000304e+01 5.612150078516685570e-01 2.029630043000000050e+00
4.179364637999999843e+01 6.235258068084272853e-01 1.978927639999999988e+00
4.209853730999999755e+01 6.165064182899459011e-01 1.923899954999999995e+00
4.233012310000000156e+01 5.524039723751015263e-01 1.880340318000000011e+00
4.265886631000000051e+01 5.746060037830600514e-02 1.834277238000000088e+00
4.257567367000000047e+01 2.437219220663243147e-01 1.848107265999999971e+00
4.235344993999999730e+01 5.159964541525658976e-01 1.886884537000000028e+00
4.200319190999999819e+01 5.356056472643996313e-01 1.951573436000000106e+00
4.167100744999999762e+01 4.737388894897691660e-01 2.007243798999999829e+00
4.139456449000000049e+01 3.778579626233830591e-01 2.050056708000000061e+00
4.119265547999999910e+01 2.572904646937638762e-01 2.066080266999999804e+00
4.116614175000000131e+01 1.161895523809656355e-01 2.068077082999999927e+00
4.110919102999999808e+01 4.440710222262288925e-02 2.075248467999999846e+00
4.111018681000000186e+01 4.734554970230372972e-02 2.075686992000000064e+00
4.116910743999999767e+01 1.190953420894567960e-01 2.070100098000000166e+00
4.119636123000000083e+01 2.603335923135153274e-01 2.072885069999999885e+00
4.139457064999999858e+01 3.779960446267867091e-01 2.048619695999999823e+00
4.167110584000000273e+01 4.739439602757042902e-01 2.004896307000000100e+00
4.200341932999999983e+01 5.358230402385891766e-01 1.948304703000000027e+00
4.235379872000000034e+01 5.151874311291889663e-01 1.883850762000000012e+00
4.257782720000000154e+01 2.407464381105710038e-01 1.847110518000000035e+00
4.251675432999999771e+01 4.402936178796100219e-01 1.842664158000000052e+00
4.243076680000000067e+01 4.936872148642044711e-01 1.857209294000000011e+00
4.220484864000000158e+01 5.699122579638721264e-01 1.893568364000000059e+00
4.190593301999999909e+01 5.917707071761673099e-01 1.941365567999999930e+00
4.159924721000000147e+01 5.570833312063572240e-01 1.990107960000000009e+00
4.133163099000000074e+01 4.790018686687680383e-01 2.032387286000000071e+00
4.116982147000000225e+01 1.197692300318945746e-01 2.060336428999999914e+00
4.128521905000000203e+01 2.873645781091844209e-01 2.065913303999999950e+00
4.124353108999999762e+01 3.516681385430334705e-01 2.077539585999999883e+00
4.124417067000000259e+01 3.520046080456284421e-01 2.077652313000000195e+00
4.128768938000000333e+01 2.879150161698171284e-01 2.065944597000000105e+00
4.117137855000000002e+01 1.203371244100429477e-01 2.052957775999999956e+00
4.133367016999999777e+01 4.787758925844859959e-01 2.028192339999999927e+00
4.160163146000000012e+01 5.566088953236124626e-01 1.986108474999999984e+00
4.190838226999999705e+01 5.912189408234319599e-01 1.937293673999999966e+00
4.220697838000000246e+01 5.692302320656855708e-01 1.889988811000000046e+00
4.243204421000000082e+01 4.929977140682383352e-01 1.855058767999999914e+00
4.239908727000000255e+01 3.754555303872674221e-01 1.864849734000000092e+00
4.232114169999999831e+01 4.290801882922977151e-01 1.878009947000000013e+00
4.211368327999999650e+01 5.123682051092933731e-01 1.910113584000000087e+00
4.183275883999999678e+01 5.511019757183484025e-01 1.952028383000000034e+00
4.153625069000000281e+01 5.331210856930560515e-01 1.996424272000000055e+00
4.127150733999999943e+01 4.618358001957429959e-01 2.037194826999999986e+00
4.111266449000000023e+01 5.676500468758020196e-02 2.063439529000000050e+00
4.125258362000000290e+01 3.520582195293541772e-01 2.051294363999999870e+00
4.135170406000000298e+01 2.846218462814372741e-01 2.057826386999999979e+00
4.135290758000000011e+01 2.871496384916045752e-01 2.058786630000000173e+00
4.125415836999999897e+01 3.523096221116907012e-01 2.049312866999999816e+00
4.111431758999999886e+01 5.721426104433627313e-02 2.056333622999999999e+00
4.127389905999999797e+01 4.621230700496022359e-01 2.032969814999999958e+00
4.153892467000000011e+01 5.328800236703175042e-01 1.992421275000000103e+00
4.183531084999999905e+01 5.504502471077533654e-01 1.947984826999999974e+00
4.211571311000000151e+01 5.114061292735192499e-01 1.906495865999999983e+00
4.232227960000000166e+01 4.281853536570375818e-01 1.875755024999999909e+00
4.141955765000000156e+01 1.076898712921746659e-01 1.953392317999999905e+00
4.145975423000000148e+01 1.638738113312253331e-01 1.948710759999999986e+00
4.157805811000000062e+01 2.615581838179379393e-01 1.936605289000000063e+00
4.176356389000000036e+01 3.514128109075059792e-01 1.919226005000000068e+00
4.199916060000000329e+01 4.181990215907389064e-01 1.899237625000000040e+00
4.226228538000000157e+01 4.523506321755249582e-01 1.878444344999999904e+00
4.252452887999999831e+01 4.390522095100135025e-01 1.857989566999999953e+00
4.271885874000000172e+01 6.328416099509320825e-02 1.852948161000000038e+00
4.262309474999999992e+01 3.000038774574040890e-01 1.870664625999999942e+00
4.262337947000000327e+01 3.000759523860618838e-01 1.869484920999999966e+00
4.271973116000000203e+01 6.231368474156200737e-02 1.842736294000000052e+00
4.252572879000000228e+01 4.393892766359502322e-01 1.856442632999999898e+00
4.226361553000000271e+01 4.528774461113502792e-01 1.878457019000000061e+00
4.200045738000000028e+01 4.188629357601770242e-01 1.899910246999999996e+00
4.176468383999999645e+01 3.521780746724814670e-01 1.920100998999999975e+00
4.157887898999999976e+01 2.623823368780180965e-01 1.937359924999999983e+00
4.146018080999999711e+01 1.646152158963679057e-01 1.949134984000000070e+00
4.145160777000000252e+01 1.646609335230815874e-01 1.967726534000000083e+00
4.142417109000000153e+01 9.037049882542062818e-02 1.956559740999999963e+00
4.152852070000000140e+01 2.801493210205864837e-01 1.943682684999999966e+00
4.170417740999999978e+01 3.732365056194689168e-01 1.929143115000000019e+00
4.192944007999999911e+01 4.469875385604899498e-01 1.911293141000000029e+00
4.218344694000000317e+01 4.911716381440899837e-01 1.891443997000000099e+00
4.243922674000000228e+01 4.924474826953675888e-01 1.870658197000000023e+00
4.263569794000000002e+01 2.489409973819304012e-01 1.863981061000000050e+00
4.254111855000000020e+01 3.759611447354767044e-01 1.880498358999999953e+00
4.254144778999999943e+01 3.760049881648854231e-01 1.879520588999999964e+00
4.263664707000000220e+01 2.485212082385100940e-01 1.853415322000000032e+00
4.244051165999999853e+01 4.926278075014144942e-01 1.869602028000000082e+00
4.218489341000000081e+01 4.915278896095587879e-01 1.891706335000000072e+00
4.193087623000000264e+01 4.474505412311822750e-01 1.912118082999999968e+00
4.170547245000000203e+01 3.736882707350815402e-01 1.930102841000000069e+00
4.152962996000000118e+01 2.801965309333692700e-01 1.944425598999999893e+00
4.142601722999999936e+01 8.755578791772053449e-02 1.956686821999999992e+00
4.157016492000000341e+01 2.623644067790332768e-01 1.954959764999999905e+00
4.152047867000000281e+01 2.802746156602357597e-01 1.961489910000000059e+00
4.139504011999999733e+01 1.043214787743629163e-01 1.967859864000000014e+00
4.153369370000000060e+01 4.346703698520517078e-01 1.957414229000000061e+00
4.173760637000000173e+01 5.056999301853842832e-01 1.943305899000000059e+00
4.197255220000000264e+01 5.544213181761330489e-01 1.925311310000000109e+00
4.221399822000000057e+01 5.689033634975980691e-01 1.904124471000000041e+00
4.241591824999999716e+01 4.352129770796356878e-01 1.891907781000000011e+00
4.232352755000000144e+01 4.815585951865866132e-01 1.906944733000000003e+00
4.232390870999999777e+01 4.815583269399055233e-01 1.906520720000000058e+00
4.241693929000000196e+01 4.327492570390171767e-01 1.882134929000000012e+00
4.221530650999999779e+01 5.690234783118429673e-01 1.904510747000000004e+00
4.197402713000000318e+01 5.547349070361176082e-01 1.926318825999999929e+00
4.173907183000000032e+01 5.061119860767048229e-01 1.944619097999999990e+00
4.153505556999999726e+01 4.349056293598492773e-01 1.958703472999999917e+00
4.139735359000000159e+01 1.019203120852881783e-01 1.968001219000000024e+00
4.152135969999999787e+01 2.794005816045380675e-01 1.961014239000000048e+00
4.175589090999999797e+01 3.522161532245945970e-01 1.936807471999999919e+00
4.169628139999999661e+01 3.738637766671799589e-01 1.947301788999999950e+00
4.152556220999999681e+01 4.351360556071540708e-01 1.975444403000000015e+00
4.128415274000000323e+01 2.179391792649099935e-01 2.002496740000000219e+00
4.146686205999999686e+01 5.427392167904685483e-01 1.986975152000000078e+00
4.168697772000000157e+01 5.810284073590129550e-01 1.969989742000000099e+00
4.191570057999999932e+01 5.908678884374393148e-01 1.948766451000000011e+00
4.210115952000000306e+01 5.077304782567497732e-01 1.926865680999999997e+00
4.203271372999999755e+01 5.239705345532785774e-01 1.943309449000000022e+00
4.203315658000000354e+01 5.239573046368154463e-01 1.943541221999999902e+00
4.210251243999999815e+01 5.070797989384935311e-01 1.937241484000000069e+00
4.191699735000000260e+01 5.910147173257039865e-01 1.950822019000000074e+00
4.168838969000000105e+01 5.814345534916205427e-01 1.971812976000000051e+00
4.146818522000000229e+01 5.434948802573493776e-01 1.988791747999999915e+00
4.128424624000000165e+01 2.356780982479436681e-01 2.003434243000000059e+00
4.152666827000000183e+01 4.348939469885085840e-01 1.974863964999999943e+00
4.169699387000000002e+01 3.735964948828388588e-01 1.946794345000000037e+00
4.199166991999999965e+01 4.190214350566822121e-01 1.916292614999999921e+00
4.192169426000000243e+01 4.476244784549244238e-01 1.929517082999999911e+00
4.172959946000000286e+01 5.062050579236611059e-01 1.963088088999999981e+00
4.145859117999999910e+01 5.428513137029346014e-01 2.006887175000000134e+00
4.122255331000000211e+01 1.397071080955485378e-01 2.029448219999999914e+00
4.139007715999999704e+01 5.435952520005665756e-01 2.015346431999999854e+00
4.160943738999999653e+01 5.563009566996903743e-01 1.994661063999999984e+00
4.177978367000000048e+01 4.659759182016030010e-01 1.974003764000000105e+00
4.172941596999999803e+01 5.021428425036134069e-01 1.983004243999999971e+00
4.172991377999999685e+01 5.021488475318578448e-01 1.983672925000000031e+00
4.178127406000000121e+01 4.654369363757819289e-01 1.984388046000000072e+00
4.161070208000000292e+01 5.566081710429530149e-01 1.997639060000000022e+00
4.139128496000000013e+01 5.445888195578185709e-01 2.017527734000000184e+00
4.122262141000000213e+01 1.418240013010320377e-01 2.030662055000000077e+00
4.145941554000000195e+01 5.435610046411942786e-01 2.006605022000000016e+00
4.173055749000000247e+01 5.064246926934415916e-01 1.962346573999999899e+00
4.192236084999999690e+01 4.475784786307419050e-01 1.928906417999999956e+00
4.225493981999999704e+01 4.532232025004275799e-01 1.895132373000000037e+00
4.217577951999999897e+01 4.917898086023582693e-01 1.909497540999999909e+00
4.196456419999999810e+01 5.548557210125087957e-01 1.945630492999999905e+00
4.167862559999999661e+01 5.813804644882245576e-01 1.991897306000000034e+00
4.138159863999999999e+01 5.424031747781569157e-01 2.037509652999999865e+00
4.118341683999999958e+01 1.323526625387984601e-01 2.051871092999999924e+00
4.134184649000000178e+01 4.794072016365057420e-01 2.034535476999999926e+00
4.150172793000000127e+01 3.860275098692480533e-01 2.014498721999999908e+00
4.145756381000000346e+01 4.380516601859765213e-01 2.020565255000000171e+00
4.145809907999999666e+01 4.380749173367556315e-01 2.021376844000000172e+00
4.150332365999999951e+01 3.854641311457017716e-01 2.023934714000000135e+00
4.134296479000000346e+01 4.803890974706647166e-01 2.037610191999999820e+00
4.118339548000000150e+01 1.342992736917025809e-01 2.053398410999999868e+00
4.138205741000000160e+01 5.434231777280824627e-01 2.037661492999999879e+00
4.167942734999999743e+01 5.820376308493279138e-01 1.991318982999999987e+00
4.196550457000000023e+01 5.553222714379000280e-01 1.944651528999999934e+00
4.217646251000000035e+01 4.919037220018787626e-01 1.908752505000000044e+00
4.251732686999999800e+01 4.402971308303884057e-01 1.873479649000000080e+00
4.243156215999999858e+01 4.932270661494936870e-01 1.887733107999999937e+00
4.220588052000000090e+01 5.692906759829832186e-01 1.923994245999999908e+00
4.190715493999999808e+01 5.911996359582534222e-01 1.971024227000000018e+00
4.160053214999999938e+01 5.565590046369819355e-01 2.018473220999999818e+00
4.133292242000000272e+01 4.781173986699885914e-01 2.058669456000000064e+00
4.117159841000000142e+01 1.199367555050029205e-01 2.067121230999999781e+00
4.128634316000000126e+01 2.884103317971872804e-01 2.046473032000000192e+00
4.124376979000000176e+01 3.519059726693498646e-01 2.051637622999999966e+00
4.124434252999999728e+01 3.518490590308607224e-01 2.052433898999999951e+00
4.128800808999999816e+01 2.876183413493692553e-01 2.054611962000000069e+00
4.117141016000000064e+01 1.222472033633857924e-01 2.069506865000000140e+00
4.133312017000000083e+01 4.789131151162703826e-01 2.059102288000000058e+00
4.160105810000000304e+01 5.570896147023942646e-01 2.018215397000000078e+00
4.190798530000000000e+01 5.919255298746138871e-01 1.970079552999999928e+00
4.220691422000000159e+01 5.700410597267338009e-01 1.922737506000000041e+00
4.243234134000000068e+01 4.935670006739454885e-01 1.886851732000000004e+00
4.271455051000000225e+01 5.516011105942161125e-02 1.841951512000000069e+00
4.263080949999999802e+01 2.461386402562801001e-01 1.854043949000000024e+00
4.241160673000000259e+01 4.000609137754040368e-01 1.884294820999999898e+00
4.209618432999999982e+01 5.016965599219288530e-01 1.937256547000000051e+00
4.177467943999999989e+01 4.632687280892214821e-01 1.986992936999999904e+00
4.149666638000000063e+01 3.834612383568674066e-01 2.029664303000000114e+00
4.128131584999999859e+01 2.854611049804325340e-01 2.063076734000000023e+00
4.114304141000000214e+01 1.593782120242844269e-01 2.074750336000000139e+00
4.112023958000000334e+01 4.816236596280396715e-02 2.081288922999999791e+00
4.112103709000000151e+01 5.043466196887445158e-02 2.082059231000000121e+00
4.114550530999999722e+01 1.621341828360301218e-01 2.080590144999999946e+00
4.128136826000000070e+01 2.855306755637237459e-01 2.062510142999999907e+00
4.149677725000000095e+01 3.835683104685321809e-01 2.028514597000000030e+00
4.177488115999999962e+01 4.634045011995335250e-01 1.985026141000000077e+00
4.209650086999999985e+01 5.017695809397205720e-01 1.934510162999999894e+00
4.241412984000000108e+01 3.979681012923054761e-01 1.883800519000000007e+00
4.263222266999999732e+01 2.440433164838353153e-01 1.853433761000000013e+00
4.261982004000000046e+01 2.998834916186092214e-01 1.843785900000000089e+00
4.253752936000000062e+01 3.761650373387208646e-01 1.856092754999999928e+00
4.232013177999999698e+01 4.813322449236887568e-01 1.887022197999999928e+00
4.202985718000000048e+01 5.234470403542746952e-01 1.928592880999999926e+00
4.172721207000000021e+01 5.016086771248408072e-01 1.973245643999999910e+00
4.145597386000000029e+01 4.376225266948619574e-01 2.015075463000000067e+00
4.124276154999999733e+01 3.512382380171304996e-01 2.049628692000000196e+00
4.112474656999999922e+01 7.151751223698082915e-02 2.073253584000000149e+00
4.120436168999999893e+01 1.831982748521570892e-01 2.081854433999999809e+00
4.120541907999999864e+01 1.869045017804218667e-01 2.082874928999999931e+00
4.112528893000000352e+01 7.313043607911308419e-02 2.066328063999999909e+00
4.124409742000000278e+01 3.512498395033048504e-01 2.046833277000000173e+00
4.145775203000000175e+01 4.372659671977559004e-01 2.012387341999999801e+00
4.172920432000000091e+01 5.010000488378304473e-01 1.970205914999999974e+00
4.203180679999999825e+01 5.225623987313837704e-01 1.925283027000000091e+00
4.232172872999999669e+01 4.801819158656920328e-01 1.883950814000000085e+00
4.253844481000000144e+01 3.750510617328514096e-01 1.854154829000000060e+00
4.137167345000000296e+01 3.543495137196361888e-02 1.957295406000000071e+00
4.140911772999999840e+01 1.176151301373803276e-01 1.954590194999999975e+00
4.151854737000000029e+01 2.179174546427798675e-01 1.947330328999999915e+00
4.169021667999999892e+01 3.016499473130346831e-01 1.936354200000000025e+00
4.190921483000000336e+01 3.606310669444241501e-01 1.922315172000000016e+00
4.215642995000000326e+01 3.884372932123200672e-01 1.905244939999999998e+00
4.240773297999999869e+01 3.750005352313028339e-01 1.885031793000000011e+00
4.262838724000000212e+01 2.993914219436731861e-01 1.863439883000000075e+00
4.275846391999999696e+01 7.463723236924668658e-02 1.857481259999999912e+00
4.275850702999999697e+01 7.373699061530285259e-02 1.848419806000000110e+00
4.262867719999999849e+01 2.994645295532690210e-01 1.862538875999999899e+00
4.240814019999999829e+01 3.751988964883508637e-01 1.884752506999999966e+00
4.215688662000000164e+01 3.887202649171756508e-01 1.905314914000000082e+00
4.190966267999999673e+01 3.609654444834613507e-01 1.922612836000000103e+00
4.169060438999999718e+01 3.020097477680519504e-01 1.936756542999999997e+00
4.151883158999999779e+01 2.182852106358705024e-01 1.947703811000000007e+00
4.140926482999999791e+01 1.179731028812308347e-01 1.954809398000000087e+00
4.140033111000000332e+01 1.180965600564312656e-01 1.971535602999999970e+00
4.139574807000000334e+01 5.317935709048195181e-02 1.955695251999999940e+00
4.148447320999999732e+01 2.191633356337953364e-01 1.948935835999999977e+00
4.164197793999999675e+01 3.147457750710494495e-01 1.942541346999999918e+00
4.184833147999999881e+01 3.862623697129450862e-01 1.931528222999999933e+00
4.208573700000000173e+01 4.274218152844302399e-01 1.915769829000000035e+00
4.233033232999999740e+01 4.283347302613879637e-01 1.895668789999999992e+00
4.254658720999999844e+01 3.752686077942042897e-01 1.873693931000000035e+00
4.267448277999999817e+01 2.584308808534113155e-01 1.866697878999999949e+00
4.267455467999999996e+01 2.576865858966448930e-01 1.858509375999999991e+00
4.254692856999999862e+01 3.752297249572180138e-01 1.873009313000000065e+00
4.233082724999999868e+01 4.283942329411229433e-01 1.895497022999999892e+00
4.208631465999999932e+01 4.275481093230255603e-01 1.915898885000000051e+00
4.184894252000000137e+01 3.863826670283003750e-01 1.931851562000000078e+00
4.164261833999999851e+01 3.147021073872608432e-01 1.942923769000000078e+00
4.148526213000000240e+01 2.184404375320685709e-01 1.949185602000000017e+00
4.139730795999999913e+01 5.295126593799564380e-02 1.955617163000000103e+00
4.150988071999999818e+01 2.183743728094463543e-01 1.963807104000000026e+00
4.147627989000000071e+01 2.172824823815042716e-01 1.964177314000000063e+00
4.139695703000000293e+01 7.067359968484650257e-02 1.960045226000000085e+00
4.149449613000000170e+01 3.746473740078698489e-01 1.963019107999999902e+00
4.167499700999999845e+01 4.507933437469335836e-01 1.957084542000000038e+00
4.189284905000000236e+01 4.985789945191208550e-01 1.943622265999999987e+00
4.212343717000000254e+01 5.115453182832403467e-01 1.923897852999999936e+00
4.232971252000000106e+01 4.803773240051233961e-01 1.901366263999999973e+00
4.245131282999999911e+01 4.207754433820561912e-01 1.889655840999999947e+00
4.245149182000000110e+01 4.201366666850989140e-01 1.887316315999999938e+00
4.233007488999999879e+01 4.803401581613754856e-01 1.901293595000000058e+00
4.212395738000000023e+01 5.116095760688286198e-01 1.924062069000000097e+00
4.189345538999999974e+01 4.987196753100894830e-01 1.943981520999999990e+00
4.167565649000000150e+01 4.509002344416500607e-01 1.957580721000000024e+00
4.149530828999999699e+01 3.742361873941798533e-01 1.963505880999999897e+00
4.139861960999999724e+01 7.060118172685772575e-02 1.960015889999999983e+00
4.147683959999999814e+01 2.161082253707206080e-01 1.963822402999999994e+00
4.168168054000000211e+01 3.021231648908121459e-01 1.952161832000000041e+00
4.163356983999999983e+01 3.148313845752798157e-01 1.959109629999999935e+00
4.148626730000000151e+01 3.740216939899162485e-01 1.978985981999999977e+00
4.125953490999999929e+01 2.438322997746264764e-01 2.003520726000000085e+00
4.141724554000000325e+01 5.106677450064684987e-01 1.995322907000000034e+00
4.162307841999999880e+01 5.426602827589003253e-01 1.982124881000000061e+00
4.184309770000000128e+01 5.503028185281837459e-01 1.962437079000000084e+00
4.203996642999999978e+01 5.225041731974808812e-01 1.939668428000000056e+00
4.215349804000000233e+01 4.752061731031519964e-01 1.923306973999999947e+00
4.215387204999999682e+01 4.753827321964076980e-01 1.927169821999999977e+00
4.204032437000000044e+01 5.225140533395798981e-01 1.940328081999999954e+00
4.184357777000000311e+01 5.504409931972191750e-01 1.963001970999999957e+00
4.162360085000000254e+01 5.429470342483661005e-01 1.982756356999999969e+00
4.141776835000000290e+01 5.111210388362712465e-01 1.996028283000000014e+00
4.126115098999999731e+01 2.425678581197538153e-01 2.003849810000000176e+00
4.148656564000000202e+01 3.734271404293137420e-01 1.978690775000000013e+00
4.163375592999999952e+01 3.145833905461073443e-01 1.958852695999999893e+00
4.190081119999999970e+01 3.611212187447424005e-01 1.937474976000000071e+00
4.184002876000000271e+01 3.865008399344375678e-01 1.948079029000000073e+00
4.166672413999999947e+01 4.509685456163944339e-01 1.975411779999999951e+00
4.140882377999999875e+01 5.108570026046039825e-01 2.013002833999999908e+00
4.116714055999999999e+01 8.272160296036154548e-02 2.035530377999999807e+00
4.133299198000000274e+01 5.220776407549544418e-01 2.024148224999999801e+00
4.154704759999999908e+01 5.326411656209487644e-01 2.004440900000000081e+00
4.173775719000000350e+01 5.008215716283319630e-01 1.981592900000000101e+00
4.184491684999999705e+01 4.518059784104481169e-01 1.963196484000000019e+00
4.184541551000000226e+01 4.521871616414985806e-01 1.968922636999999920e+00
4.173809420999999986e+01 5.009019629984721167e-01 1.982732074000000067e+00
4.154743601999999925e+01 5.329254043533541152e-01 2.005246028000000180e+00
4.133326128000000210e+01 5.229935123520766949e-01 2.024923483999999885e+00
4.116610287999999684e+01 8.635732847898870690e-02 2.036011976000000168e+00
4.140852696999999694e+01 5.112843870440566540e-01 2.012966716999999850e+00
4.166666072999999670e+01 4.511252344832415440e-01 1.975136521999999895e+00
4.184005521000000272e+01 3.865607915106135106e-01 1.947827305999999981e+00
4.214814763999999769e+01 3.889216424478864620e-01 1.919893153999999935e+00
4.207753668000000147e+01 4.276248244865717418e-01 1.931820346999999938e+00
4.188463081999999815e+01 4.987460131178397260e-01 1.962154796999999951e+00
4.161464430000000192e+01 5.429210989967516721e-01 2.001998759000000128e+00
4.132444526999999823e+01 5.209493043526487455e-01 2.043897144999999860e+00
4.112559471000000144e+01 5.897986660893027311e-02 2.058942876999999783e+00
4.128229799000000355e+01 4.631214875023797473e-01 2.043284923999999947e+00
4.146676069000000098e+01 4.371377941867127248e-01 2.021141829999999917e+00
4.156948116000000226e+01 3.807957341267168005e-01 2.001730135999999938e+00
4.157004459000000196e+01 3.813922484320188544e-01 2.007464510000000146e+00
4.146705143999999876e+01 4.373564481825016337e-01 2.022412228999999950e+00
4.128247136000000239e+01 4.640274707363248319e-01 2.044135025000000105e+00
4.112454183999999913e+01 6.185703050173790851e-02 2.059506374000000140e+00
4.132379069000000271e+01 5.217554253610925397e-01 2.044109501999999967e+00
4.161425201000000129e+01 5.433416555461053621e-01 2.001882644000000155e+00
4.188444462999999729e+01 4.991250216188609090e-01 1.961824068999999948e+00
4.207749283999999790e+01 4.278568131752821246e-01 1.931537813000000048e+00
4.239954115999999829e+01 3.754501625623311578e-01 1.899243476000000097e+00
4.232216807999999730e+01 4.284668273841601427e-01 1.911061689999999924e+00
4.211518015000000048e+01 5.116635434959125872e-01 1.941649812999999947e+00
4.183455103000000008e+01 5.505713908970084614e-01 1.982298530000000003e+00
4.153811898000000014e+01 5.327849161322976146e-01 2.025673586999999998e+00
4.127328779999999853e+01 4.614303067891245003e-01 2.064894655999999884e+00
4.111437159999999835e+01 5.599034307320890219e-02 2.074563794999999988e+00
4.125346907000000130e+01 3.518709234820624476e-01 2.053642733000000220e+00
4.135218858000000353e+01 2.859151882781470477e-01 2.033974371999999864e+00
4.135277957000000271e+01 2.868617288839137580e-01 2.039092016000000118e+00
4.125362993000000245e+01 3.525724764636005149e-01 2.054856508999999942e+00
4.111335611999999884e+01 5.902104743551378485e-02 2.075233971999999927e+00
4.127265746999999863e+01 4.623538322978492099e-01 2.065226179999999800e+00
4.153765476000000234e+01 5.332846338752336157e-01 2.025740807000000032e+00
4.183421796999999742e+01 5.510843046397448930e-01 1.982066384999999986e+00
4.211501263000000250e+01 5.121979935809425344e-01 1.941222911999999967e+00
4.232212804000000261e+01 4.288353850272790257e-01 1.910720159000000029e+00
4.262024144000000092e+01 2.998766839052166011e-01 1.877009753999999919e+00
4.253836342000000315e+01 3.753862616789460094e-01 1.888321989000000034e+00
4.232129371999999989e+01 4.804816049795057054e-01 1.918169342999999971e+00
4.203120140000000049e+01 5.227649345665940084e-01 1.958797243000000021e+00
4.172856328999999675e+01 5.011114201364856857e-01 2.002602614999999808e+00
4.145718767000000327e+01 4.372206941849934858e-01 2.043506589000000151e+00
4.124376764000000151e+01 3.507345140722725185e-01 2.076515586999999829e+00
4.112572180000000088e+01 7.040171136432689381e-02 2.080388475999999986e+00
4.120468405999999817e+01 1.847937977608418159e-01 2.056855484000000178e+00
4.120528918000000118e+01 1.863505520164410734e-01 2.061338765999999989e+00
4.112479674000000074e+01 7.450254530625857741e-02 2.081408589000000031e+00
4.124342192999999668e+01 3.516770402943296681e-01 2.076825792999999809e+00
4.145695557999999892e+01 4.377659829979099748e-01 2.043638425999999786e+00
4.172838989000000254e+01 5.016326969950389847e-01 2.002495858000000073e+00
4.203111477000000207e+01 5.233710293326084839e-01 1.958398281000000019e+00
4.232131454000000303e+01 4.811285687715197157e-01 1.917601201999999949e+00
4.253842688999999666e+01 3.758701579376946267e-01 1.887892805999999979e+00
4.275374898999999829e+01 2.424642817743370357e-02 1.843860869000000013e+00
4.267003609999999725e+01 2.423768330069904220e-01 1.854309366000000070e+00
4.244870879999999858e+01 4.170851145011333361e-01 1.872242578000000046e+00
4.215017664999999880e+01 4.672854333635077517e-01 1.925129185999999937e+00
4.184146432000000004e+01 4.451360975880893078e-01 1.970588644000000000e+00
4.156610178999999761e+01 3.734826176521544583e-01 2.012683641999999828e+00
4.134889048000000145e+01 2.762690169305871413e-01 2.047355598999999859e+00
4.120141625000000118e+01 1.698123256312124574e-01 2.071749437999999888e+00
4.113265908000000337e+01 7.728853478651384092e-03 2.078663897000000205e+00
4.113395732000000038e+01 1.479383500617352000e-02 2.083753848000000186e+00
4.120143742999999859e+01 1.698112202797716630e-01 2.072027655999999940e+00
4.134893261999999936e+01 2.762707534415150823e-01 2.047660399000000186e+00
4.156617460999999736e+01 3.734833244837253430e-01 2.012940362999999788e+00
4.184158009000000078e+01 4.451180807689792407e-01 1.970701902999999922e+00
4.215034522999999922e+01 4.671209767563967441e-01 1.925306822999999889e+00
4.244930366999999904e+01 4.127248056329006487e-01 1.876090374999999977e+00
4.267053055000000228e+01 2.414748298707802554e-01 1.854231944999999993e+00
