5.283718060999999722e+01 0.000000000000000000e+00 1.551361525999999991e+00
5.281524587999999909e+01 5.897769826597121234e-02 1.501292113999999955e+00
5.275824712000000005e+01 1.107327107771433478e-01 1.504701378999999895e+00
5.266905050999999816e+01 1.529815725035545138e-01 1.513442385999999917e+00
5.255661025999999936e+01 1.788689759976911653e-01 1.525049365999999962e+00
5.243397989000000337e+01 1.824065715525424181e-01 1.538060347999999911e+00
5.231775772000000302e+01 1.593153183207798029e-01 1.550695895999999907e+00
5.222617574000000218e+01 1.094394572526821430e-01 1.560872311000000012e+00
5.217549525999999815e+01 3.906725331075229513e-02 1.566593056000000095e+00
5.281703674999999976e+01 5.784564882002972419e-02 1.571773475999999947e+00
5.287596615000000355e+01 8.794327420829139985e-02 1.507450068000000032e+00
5.287570602000000264e+01 2.310462362328893071e-01 1.485950600000000010e+00
5.280641375999999809e+01 3.471564173828216027e-01 1.479494566999999927e+00
5.269232911000000286e+01 3.953437831342004882e-01 1.482847347000000093e+00
5.255658876999999762e+01 3.907973936016366223e-01 1.492432309000000012e+00
5.242239391999999754e+01 3.485427682904870261e-01 1.504361204000000063e+00
5.231269078999999778e+01 2.832613401761743255e-01 1.513391356999999937e+00
5.224846218999999792e+01 2.195815828909243594e-01 1.511771455999999958e+00
5.276010545999999835e+01 1.105701559000568240e-01 1.575880495999999908e+00
5.287535722999999876e+01 2.317882958884073252e-01 1.530609832999999975e+00
5.298662797000000069e+01 1.369226325323003868e-01 1.503938781000000002e+00
5.300430389000000275e+01 2.485244016318354510e-01 1.491268113000000062e+00
5.293879265999999717e+01 3.804591035179458736e-01 1.487347658000000017e+00
5.281613516000000175e+01 4.548602257976198660e-01 1.490376388000000052e+00
5.266891925000000185e+01 4.645587777190112178e-01 1.497704678999999928e+00
5.253202576999999707e+01 4.208705427487685058e-01 1.504230925000000108e+00
5.244114786000000095e+01 3.523192131649912073e-01 1.501157091000000054e+00
5.267095345999999978e+01 1.529054028105973351e-01 1.582518405999999933e+00
5.280587180999999930e+01 3.477137707776624120e-01 1.548697583000000044e+00
5.300407777000000209e+01 2.489365634899743107e-01 1.517835873999999974e+00
5.311969263000000296e+01 1.357429052084656862e-01 1.500550558999999895e+00
5.313455451000000096e+01 2.278687167535586311e-01 1.491782450999999954e+00
5.306358552999999745e+01 3.542543560259877600e-01 1.489646709999999930e+00
5.293718999000000025e+01 4.276417443685834874e-01 1.492243857999999923e+00
5.279499490999999978e+01 4.345820864629769131e-01 1.495330797000000045e+00
5.268541785000000033e+01 3.835548898231360693e-01 1.489783185999999926e+00
5.255857409000000047e+01 1.787717196507041528e-01 1.591323132999999945e+00
5.269167168999999973e+01 3.956601705966263927e-01 1.566171242000000019e+00
5.293837798999999933e+01 3.808685145991383414e-01 1.533441572000000086e+00
5.313435232999999869e+01 2.282047950566143957e-01 1.511740832000000090e+00
5.323223965999999763e+01 9.711919897463559825e-02 1.498594962999999947e+00
5.323082169999999991e+01 1.888721598644974853e-01 1.491998766000000032e+00
5.315158225999999786e+01 3.045802020977080304e-01 1.490224576999999995e+00
5.303055949000000169e+01 3.612108754920124731e-01 1.489689604000000056e+00
5.291916458000000034e+01 3.388990516474796322e-01 1.481138041999999988e+00
5.243602475000000140e+01 1.822856394942711511e-01 1.601507494000000031e+00
5.255583450999999684e+01 3.909005073848451639e-01 1.583546589000000004e+00
5.281551636999999744e+01 4.552361601377099554e-01 1.551787980000000067e+00
5.306314205999999700e+01 3.546567028229222762e-01 1.526613108000000052e+00
5.323056440999999950e+01 1.893173275264118660e-01 1.509332969999999996e+00
5.329979806000000053e+01 4.536909004575395005e-02 1.498547607999999975e+00
5.328056148000000292e+01 1.496159952475059896e-01 1.492661043000000021e+00
5.320028917999999862e+01 2.442752740593945593e-01 1.488594012000000077e+00
5.310392951000000039e+01 2.563186586971820669e-01 1.476849505999999979e+00
5.231989517000000234e+01 1.591854959950194659e-01 1.611749864999999948e+00
5.242149192000000113e+01 3.484641921491765659e-01 1.599945662000000102e+00
5.266800640000000300e+01 4.649111174778577382e-01 1.571637225999999998e+00
5.293637507999999769e+01 4.281285393119272920e-01 1.544977908999999983e+00
5.315090630000000260e+01 3.052231931768921713e-01 1.524386200999999996e+00
5.328011835000000218e+01 1.504931084203323111e-01 1.509775823000000017e+00
5.332190333999999865e+01 4.745377758382646020e-03 1.499958493000000059e+00
5.329313359999999733e+01 1.168567252390789318e-01 1.492410624999999991e+00
5.322607461999999856e+01 1.670194952413472378e-01 1.477510024000000088e+00
5.222839763000000346e+01 1.093388923686492015e-01 1.620247779999999915e+00
5.231148294999999848e+01 2.829455336276721633e-01 1.613818991999999897e+00
5.253058175999999690e+01 4.211905269154441189e-01 1.590488895000000014e+00
5.279348822000000041e+01 4.352014511663731544e-01 1.565051363999999889e+00
5.302906807000000100e+01 3.622038112365554841e-01 1.543097501000000094e+00
5.319894974000000332e+01 2.457555585937818698e-01 1.525815024999999991e+00
5.329220864999999918e+01 1.189444913730386966e-01 1.512559793999999957e+00
5.331644390000000300e+01 1.195065047049777805e-02 1.501398596000000030e+00
5.329005178999999970e+01 8.346754437118947267e-02 1.483516196000000065e+00
5.217776839999999794e+01 3.902894924303198371e-02 1.625119731000000067e+00
5.224662656000000283e+01 2.185677912066746331e-01 1.623656964999999897e+00
5.243867716999999828e+01 3.520579337036825462e-01 1.605477271999999900e+00
5.268250571000000093e+01 3.836203624231734888e-01 1.584008481999999995e+00
5.291585866999999865e+01 3.396209982369203240e-01 1.564493147000000084e+00
5.310036002999999738e+01 2.583394573372073122e-01 1.548536651999999902e+00
5.322257735000000167e+01 1.713942157936397537e-01 1.535236111999999986e+00
5.328739549000000153e+01 9.092850060733631556e-02 1.521053231000000006e+00
5.330658540000000301e+01 7.306839963452736730e-03 1.494762119000000000e+00
5.281485354000000143e+01 5.860593915446982854e-02 1.484479928000000060e+00
5.288017637000000093e+01 8.797172394167976361e-02 1.568489430000000073e+00
5.287948541000000091e+01 2.329090756197604861e-01 1.567355201999999892e+00
5.280956610999999867e+01 3.498451160450167241e-01 1.568227679999999902e+00
5.269489632999999884e+01 3.981489464636482345e-01 1.571120545999999951e+00
5.255867536000000229e+01 3.933337353553152393e-01 1.575312548999999951e+00
5.242410996000000267e+01 3.506688076818241795e-01 1.580022102000000039e+00
5.231412044000000350e+01 2.849488054861704089e-01 1.585373812000000049e+00
5.224948736999999710e+01 2.206065079936312123e-01 1.594036599999999915e+00
5.224852489999999960e+01 2.186775356544539417e-01 1.595147335000000055e+00
5.231203536999999670e+01 2.818458509895394037e-01 1.585692241000000058e+00
5.242124385999999703e+01 3.469582552410797605e-01 1.579450669000000085e+00
5.255500248999999968e+01 3.890739452993239866e-01 1.574019902000000082e+00
5.269032061000000056e+01 3.935926030363181560e-01 1.569116686999999954e+00
5.280399812999999654e+01 3.456321605054273882e-01 1.565481160000000038e+00
5.287294121000000047e+01 2.301641562313873624e-01 1.563890707999999963e+00
5.287304776999999945e+01 8.800740653776580047e-02 1.564608006000000051e+00
5.287841198999999648e+01 8.780671582440238709e-02 1.507386711000000101e+00
5.286230189999999851e+01 1.064378320448470527e-01 1.562552868000000039e+00
5.289271081999999780e+01 1.220179111101653835e-01 1.536932471000000078e+00
5.285109766000000064e+01 2.640044096946284058e-01 1.530491846999999961e+00
5.275311324999999840e+01 3.545056345034412471e-01 1.531124246999999938e+00
5.262415433999999692e+01 3.864607543396799127e-01 1.536660978000000011e+00
5.249175661999999676e+01 3.711516843029492585e-01 1.544659430999999916e+00
5.238330763999999817e+01 3.285398664791420176e-01 1.552242579000000067e+00
5.232206903000000153e+01 2.900272770275358347e-01 1.556606484000000012e+00
5.232175499000000229e+01 2.895927717732988960e-01 1.555986931999999934e+00
5.238236458000000084e+01 3.274132592923618690e-01 1.550508597000000099e+00
5.249018431999999734e+01 3.696034367237089890e-01 1.542016237999999984e+00
5.262196012999999795e+01 3.847122008948005711e-01 1.533217226999999960e+00
5.275032413000000275e+01 3.528106097181888390e-01 1.526867608999999959e+00
5.284778352000000012e+01 2.627114579646203651e-01 1.525229524000000003e+00
5.288904193999999848e+01 1.217052867878508499e-01 1.529656783999999936e+00
5.286142131999999805e+01 1.073527029184709325e-01 1.489410694000000035e+00
5.287768661999999864e+01 2.324349917121858455e-01 1.530255410000000094e+00
5.288997276999999997e+01 1.231606887440633291e-01 1.512035288000000088e+00
5.297155288999999811e+01 1.477531512552003878e-01 1.504879328999999988e+00
5.299932674000000077e+01 2.194403425178400868e-01 1.498652077000000027e+00
5.294864035999999885e+01 3.376194010899902787e-01 1.497113681000000085e+00
5.283950251000000264e+01 4.164587341700813350e-01 1.501316925000000024e+00
5.270368171999999873e+01 4.365595252356123668e-01 1.509992843000000029e+00
5.257802231000000148e+01 4.060704485460868152e-01 1.520046718999999991e+00
5.249987387000000183e+01 3.603172097989804090e-01 1.526894385000000076e+00
5.250007497000000001e+01 3.605244574591796036e-01 1.526408549999999975e+00
5.257834785000000011e+01 4.064545308184450145e-01 1.518765565000000040e+00
5.270388485000000145e+01 4.371613087921730756e-01 1.508163509000000069e+00
5.283957595999999768e+01 4.175451046026142365e-01 1.499142592999999968e+00
5.294873159000000129e+01 3.395615065685768652e-01 1.494787923000000074e+00
5.299977667999999653e+01 2.225606556937758107e-01 1.496397879000000097e+00
5.297330720000000071e+01 1.476807232909203571e-01 1.503237670000000081e+00
5.289502797000000101e+01 1.204670549990926737e-01 1.514035137000000031e+00
5.280792368000000181e+01 3.489292287407339543e-01 1.548244219000000088e+00
5.284804338000000001e+01 2.650172038079136594e-01 1.530696266999999944e+00
5.299834908999999783e+01 2.217565946440424041e-01 1.513020513999999928e+00
5.310848465000000118e+01 1.438642797284730435e-01 1.500629304999999913e+00
5.312924823000000174e+01 2.160876667995062506e-01 1.493991242999999969e+00
5.306781012999999803e+01 3.317691695452655298e-01 1.493152008999999891e+00
5.295174715999999648e+01 4.029239470060596018e-01 1.497107890999999968e+00
5.282065962000000070e+01 4.108267506792559476e-01 1.502984125000000004e+00
5.272423984000000274e+01 3.686767437314247831e-01 1.505598811000000037e+00
5.272478129999999652e+01 3.692226767323578129e-01 1.505355250999999894e+00
5.282159638000000257e+01 4.113182697969119950e-01 1.502175398000000106e+00
5.295268681000000299e+01 4.034537045213168471e-01 1.495901981000000047e+00
5.306876184000000052e+01 3.325776404445373591e-01 1.491770851000000064e+00
5.313038119000000137e+01 2.172622305083074246e-01 1.492658408999999908e+00
5.311015437999999733e+01 1.438635965173115927e-01 1.499606331000000070e+00
5.300144046999999858e+01 2.181299850112100036e-01 1.512847881999999977e+00
5.285388501999999988e+01 2.625810473345531193e-01 1.532765193999999997e+00
5.269345127999999789e+01 3.970349339873103234e-01 1.565541980000000111e+00
5.274994930999999809e+01 3.552394643647219796e-01 1.549427034000000036e+00
5.294722655999999716e+01 3.394561721592569414e-01 1.526822369000000013e+00
5.312875774999999834e+01 2.171228544202480348e-01 1.509234191000000003e+00
5.322501789999999744e+01 1.035856992409008998e-01 1.497928195999999934e+00
5.322787584999999666e+01 1.817369731569845326e-01 1.492433571999999931e+00
5.315548989999999918e+01 2.903238280308907404e-01 1.491700878000000063e+00
5.304272999999999882e+01 3.433323140815547903e-01 1.493084202999999999e+00
5.294157878000000039e+01 3.215962031902153684e-01 1.490580365000000018e+00
5.294238316999999938e+01 3.224365902445381904e-01 1.490587021000000068e+00
5.304402280000000047e+01 3.437437235502507904e-01 1.492622643000000027e+00
5.315681670000000025e+01 2.906978421653835798e-01 1.490888042999999996e+00
5.322926466999999917e+01 1.822972799485739481e-01 1.491493900999999900e+00
5.322664892000000236e+01 1.036269116740483331e-01 1.497078871999999894e+00
5.313099460000000107e+01 2.156358365614760852e-01 1.508711407999999921e+00
5.295093285000000094e+01 3.364170651090563346e-01 1.527051087999999890e+00
5.275625758999999704e+01 3.532564286821072153e-01 1.551225950000000076e+00
5.255746578000000113e+01 3.921102390437662955e-01 1.582503997999999967e+00
5.262100504000000001e+01 3.870178490190959719e-01 1.568786068999999950e+00
5.283783119000000283e+01 4.178917946581587328e-01 1.544357253000000041e+00
5.306698896999999704e+01 3.327333891654615794e-01 1.522635273999999983e+00
5.322752374000000231e+01 1.824292815669450729e-01 1.506978705000000085e+00
5.329654330000000328e+01 5.044280406098283071e-02 1.497134060000000044e+00
5.328065710999999993e+01 1.444473419821846738e-01 1.492033163000000107e+00
5.320553695000000261e+01 2.345950360533721468e-01 1.489241645999999974e+00
5.311592775999999816e+01 2.441759279389101311e-01 1.481813606000000005e+00
5.311697010999999691e+01 2.453285157089078183e-01 1.482057833999999907e+00
5.320705260999999808e+01 2.348779862241221206e-01 1.488989515999999957e+00
5.328219746999999984e+01 1.446792556204770652e-01 1.491430521999999925e+00
5.329816459999999978e+01 5.051286992552804500e-02 1.496411906999999930e+00
5.322942479999999676e+01 1.817109725600529191e-01 1.506342999999999988e+00
5.306955321000000225e+01 3.313120944852354643e-01 1.522282976999999926e+00
5.284192103000000174e+01 4.153867994476996284e-01 1.544577107999999921e+00
5.262759831000000332e+01 3.854112900810419129e-01 1.570012943999999910e+00
5.242323297000000082e+01 3.492566075912950652e-01 1.598008689000000038e+00
5.248871101999999667e+01 3.716506586137010015e-01 1.587230265999999945e+00
5.270177687999999705e+01 4.377686432067963707e-01 1.563841137000000048e+00
5.295058251999999754e+01 4.038619293295307444e-01 1.539928273999999986e+00
5.315474614000000031e+01 2.911266316667644460e-01 1.520763416000000090e+00
5.328024365000000273e+01 1.452812012584872026e-01 1.506990657000000011e+00
5.332245157999999918e+01 8.648232356233602133e-03 1.497810026000000017e+00
5.329624709000000138e+01 1.134486302823524001e-01 1.491129533000000063e+00
5.323298421999999874e+01 1.610232931757971664e-01 1.479197142999999937e+00
5.323426958000000297e+01 1.624071055176198042e-01 1.479642965999999893e+00
5.329788669999999939e+01 1.135567975349332653e-01 1.490892298999999976e+00
5.332408628999999678e+01 8.646571547681872541e-03 1.497207388999999944e+00
5.328197372000000342e+01 1.449739643903516506e-01 1.506270105000000026e+00
5.315680524999999790e+01 2.904053171301768099e-01 1.520120578000000000e+00
5.295339021000000201e+01 4.025054589142516570e-01 1.539512989999999970e+00
5.270618999999999943e+01 4.356202259141547795e-01 1.563792767000000028e+00
5.249546186999999975e+01 3.703066420494739996e-01 1.587695996999999970e+00
5.231380041999999975e+01 2.831549188415933282e-01 1.610015116000000024e+00
5.238043800999999888e+01 3.291266094903008699e-01 1.602086612999999993e+00
5.257575856999999786e+01 4.071839406779662607e-01 1.581925303000000005e+00
5.281891911999999678e+01 4.118920920138615105e-01 1.558665312000000025e+00
5.304129267999999797e+01 3.444619071261054155e-01 1.538051747999999996e+00
5.320436098999999786e+01 2.359713889155232169e-01 1.521640743000000073e+00
5.329546370999999994e+01 1.152453270936063395e-01 1.509047835000000060e+00
5.332017058000000276e+01 1.456287291886776414e-02 1.498615685999999947e+00
5.329539683000000139e+01 8.255832612150519612e-02 1.482690878000000101e+00
5.329692552000000205e+01 8.371592198916615046e-02 1.483253039000000051e+00
5.332183975000000231e+01 1.437583455810011526e-02 1.498117442999999938e+00
5.329710063000000275e+01 1.152140506568229833e-01 1.508192661000000045e+00
5.320613648999999867e+01 2.356185944533981114e-01 1.520705819000000014e+00
5.304350658999999979e+01 3.435998819159373219e-01 1.537223263000000006e+00
5.282204684999999955e+01 4.104271626432579034e-01 1.558033151999999921e+00
5.258058740999999969e+01 4.053282057256440973e-01 1.581472100000000047e+00
5.238723408999999975e+01 3.278941160791270515e-01 1.601817397999999892e+00
5.225018072000000302e+01 2.188178768448839906e-01 1.616202200999999894e+00
5.231943521000000175e+01 2.908881032254184151e-01 1.610467182999999913e+00
5.249710120000000302e+01 3.612943876973325752e-01 1.593896189999999935e+00
5.272144783000000245e+01 3.694508717660425767e-01 1.574095594000000098e+00
5.293864423000000130e+01 3.225654948132966604e-01 1.555962677999999988e+00
5.311284026999999952e+01 2.460471907673030811e-01 1.541149335000000065e+00
5.322995832000000149e+01 1.648738125008541167e-01 1.528896097000000065e+00
5.329307000000000016e+01 8.913078678682911926e-02 1.515906556000000016e+00
5.331214812000000336e+01 1.801043246223764382e-02 1.491480187000000068e+00
5.331383475999999888e+01 1.786466324859045315e-02 1.491977432999999964e+00
5.329462424999999826e+01 8.974809885308809854e-02 1.514328321999999893e+00
5.323143192999999940e+01 1.653405984759584724e-01 1.527307447999999956e+00
5.311457041999999973e+01 2.458530128727725583e-01 1.539752634999999925e+00
5.294104758999999660e+01 3.217261006309565241e-01 1.554829424000000015e+00
5.272502083999999911e+01 3.681779984036374631e-01 1.573184892000000001e+00
5.250236469000000028e+01 3.598526268513806969e-01 1.593056849999999969e+00
5.232615943999999786e+01 2.895686220008860667e-01 1.609753468999999937e+00
5.275790137999999985e+01 1.106160928289316031e-01 1.485743897999999952e+00
5.287930731000000151e+01 2.333318054326457558e-01 1.567461827000000030e+00
5.299086865000000302e+01 1.369652326243069596e-01 1.564125613000000081e+00
5.300836676000000125e+01 2.492185250085423298e-01 1.562675049000000094e+00
5.294252848000000000e+01 3.816060331906279690e-01 1.563585017999999938e+00
5.281946888000000229e+01 4.562584512124464586e-01 1.566702491999999891e+00
5.267181185999999826e+01 4.660384782719595442e-01 1.571120982999999915e+00
5.253442559999999872e+01 4.222964179757801029e-01 1.576064713000000062e+00
5.244264185000000111e+01 3.534373632042417945e-01 1.582972795999999960e+00
5.244081128999999919e+01 3.512743995660533303e-01 1.583104054999999954e+00
5.253067811999999748e+01 4.195864127102408858e-01 1.575146978000000031e+00
5.266697583999999921e+01 4.633719379582846853e-01 1.569256342000000082e+00
5.281375254000000297e+01 4.538607905764430739e-01 1.564076205999999969e+00
5.293609118999999907e+01 3.797503719623140928e-01 1.560330599000000040e+00
5.300141359999999935e+01 2.482016727442197535e-01 1.558943513000000003e+00
5.298371362999999690e+01 1.368849574818818415e-01 1.560151051000000066e+00
5.287275827999999933e+01 2.305997480355282958e-01 1.563827574999999914e+00
5.287783514000000196e+01 2.321443750590667932e-01 1.485868436000000070e+00
5.289534027999999921e+01 1.214431046712730888e-01 1.535458297999999999e+00
5.297572960000000108e+01 1.477938189222211540e-01 1.564694492000000103e+00
5.300258969000000064e+01 2.219203307390203439e-01 1.560732424000000007e+00
5.295144243000000017e+01 3.397022549087962973e-01 1.559068289000000052e+00
5.284197085000000271e+01 4.181962860221880018e-01 1.560748669999999949e+00
5.270583520999999649e+01 4.380580124685512500e-01 1.564565113000000007e+00
5.257975128999999725e+01 4.073274585642057133e-01 1.568600688000000076e+00
5.250073162000000337e+01 3.609083894281539528e-01 1.571223488000000001e+00
5.249945283999999646e+01 3.596175321378605183e-01 1.570708742999999963e+00
5.257658671000000083e+01 4.048180225675601096e-01 1.567035736000000012e+00
5.270146361999999840e+01 4.353190357787184994e-01 1.562104329999999930e+00
5.283668688000000202e+01 4.155259263216578569e-01 1.557583017000000014e+00
5.294542131000000040e+01 3.372570585451811764e-01 1.555373233999999938e+00
5.299596361999999772e+01 2.199402884814651016e-01 1.556710572000000070e+00
5.296856478000000124e+01 1.477152662648328896e-01 1.560718534000000046e+00
5.288952547000000237e+01 1.220971218350277027e-01 1.529219303000000085e+00
5.298905220999999699e+01 1.369641226709148729e-01 1.503686480000000047e+00
5.297394378999999986e+01 1.477877931948484991e-01 1.504922048000000068e+00
5.293153945000000249e+01 1.754381213640153481e-01 1.559271301999999970e+00
5.300656177999999841e+01 9.857504732460524444e-02 1.537540091999999969e+00
5.300290981999999929e+01 2.034975428245570372e-01 1.532913932000000035e+00
5.293089254000000210e+01 3.154167070708343013e-01 1.534090527999999898e+00
5.282054675999999915e+01 3.746350808020662559e-01 1.539561576999999959e+00
5.271159303000000307e+01 3.797927408724730003e-01 1.546506444000000036e+00
5.264386484999999993e+01 3.608752968333996392e-01 1.551039733000000087e+00
5.264333331000000271e+01 3.604644048981468507e-01 1.550189287000000027e+00
5.271004823999999900e+01 3.788268230814992310e-01 1.544143059999999901e+00
5.281812369000000018e+01 3.735431666557156305e-01 1.536075934999999948e+00
5.292778076999999826e+01 3.144914986686860314e-01 1.529834018999999934e+00
5.299933080000000274e+01 2.029397877165111386e-01 1.528059673000000007e+00
5.300277390000000111e+01 9.858382769578186156e-02 1.531693254999999976e+00
5.293060625999999758e+01 1.758361275916556221e-01 1.485960759999999992e+00
5.297388820999999837e+01 1.477797349874885591e-01 1.503180533000000096e+00
5.300651020000000102e+01 2.492060708561210369e-01 1.517451743999999936e+00
5.300033338000000072e+01 2.230789784036145418e-01 1.512824229000000020e+00
5.300436650999999699e+01 9.886041946378944234e-02 1.496309907000000106e+00
5.307507504000000154e+01 1.656913784383061694e-01 1.500349546000000034e+00
5.311570138999999813e+01 1.725231410151192579e-01 1.502629078000000007e+00
5.308413316000000037e+01 2.563521572121628123e-01 1.505396471999999930e+00
5.299801607999999931e+01 3.287912868358032759e-01 1.511943000999999898e+00
5.289542272999999994e+01 3.499581833913194551e-01 1.521378114000000004e+00
5.282411041000000296e+01 3.338319555624854051e-01 1.529342935000000070e+00
5.282414379000000082e+01 3.339537135661706513e-01 1.528590523000000090e+00
5.289533451999999869e+01 3.503287105855547590e-01 1.519370961999999992e+00
5.299767183000000159e+01 3.297562360468255793e-01 1.509118667000000080e+00
5.308370046000000286e+01 2.585602420421985181e-01 1.502191129999999930e+00
5.311566480999999840e+01 1.763546474827517307e-01 1.499475859999999994e+00
5.307663456000000224e+01 1.656918175516795544e-01 1.498064829999999903e+00
5.300852083000000192e+01 9.817440365191429374e-02 1.497100775000000050e+00
5.300199656000000203e+01 2.185114746337940839e-01 1.512701287000000061e+00
5.294073748000000279e+01 3.814159949946000494e-01 1.532834048000000005e+00
5.294902831000000276e+01 3.406223733823203759e-01 1.526414809999999900e+00
5.300057062999999857e+01 2.042552020211194641e-01 1.508949365999999959e+00
5.311482549000000120e+01 1.744612892282594585e-01 1.500036029999999965e+00
5.320340065999999979e+01 1.215577048729135218e-01 1.495464611000000055e+00
5.321934364999999900e+01 1.606833111380101542e-01 1.493796839000000043e+00
5.316755295000000103e+01 2.478196294864109250e-01 1.496256006000000083e+00
5.307848166000000134e+01 2.940103480270886416e-01 1.502355166000000075e+00
5.300238643000000138e+01 2.815363230250817472e-01 1.509107629000000061e+00
5.300286755999999855e+01 2.821052222571647783e-01 1.508683816000000011e+00
5.307927366999999919e+01 2.945966094543098768e-01 1.501109285000000071e+00
5.316829418999999746e+01 2.486848418682318096e-01 1.494430042000000070e+00
5.322020841999999874e+01 1.621617432038147677e-01 1.491818936999999901e+00
5.320488449999999858e+01 1.216330316644770454e-01 1.493841251999999953e+00
5.311784121000000169e+01 1.712143528547067362e-01 1.499511440999999889e+00
5.300523634000000328e+01 2.026615906061004779e-01 1.509999974999999939e+00
5.295150569999999846e+01 3.367775274706208966e-01 1.526738914000000058e+00
5.281782445999999709e+01 4.559022410861951480e-01 1.550742536000000005e+00
5.283956295000000125e+01 4.188683008593613866e-01 1.543609333000000028e+00
5.292857649999999836e+01 3.161348183676133128e-01 1.525070133000000050e+00
5.308297109000000091e+01 2.577512124011780981e-01 1.509884739000000087e+00
5.321894885999999758e+01 1.615368335478424289e-01 1.499227926999999960e+00
5.328696543000000219e+01 6.484428499814792746e-02 1.492507513000000063e+00
5.328123507000000103e+01 1.301518569322877572e-01 1.490032757999999902e+00
5.322146237999999840e+01 2.074566412993995579e-01 1.491116826000000062e+00
5.315044209999999936e+01 2.148784555176980471e-01 1.493281561000000091e+00
5.315130382000000253e+01 2.158858035994724311e-01 1.493266860999999945e+00
5.322274084000000016e+01 2.078458240647194366e-01 1.490454761000000072e+00
5.328249748999999724e+01 1.306899642045475374e-01 1.488820296000000099e+00
5.328843146999999902e+01 6.496463155893707209e-02 1.491188058999999955e+00
5.322110882999999859e+01 1.598385960426666197e-01 1.498287093000000070e+00
5.308657749000000337e+01 2.552345457653102390e-01 1.509855143000000011e+00
5.293359269999999839e+01 3.145789258117401288e-01 1.526014822999999909e+00
5.284257324000000011e+01 4.156899929653294912e-01 1.543943155000000012e+00
5.267041117000000128e+01 4.654721454091781396e-01 1.569727418000000041e+00
5.270356412999999662e+01 4.385344895107186058e-01 1.562476782999999925e+00
5.281839768999999762e+01 3.753872507407810533e-01 1.543735040000000058e+00
5.299677087999999969e+01 3.298340201375412062e-01 1.524750612999999921e+00
5.316693891999999977e+01 2.485808275341037654e-01 1.509359327000000084e+00
5.328097146000000350e+01 1.306950747276622582e-01 1.498119009000000057e+00
5.332460889000000037e+01 2.086194922071516952e-02 1.491058388999999984e+00
5.330626593000000213e+01 1.045678672183006780e-01 1.487287400000000037e+00
5.325419610000000148e+01 1.463633455628662594e-01 1.483511873000000092e+00
5.325540071000000353e+01 1.476714761868450909e-01 1.483830874999999994e+00
5.330777757999999977e+01 1.046593249558176592e-01 1.486787152000000001e+00
5.332610231999999684e+01 2.088469751446113756e-02 1.489981224000000104e+00
5.328273597999999822e+01 1.298767319652978092e-01 1.496959061000000091e+00
5.316947627999999781e+01 2.469991126568141515e-01 1.508572532000000077e+00
5.300072455000000105e+01 3.278845683898107266e-01 1.524686672999999937e+00
5.282363491000000266e+01 3.738822210141497515e-01 1.544247160999999924e+00
5.270703985000000102e+01 4.358132069001306452e-01 1.562565049999999900e+00
5.253343954999999710e+01 4.213655611947995094e-01 1.586811897000000027e+00
5.257775139999999681e+01 4.076709373958600224e-01 1.579492775000000071e+00
5.270973859000000061e+01 3.807247127917365859e-01 1.561301116999999961e+00
5.289413804000000141e+01 3.509810359718208428e-01 1.540923947000000016e+00
5.307759364999999718e+01 2.948934740410401600e-01 1.522900029000000099e+00
5.322080782999999826e+01 2.083226896932717787e-01 1.508605769999999957e+00
5.330583345000000151e+01 1.056226471320704519e-01 1.497987616999999938e+00
5.333222828000000248e+01 2.524630534302185758e-02 1.490035057000000052e+00
5.331250227999999680e+01 8.177395150400917911e-02 1.480298388000000021e+00
5.331400143999999841e+01 8.274933252475522028e-02 1.480677821000000005e+00
5.333379170999999985e+01 2.500821252086307331e-02 1.489139851000000014e+00
5.330740630999999752e+01 1.053190958674226629e-01 1.496569931000000020e+00
5.322276645000000173e+01 2.074042616020053686e-01 1.507227477000000038e+00
5.308043837000000309e+01 2.933795864776154727e-01 1.521961509000000046e+00
5.289833363000000332e+01 3.493491429290629946e-01 1.540558319999999926e+00
5.271504859000000209e+01 3.792204702880610512e-01 1.561226671000000010e+00
5.258182063999999656e+01 4.053670838272314669e-01 1.579241472000000091e+00
5.244253918999999797e+01 3.520957296679683157e-01 1.598178917000000032e+00
5.249924216000000143e+01 3.613974796015257951e-01 1.590107296000000003e+00
5.264241293999999982e+01 3.621635863789463561e-01 1.572287640999999958e+00
5.282277986999999797e+01 3.350231518885772308e-01 1.552356687999999929e+00
5.300097730000000240e+01 2.825075079021241997e-01 1.534524309999999891e+00
5.314882510000000337e+01 2.160635413695910501e-01 1.520532176999999985e+00
5.325243855000000082e+01 1.486921052361814266e-01 1.509916964999999944e+00
5.331102537000000297e+01 8.596982666374569648e-02 1.499928377999999896e+00
5.332999661000000202e+01 3.712657224089728480e-02 1.481304205999999901e+00
5.333163773999999790e+01 3.694949435181536096e-02 1.481423764999999948e+00
5.331251581000000073e+01 8.623844577182650240e-02 1.497761201000000097e+00
5.325401592000000051e+01 1.485644211636641954e-01 1.507795648999999960e+00
5.315093920000000338e+01 2.152836805168598655e-01 1.518885661999999970e+00
5.300402926000000292e+01 2.812731767970629848e-01 1.533468008000000049e+00
5.282699317000000150e+01 3.335525766119216140e-01 1.551734010999999969e+00
5.264760465999999894e+01 3.605299597926069910e-01 1.571794689000000078e+00
5.250407890999999694e+01 3.598183013668593278e-01 1.589605374000000015e+00
5.266878427999999701e+01 1.528740702158379872e-01 1.490893894000000053e+00
5.280928741000000315e+01 3.502090681864487021e-01 1.568383218999999995e+00
5.300825892000000295e+01 2.494080010667475145e-01 1.562834172000000077e+00
5.312398011999999881e+01 1.357863922309901217e-01 1.559509408000000041e+00
5.313872922000000187e+01 2.282911102451973817e-01 1.558566990000000096e+00
5.306751373000000171e+01 3.549788649119027806e-01 1.559985868000000053e+00
5.294075830999999965e+01 4.285866640837405761e-01 1.563065337000000055e+00
5.279804633999999908e+01 4.357245185518167085e-01 1.566627575000000050e+00
5.268726815000000130e+01 3.849146117906630526e-01 1.570725997999999901e+00
5.268469645999999784e+01 3.822782031750225351e-01 1.569954800000000095e+00
5.279310990999999831e+01 4.334408729207765987e-01 1.564383451999999952e+00
5.293473789000000096e+01 4.267939225625337341e-01 1.559928669999999906e+00
5.306079454000000339e+01 3.536978552865830405e-01 1.556296847999999899e+00
5.313159405999999763e+01 2.276230947815297834e-01 1.554552509999999943e+00
5.311672607999999940e+01 1.356718418440600316e-01 1.555371250999999955e+00
5.300130450999999709e+01 2.483944151581531368e-01 1.558852466999999908e+00
5.280371419000000088e+01 3.459983643002476073e-01 1.565274475000000054e+00
5.280814898999999940e+01 3.487371611245197456e-01 1.479218362999999981e+00
5.285375992000000167e+01 2.639800028416227629e-01 1.529499858000000101e+00
5.300330081999999976e+01 2.199924621795653346e-01 1.560492321999999987e+00
5.311268144000000291e+01 1.439309544446467082e-01 1.559406346999999915e+00
5.313303798999999827e+01 2.171402664954817652e-01 1.557747430000000044e+00
5.307128845999999811e+01 3.328420000056949157e-01 1.558380410000000049e+00
5.295490499999999656e+01 4.040078047724615651e-01 1.561033780999999898e+00
5.282333927999999901e+01 4.120349215860559244e-01 1.564419865000000076e+00
5.272566764999999833e+01 3.697830947235039023e-01 1.567472390999999909e+00
5.272350029999999776e+01 3.676529606668205163e-01 1.566485413999999965e+00
5.281871559999999732e+01 4.096357226371490912e-01 1.561840805999999970e+00
5.294910080999999735e+01 4.020523183774067921e-01 1.557530131000000040e+00
5.306474295999999669e+01 3.313366751779044383e-01 1.554366160999999913e+00
5.312602033000000290e+01 2.161761260245448346e-01 1.553494458999999939e+00
5.310541822999999795e+01 1.438081516502139057e-01 1.555147604000000072e+00
5.299604683999999821e+01 2.196405232680218311e-01 1.556515893999999900e+00
5.284819996000000231e+01 2.631137156943356703e-01 1.524737414000000069e+00
5.300660669999999897e+01 2.490216930279984531e-01 1.490985833999999954e+00
5.300201026999999954e+01 2.188559968232428321e-01 1.498500049000000001e+00
5.300909304000000333e+01 9.836126970113436008e-02 1.536500455999999959e+00
5.307917702999999676e+01 1.657685292410894240e-01 1.559285326999999999e+00
5.311871838999999795e+01 1.754069940991313803e-01 1.554044788999999982e+00
5.308663161999999858e+01 2.585258974087007999e-01 1.551587703000000040e+00
5.300014210999999875e+01 3.303336468051339958e-01 1.552881498999999943e+00
5.289706164999999771e+01 3.511346725107155065e-01 1.555848804999999890e+00
5.282480234999999880e+01 3.343711960660557536e-01 1.557667735999999969e+00
5.282341636999999679e+01 3.331972668636168367e-01 1.556381833000000103e+00
5.289350158999999962e+01 3.488313814138059854e-01 1.552542815000000020e+00
5.299520151000000112e+01 3.278540048264279028e-01 1.548444511000000023e+00
5.308075565000000040e+01 2.559858967631078452e-01 1.546657447999999935e+00
5.311212294999999983e+01 1.730720089603777490e-01 1.549054659999999917e+00
5.307191611999999736e+01 1.656420398432424113e-01 1.554675653000000102e+00
5.300344033999999738e+01 9.885588032878531162e-02 1.531257070999999970e+00
5.300041801999999791e+01 2.226362419162785655e-01 1.496217735000000104e+00
5.312219428000000221e+01 1.358751367801751542e-01 1.500183019999999923e+00
5.311093044999999790e+01 1.440085270622894764e-01 1.500335361000000090e+00
5.307749221000000261e+01 1.658244754755027195e-01 1.500260911000000030e+00
5.302564834999999732e+01 1.956889018014197623e-01 1.551653874000000100e+00
5.311497894000000031e+01 9.376776167406999929e-02 1.533107894000000027e+00
5.312952406000000138e+01 1.427900751361323717e-01 1.530456167000000089e+00
5.308216013999999916e+01 2.363322375996465552e-01 1.532951818999999993e+00
5.300842497000000009e+01 2.835249878580227145e-01 1.538230820000000110e+00
5.295393972000000105e+01 2.885773996375199379e-01 1.542126117000000018e+00
5.295326668999999953e+01 2.881457012930265238e-01 1.540803163999999947e+00
5.300651586000000037e+01 2.826160736218849001e-01 1.534662653999999904e+00
5.307928237000000138e+01 2.354910254011906567e-01 1.527949862999999908e+00
5.312599981000000327e+01 1.423519408927888252e-01 1.524665866000000092e+00
5.311114042999999896e+01 9.393589925196565993e-02 1.526497412999999970e+00
5.302468581000000114e+01 1.958769651384489330e-01 1.479277975000000023e+00
5.307735069999999666e+01 1.658317921452443222e-01 1.497920828000000038e+00
5.311085333999999847e+01 1.440198814210507383e-01 1.499389399000000012e+00
5.313694322999999997e+01 2.284065655984776899e-01 1.511180602000000039e+00
5.313111889999999704e+01 2.177122535040193207e-01 1.508749520999999927e+00
5.311670575000000127e+01 1.762657790719523165e-01 1.499790358999999906e+00
5.311327431000000132e+01 9.404030021519414750e-02 1.483284620000000054e+00
5.316854056999999756e+01 1.476697321018196341e-01 1.491810553999999955e+00
5.320842329999999976e+01 1.237995759176367533e-01 1.499862841999999974e+00
5.319039576000000125e+01 1.792041365172230560e-01 1.506254600000000110e+00
5.313522878999999932e+01 2.286349995398230528e-01 1.515015275999999966e+00
5.308665513999999774e+01 2.369708666052499080e-01 1.523123857999999942e+00
5.308659633999999983e+01 2.370871379601910967e-01 1.522080303000000079e+00
5.313491949000000147e+01 2.292024164844659040e-01 1.512236724000000088e+00
5.318986655999999869e+01 1.810778933237758570e-01 1.502465908000000017e+00
5.320817931999999928e+01 1.276440191043694550e-01 1.495899950999999950e+00
5.316991716999999795e+01 1.477343346597128348e-01 1.489037882999999951e+00
5.311685828000000242e+01 9.391483211882876991e-02 1.483751191000000080e+00
5.311847370000000268e+01 1.718857583941424128e-01 1.499281086000000096e+00
5.313177473999999734e+01 2.158485651539804318e-01 1.508340444999999974e+00
5.306581266999999968e+01 3.549659061826574424e-01 1.525648510999999985e+00
5.306936065000000013e+01 3.332989907122335671e-01 1.521792376999999918e+00
5.308464857999999964e+01 2.591386368010499819e-01 1.509414421000000006e+00
5.312798087000000180e+01 1.433783846495152170e-01 1.491763895999999923e+00
5.320790444000000008e+01 1.250764196318401300e-01 1.484958876000000094e+00
5.327227614000000244e+01 8.729481775224355589e-02 1.485203845000000022e+00
5.328369275000000016e+01 1.110682790274026832e-01 1.487914801999999925e+00
5.324840168000000062e+01 1.697233085105875894e-01 1.494444933999999892e+00
5.320284898999999967e+01 1.833161311162238571e-01 1.503972011999999969e+00
5.320333746000000019e+01 1.839332071713895012e-01 1.503422057000000089e+00
5.324916552999999908e+01 1.704543838992845506e-01 1.492843370999999975e+00
5.328449827000000028e+01 1.124050914540002111e-01 1.485685491999999996e+00
5.327360941999999966e+01 8.742132042939554371e-02 1.483235620999999949e+00
5.321062266999999935e+01 1.225389709471109145e-01 1.484382061999999891e+00
5.313180430999999970e+01 1.422800829071784179e-01 1.492500538999999904e+00
5.308723150000000146e+01 2.557603608626530245e-01 1.509434031999999926e+00
5.307047700999999762e+01 3.314730395972019794e-01 1.521568792000000059e+00
5.293921319999999753e+01 4.284162221593258435e-01 1.543216943000000008e+00
5.295308160999999814e+01 4.043233547379004311e-01 1.538402637999999989e+00
5.299839013999999793e+01 3.307861451097943162e-01 1.523919691999999992e+00
5.308096177000000182e+01 2.369033259041046224e-01 1.504477367000000010e+00
5.318995893000000308e+01 1.799627885923172910e-01 1.490553833999999966e+00
5.328364899999999693e+01 1.113217801088409870e-01 1.483252612000000026e+00
5.333000022000000229e+01 4.195124742718316785e-02 1.480213380999999995e+00
5.332479398000000259e+01 9.535552529027642443e-02 1.481421797000000096e+00
5.329000046000000168e+01 1.318358466915936222e-01 1.487733207000000002e+00
5.329098692000000170e+01 1.328560200841184535e-01 1.487636605999999917e+00
5.332609398000000311e+01 9.562090319813303096e-02 1.480439738000000061e+00
5.333136412999999720e+01 4.200864905279980827e-02 1.478653776000000031e+00
5.328557770999999832e+01 1.099145840668265955e-01 1.482028386000000086e+00
5.319304830000000095e+01 1.782720422359821977e-01 1.490418867000000036e+00
5.308490050999999710e+01 2.357727653132563328e-01 1.505042006999999904e+00
5.300148293000000166e+01 3.282346618032188079e-01 1.523923439000000046e+00
5.295458296000000331e+01 4.025461706916161897e-01 1.538130766999999954e+00
5.279674811999999662e+01 4.352464449908994837e-01 1.561682685000000070e+00
5.282172299999999865e+01 4.121833476636188598e-01 1.555853804000000062e+00
5.289573945000000066e+01 3.516157228826748971e-01 1.539536170999999953e+00
5.300773224000000283e+01 2.843176124564672502e-01 1.518714520000000068e+00
5.313507828000000188e+01 2.293761805930422115e-01 1.500505731000000065e+00
5.324848730000000074e+01 1.700947173146938607e-01 1.487745531999999926e+00
5.332487125000000106e+01 9.554470442587005563e-02 1.479939338999999965e+00
5.335468130999999659e+01 4.438388149107136416e-02 1.476157023000000068e+00
5.334336009999999817e+01 8.574628888148914940e-02 1.476037652999999894e+00
5.334476742999999743e+01 8.647552940359273799e-02 1.475945258000000093e+00
5.335613974999999698e+01 4.421757841111551013e-02 1.474837877999999991e+00
5.332643798000000146e+01 9.498454811771109285e-02 1.478216264999999918e+00
5.325067391999999700e+01 1.689354994110697228e-01 1.486545165999999973e+00
5.313825955000000079e+01 2.281783404290700923e-01 1.500198444000000020e+00
5.301164035000000041e+01 2.831373696292783237e-01 1.518798018000000027e+00
5.289927541000000133e+01 3.495412613204112451e-01 1.539264171999999986e+00
5.282374899999999940e+01 4.102508740704072787e-01 1.555407055999999955e+00
5.268659942000000029e+01 3.837229014736091570e-01 1.577205956000000020e+00
5.272458022000000000e+01 3.697672889356072856e-01 1.569159852000000077e+00
5.282420375000000234e+01 3.352853987407403702e-01 1.550383126999999917e+00
5.295385358000000053e+01 2.898448040511872881e-01 1.528709893999999903e+00
5.308680758999999938e+01 2.381632011679244154e-01 1.508627130999999899e+00
5.320295962000000145e+01 1.843534432018761327e-01 1.492768813000000083e+00
5.328990105999999827e+01 1.330706099065636916e-01 1.481924089000000055e+00
5.334309540000000283e+01 8.756086124921830249e-02 1.474762804000000038e+00
5.336246049999999741e+01 6.015525218131420604e-02 1.464439245999999972e+00
5.336404389999999864e+01 5.995550435849013315e-02 1.464279968000000043e+00
5.334452119000000181e+01 8.760525991447604133e-02 1.472477191000000074e+00
5.329151896999999849e+01 1.327274216885017122e-01 1.480018457999999981e+00
5.320516085999999945e+01 1.835508389863596268e-01 1.491619121000000048e+00
5.308979048999999861e+01 2.370553492410608643e-01 1.508088810999999918e+00
5.295753756999999950e+01 2.884849029342076432e-01 1.528372135999999992e+00
5.282811972999999739e+01 3.336163060298305560e-01 1.549883718000000021e+00
5.272753926000000035e+01 3.680708576986631564e-01 1.568550853999999939e+00
5.255646322999999853e+01 1.786859947848571106e-01 1.497107098000000081e+00
5.269453249000000028e+01 3.984232293460664431e-01 1.571248581999999949e+00
5.294230552999999873e+01 3.818183852308916770e-01 1.563936565999999972e+00
5.313860696999999789e+01 2.284707539873515048e-01 1.558804832999999945e+00
5.323654501000000039e+01 9.710064041482342756e-02 1.556262690999999920e+00
5.323501371999999776e+01 1.891716595525056166e-01 1.556162695999999901e+00
5.315551846000000324e+01 3.051600438211473088e-01 1.557816427999999975e+00
5.303403594000000254e+01 3.621419528086167183e-01 1.559850229999999893e+00
5.292131320000000017e+01 3.406970245949360598e-01 1.561169652000000019e+00
5.291805945000000122e+01 3.372896029799011819e-01 1.559321787000000015e+00
5.302825571000000338e+01 3.602113561435472122e-01 1.556169257999999944e+00
5.314880400999999921e+01 3.040019487522482300e-01 1.553458803000000055e+00
5.322782595000000327e+01 1.886282770341196069e-01 1.551581934999999968e+00
5.322921253999999891e+01 9.706506683910484656e-02 1.551715796999999952e+00
5.313147141999999690e+01 2.278040137042311730e-01 1.554498791999999963e+00
5.293586634999999774e+01 3.799665966904863246e-01 1.560168264999999943e+00
5.268995089999999948e+01 3.938740730255438915e-01 1.568726953999999951e+00
5.269370228999999739e+01 3.969762626981997444e-01 1.482250155000000014e+00
5.275569866000000019e+01 3.547447849019661481e-01 1.530153620000000103e+00
5.295237193999999903e+01 3.383406660491832807e-01 1.558887871999999897e+00
5.313328347000000207e+01 2.164381714977469395e-01 1.557841916000000104e+00
5.322921834999999646e+01 1.036113416885634658e-01 1.555494272000000011e+00
5.323182871000000205e+01 1.823273126699271052e-01 1.555016753000000085e+00
5.315917624000000075e+01 2.910326138333089174e-01 1.556375019999999942e+00
5.304598339000000351e+01 3.443475157564470090e-01 1.558402550000000053e+00
5.294344071999999812e+01 3.233111075959438918e-01 1.559960223000000035e+00
5.294047000999999852e+01 3.201842902602631269e-01 1.557999107999999966e+00
5.304037540000000206e+01 3.422737361174845727e-01 1.554365417000000082e+00
5.315256815000000046e+01 2.897450803070433789e-01 1.551617432000000019e+00
5.322470348000000229e+01 1.816310730313581423e-01 1.550084803000000067e+00
5.322187888999999927e+01 1.035632965885700668e-01 1.550685348000000019e+00
5.312600205999999758e+01 2.161151325818057300e-01 1.553382873999999969e+00
5.294549016999999935e+01 3.371115258214983368e-01 1.555044751999999919e+00
5.275067975999999703e+01 3.532478963787876181e-01 1.526165994999999942e+00
5.294089581000000067e+01 3.812504016179728006e-01 1.486948769000000059e+00
5.295135427999999678e+01 3.374401947797280310e-01 1.496819198999999934e+00
5.300554079999999857e+01 2.033821889050581033e-01 1.532098100000000018e+00
5.311969598999999675e+01 1.730933609242080451e-01 1.553685245999999909e+00
5.320748648000000003e+01 1.216159000030538617e-01 1.553386418999999963e+00
5.322293808999999953e+01 1.618853639892016139e-01 1.551575576000000067e+00
5.317077414999999974e+01 2.489809185643382938e-01 1.551857470000000072e+00
5.308117831999999936e+01 2.953244110077433149e-01 1.553560480000000021e+00
5.300367081000000269e+01 2.827906188935187526e-01 1.554836915999999958e+00
5.300138805000000275e+01 2.805209983107671556e-01 1.552630496999999998e+00
5.307615837000000170e+01 2.928824513217295755e-01 1.548645566999999890e+00
5.316450691000000006e+01 2.472269762943528348e-01 1.546009411000000000e+00
5.321598494999999929e+01 1.607832261243974104e-01 1.545637920999999970e+00
5.320016428000000275e+01 1.215535977024575498e-01 1.547809486000000012e+00
5.311239714999999961e+01 1.724018712982889057e-01 1.548725115000000097e+00
5.300002591999999879e+01 2.032251111602578486e-01 1.527489134999999942e+00
5.294937559000000249e+01 3.397713937064064660e-01 1.494442416000000051e+00
5.313701071999999925e+01 2.282791791971565398e-01 1.491379631000000039e+00
5.313184825999999816e+01 2.159910613742371810e-01 1.493624638000000004e+00
5.311855606999999679e+01 1.720243937335456663e-01 1.502176049000000013e+00
5.311756265000000354e+01 9.386845293130313683e-02 1.531834152999999921e+00
5.317252234000000044e+01 1.477276536836368837e-01 1.550427588000000023e+00
5.321123725999999721e+01 1.266992090175313168e-01 1.544930064999999964e+00
5.319260598000000329e+01 1.812475512452509374e-01 1.542734395999999952e+00
5.313687168999999955e+01 2.299516000692017337e-01 1.543587062000000065e+00
5.308730281999999789e+01 2.375730086305943012e-01 1.544142818999999944e+00
5.308578587000000226e+01 2.363396059820501716e-01 1.541819065999999960e+00
5.313298078999999774e+01 2.275780177441616703e-01 1.537870392999999947e+00
5.318722877999999810e+01 1.785830020716784317e-01 1.535530185999999908e+00
5.320481911000000252e+01 1.242113203242720815e-01 1.537484403999999971e+00
5.316523481000000118e+01 1.476643972218445733e-01 1.543671237000000085e+00
5.311208563000000282e+01 9.433775976866590196e-02 1.525737569999999987e+00
5.311657026000000315e+01 1.763530510344517577e-01 1.499072281999999978e+00
5.313114297999999991e+01 2.174131963840536252e-01 1.492348414000000068e+00
5.323491735999999719e+01 9.736449701016518243e-02 1.498071968000000087e+00
5.322763033999999749e+01 1.038566686608822648e-01 1.497435421999999905e+00
5.320596711999999684e+01 1.218324575218251299e-01 1.495006435000000078e+00
5.317109694999999903e+01 1.479282851632761631e-01 1.491542995000000094e+00
5.312759607000000273e+01 1.784508562018862488e-01 1.537425722000000050e+00
5.321071820000000230e+01 8.909753026098989059e-02 1.523148732999999977e+00
5.323176398999999748e+01 1.106045760618512286e-01 1.522428515999999954e+00
5.320857638999999750e+01 1.720018938277253773e-01 1.525553508000000003e+00
5.317944286000000176e+01 1.962035329908868586e-01 1.528223863000000016e+00
5.317866304000000355e+01 1.957931903503924154e-01 1.526122151000000038e+00
5.320640908000000024e+01 1.712653643120210234e-01 1.520009401999999898e+00
5.322859866999999667e+01 1.102852173663564361e-01 1.514863217999999900e+00
5.320698595999999725e+01 8.955940721737801202e-02 1.514236485999999937e+00
5.312669694000000220e+01 1.785180433405657019e-01 1.467519931000000000e+00
5.317089110999999946e+01 1.479475392419538071e-01 1.488665461999999939e+00
5.320580868999999780e+01 1.218622049529101414e-01 1.493431034999999962e+00
5.322754471999999737e+01 1.038798332120565299e-01 1.496679518999999958e+00
5.323343830000000310e+01 1.894171651822563196e-01 1.508486511000000085e+00
5.323023392000000342e+01 1.827632894013349607e-01 1.506190871000000042e+00
5.322139722000000006e+01 1.624173554207241355e-01 1.498585368000000084e+00
5.320980973999999719e+01 1.272149987462664611e-01 1.484656709000000019e+00
5.320971657999999849e+01 8.986003247834277452e-02 1.465254480000000026e+00
5.325436821000000265e+01 1.167830818997923209e-01 1.476171102999999984e+00
5.329069356000000113e+01 9.480404646707715766e-02 1.489577866000000084e+00
5.328662208000000078e+01 1.330859979375212110e-01 1.499881411000000053e+00
5.326693664999999811e+01 1.588774452092411582e-01 1.509103277999999992e+00
5.326686186999999961e+01 1.590091189039777309e-01 1.507568422999999935e+00
5.328632049000000137e+01 1.340708795500063777e-01 1.495948486000000077e+00
5.329049990000000037e+01 9.767076062125377989e-02 1.484734019000000016e+00
5.325564178999999854e+01 1.168956317478710705e-01 1.473067917000000060e+00
5.321282664000000295e+01 8.959899422538304681e-02 1.466313069999999996e+00
5.321142131999999947e+01 1.235233168891249483e-01 1.484002217000000012e+00
5.322211672000000249e+01 1.602169272664135669e-01 1.497704265999999951e+00
5.323051472000000217e+01 1.817970588843977053e-01 1.505664636999999972e+00
5.315403384999999759e+01 3.052837265850952275e-01 1.522853790000000096e+00
5.315765789999999669e+01 2.913514364047652405e-01 1.519360091000000024e+00
5.316940825999999731e+01 2.492971018439085196e-01 1.508315158000000045e+00
5.319158608000000044e+01 1.814321762881751787e-01 1.490079676999999991e+00
5.323136574000000110e+01 1.112103559993525836e-01 1.469393882999999956e+00
5.329085659999999791e+01 9.533988386217548405e-02 1.461950472000000056e+00
5.333993333000000092e+01 7.094286304797989273e-02 1.466357503000000007e+00
5.335268294000000111e+01 9.299870248192783351e-02 1.475234527000000018e+00
5.333902935999999784e+01 1.242536168045629830e-01 1.489420036999999919e+00
5.333963726000000349e+01 1.247638860025348101e-01 1.488472097999999910e+00
5.335361087999999796e+01 9.366698860431270368e-02 1.473061294000000077e+00
5.334121266999999733e+01 7.104977843410602290e-02 1.464193885000000028e+00
5.329321845999999852e+01 9.379844806003674595e-02 1.461671611000000093e+00
5.323441857000000255e+01 1.104590974078971388e-01 1.470338729999999927e+00
5.319382038999999907e+01 1.789287452255486077e-01 1.489904845000000089e+00
5.317066367000000326e+01 2.472302250573966964e-01 1.507598605999999952e+00
5.315820716000000346e+01 2.903199791423285436e-01 1.518842626999999945e+00
5.303264151999999854e+01 3.620830992700398432e-01 1.540147756000000090e+00
5.304457606999999797e+01 3.445373700192497779e-01 1.535417433000000109e+00
5.308015503000000024e+01 2.954843668315963456e-01 1.521121052000000029e+00
5.313651528999999840e+01 2.301969100286301584e-01 1.499777216000000024e+00
5.320897080999999673e+01 1.726558392692309485e-01 1.477099305000000085e+00
5.328747088000000076e+01 1.335607295386549154e-01 1.461356788000000018e+00
5.335337992000000185e+01 9.283722911657504850e-02 1.455872223999999937e+00
5.338831854000000021e+01 6.755877758188401361e-02 1.458251640000000071e+00
5.338827037000000075e+01 9.472391003199513715e-02 1.470276834000000088e+00
5.338951034000000107e+01 9.518954369563711881e-02 1.469202533999999893e+00
5.338969886999999659e+01 6.751792218217278485e-02 1.456408533999999921e+00
5.335505733000000106e+01 9.219361398506160932e-02 1.454381224000000028e+00
5.328987014999999872e+01 1.327276153979881634e-01 1.461205166999999916e+00
5.321182576000000353e+01 1.718543223802455611e-01 1.477442616000000042e+00
5.313906821999999863e+01 2.284969404556814743e-01 1.499456429999999951e+00
5.308193125999999751e+01 2.934461718441561673e-01 1.520277982000000083e+00
5.304546064000000172e+01 3.432373619426716260e-01 1.534753945000000064e+00
5.292022099999999796e+01 3.397398820365084005e-01 1.558266445999999972e+00
5.294239819999999952e+01 3.229578017719690886e-01 1.550877754000000053e+00
5.300340780999999879e+01 2.830404749093755612e-01 1.531711733999999936e+00
5.308791254999999865e+01 2.384318388012026113e-01 1.507636310000000091e+00
5.318069610999999952e+01 1.973884732129528308e-01 1.483676428000000103e+00
5.326850518999999906e+01 1.600735812197329744e-01 1.463513022000000108e+00
5.334056601999999714e+01 1.253408319224800227e-01 1.449676267999999935e+00
5.338939291999999881e+01 9.556255674471582362e-02 1.443315421999999959e+00
5.340998762000000255e+01 8.161864838439215897e-02 1.441651357000000022e+00
5.341151743000000351e+01 8.140637729795663358e-02 1.441517941999999941e+00
5.339075698999999986e+01 9.548879131557716504e-02 1.441488888000000079e+00
5.334214390000000350e+01 1.249398008236228680e-01 1.448549343000000045e+00
5.327053710999999936e+01 1.593388489250525952e-01 1.463060526000000028e+00
5.318318225000000155e+01 1.963953926015036544e-01 1.483424646000000013e+00
5.309062807000000106e+01 2.371046929105666556e-01 1.507116340999999915e+00
5.300591519000000318e+01 2.813208824778287709e-01 1.530798910999999984e+00
5.294401438999999954e+01 3.214028306903075061e-01 1.550019196999999904e+00
5.243398368999999803e+01 1.821832689334973165e-01 1.503349749000000068e+00
5.255819217999999893e+01 3.935515755299713869e-01 1.575341574999999938e+00
5.281907171000000289e+01 4.564974133884132645e-01 1.567306014999999997e+00
5.306719269999999966e+01 3.552474313830052410e-01 1.560579610000000006e+00
5.323480195999999864e+01 1.895182156352416547e-01 1.556558308000000057e+00
5.330404181000000108e+01 4.525380531417373675e-02 1.555155848999999924e+00
5.328466182999999745e+01 1.498963837256700182e-01 1.555635419999999991e+00
5.320403824000000270e+01 2.450068207114544927e-01 1.556500849999999936e+00
5.310638709999999918e+01 2.587507338603200480e-01 1.555710987999999961e+00
5.310241984999999687e+01 2.542759237100870595e-01 1.552537064000000022e+00
5.319766071000000096e+01 2.434613605304611073e-01 1.551358465000000075e+00
5.327759396999999808e+01 1.493032998149029233e-01 1.550159967999999999e+00
5.329674553000000259e+01 4.536958190625524356e-02 1.549845506999999900e+00
5.322761288000000235e+01 1.889771336791357947e-01 1.551669860999999928e+00
5.306047174999999783e+01 3.539695826839315274e-01 1.556313140000000095e+00
5.281335174000000166e+01 4.541058063695305180e-01 1.563943359999999894e+00
5.255451054000000255e+01 3.893052811899154753e-01 1.573445573999999958e+00
5.255769983999999795e+01 3.921974478913040629e-01 1.491314004999999998e+00
5.262662904999999824e+01 3.868196353306805890e-01 1.535460386000000010e+00
5.284293479000000104e+01 4.172811818259645200e-01 1.560666152999999889e+00
5.307156395999999887e+01 3.323231938182555356e-01 1.558712934000000105e+00
5.323184119999999808e+01 1.821300879269663331e-01 1.555311997000000002e+00
5.330067934000000207e+01 5.039007460796969540e-02 1.553728406999999923e+00
5.328460127000000313e+01 1.448381085303513671e-01 1.553948351999999922e+00
5.320914779999999666e+01 2.353789783049574091e-01 1.554738460999999905e+00
5.311819839000000343e+01 2.466419560005989886e-01 1.554338722000000006e+00
5.311442255000000046e+01 2.422923818949160313e-01 1.550992503000000022e+00
5.320286434999999869e+01 2.337252404023182073e-01 1.549124948000000002e+00
5.327758219999999767e+01 1.441495215551850950e-01 1.547985428000000052e+00
5.329338503999999688e+01 5.048760805227024001e-02 1.548000822000000110e+00
5.322457458000000230e+01 1.817854180180230594e-01 1.550110961999999981e+00
5.306461499000000259e+01 3.313737628407429359e-01 1.554251892999999995e+00
5.283667627999999894e+01 4.155076365986918874e-01 1.557178810999999996e+00
5.262226240999999760e+01 3.851604796406158937e-01 1.532173366000000092e+00
5.281801387000000148e+01 4.557846847174032434e-01 1.489756523000000055e+00
5.284217800999999781e+01 4.165352456753560473e-01 1.500799757000000012e+00
5.293354927000000032e+01 3.154866880477766311e-01 1.533222107000000056e+00
5.308796180000000220e+01 2.569868276578947119e-01 1.551206491000000076e+00
5.322335984000000053e+01 1.607597128553446553e-01 1.551575291000000023e+00
5.329097724999999741e+01 6.483434068913712656e-02 1.549612195999999997e+00
5.328495626000000129e+01 1.307865255633530455e-01 1.549004947000000021e+00
5.322478687000000264e+01 2.084720344935014069e-01 1.549466181000000109e+00
5.315229870000000290e+01 2.170701010434640532e-01 1.549531103000000076e+00
5.314906357000000270e+01 2.133372231732296453e-01 1.545776212999999899e+00
5.321880594999999659e+01 2.065001447418421121e-01 1.542570191999999896e+00
5.327807469999999768e+01 1.298927264501686107e-01 1.541640252999999960e+00
5.328372414999999762e+01 6.491604884918028562e-02 1.542662860000000080e+00
5.321607881999999989e+01 1.604544103670922095e-01 1.545460110000000054e+00
5.308112395999999933e+01 2.556038371828759370e-01 1.546129839000000006e+00
5.292850236999999680e+01 3.148434928787727793e-01 1.529038086999999990e+00
5.284022142999999971e+01 4.178211121394005967e-01 1.498544424000000097e+00
5.306592283999999893e+01 3.548535694856664313e-01 1.489153270000000084e+00
5.307044819000000047e+01 3.318330269372598562e-01 1.492666803000000098e+00
5.308713705000000260e+01 2.562118160479627260e-01 1.504688491000000017e+00
5.313228327000000206e+01 1.427718660215068214e-01 1.529228580000000060e+00
5.321245633000000197e+01 1.242497307013072788e-01 1.544236633999999997e+00
5.327616488999999689e+01 8.728491874616815804e-02 1.543278627000000069e+00
5.328705838999999855e+01 1.122469337074573498e-01 1.541094637999999906e+00
5.325120470000000239e+01 1.710927763437157245e-01 1.540636928000000072e+00
5.320417290999999693e+01 1.847843562433847953e-01 1.540130951000000081e+00
5.320165802999999727e+01 1.822868139333005677e-01 1.536021687999999941e+00
5.324580707999999873e+01 1.687508977266367061e-01 1.532100664999999973e+00
5.328045279999999906e+01 1.109605782588869299e-01 1.531643907999999943e+00
5.326898595000000114e+01 8.738245112300900563e-02 1.534432701000000066e+00
5.320536709000000286e+01 1.232029816013039542e-01 1.536834175000000080e+00
5.312709239000000139e+01 1.426957333588834698e-01 1.523641970999999984e+00
5.308471993999999938e+01 2.586999543062126206e-01 1.501512257999999989e+00
5.306955777000000296e+01 3.327736975313553835e-01 1.491315163000000110e+00
5.323348430000000064e+01 1.893246872360207222e-01 1.491501487000000070e+00
5.323059698000000139e+01 1.818819464990021062e-01 1.491931759999999940e+00
5.322221360000000345e+01 1.604437671720227998e-01 1.493173850000000025e+00
5.321155193999999966e+01 1.235003991125060846e-01 1.498927254999999903e+00
5.321356662000000171e+01 8.945860831946218783e-02 1.521148849000000025e+00
5.325816101000000202e+01 1.167431377176910978e-01 1.535484367000000017e+00
5.329329427999999780e+01 9.696749425548328860e-02 1.529897360999999956e+00
5.328844999999999743e+01 1.344834634989427735e-01 1.527516668999999938e+00
5.326765498000000321e+01 1.594774652939665860e-01 1.525859046999999968e+00
5.326593636999999859e+01 1.583762813919006862e-01 1.521792699999999998e+00
5.328412336000000238e+01 1.323927066439928857e-01 1.517855197000000045e+00
5.328734769999999799e+01 9.504384594144600629e-02 1.518201922000000037e+00
5.325107609999999880e+01 1.168912109983869657e-01 1.524289278999999997e+00
5.320840935999999743e+01 9.023725512536942550e-02 1.512758934999999916e+00
5.320951963000000262e+01 1.276119947101329588e-01 1.495017162999999982e+00
5.322130754999999880e+01 1.622141589316017651e-01 1.491225921999999926e+00
5.323022552999999846e+01 1.825384286301571790e-01 1.491058063999999961e+00
5.330275584999999694e+01 4.570593827016933286e-02 1.497852256999999909e+00
5.329943529999999896e+01 5.081876729444807783e-02 1.496455533000000004e+00
5.328980677999999926e+01 6.523951503201907975e-02 1.491810826999999895e+00
5.327509408000000235e+01 8.769226519513506624e-02 1.484509523000000053e+00
5.325721138000000110e+01 1.171707035661056356e-01 1.475756762000000055e+00
5.324004276000000146e+01 1.511908648772758990e-01 1.513302154000000010e+00
5.331060360000000031e+01 9.650844489781949809e-02 1.505790310000000076e+00
5.333588005000000010e+01 1.119461487391886084e-01 1.506489831999999973e+00
5.333489117999999962e+01 1.401787280171730710e-01 1.507754430999999951e+00
5.333401178999999814e+01 1.399812831956586678e-01 1.504292635000000100e+00
5.333349876999999850e+01 1.119307955898515006e-01 1.497478622000000037e+00
5.330726222999999919e+01 9.721801217050159150e-02 1.493179975999999964e+00
5.323933937000000327e+01 1.512961181311043013e-01 1.448276765999999993e+00
5.325700410999999690e+01 1.172058788647462046e-01 1.472370699999999921e+00
5.327489664000000147e+01 8.773138910546665614e-02 1.482496401999999991e+00
5.328965397000000337e+01 6.528179766124622696e-02 1.490526422000000073e+00
5.329935217999999963e+01 5.085033045569554294e-02 1.495815582000000088e+00
5.328341618000000324e+01 1.502993436307774600e-01 1.508548121000000020e+00
5.328340865999999920e+01 1.452659185728315816e-01 1.505833501999999990e+00
5.328391896000000116e+01 1.311153727562744953e-01 1.497118227999999940e+00
5.328626273999999796e+01 1.124599078850001266e-01 1.482532344000000002e+00
5.329283883000000088e+01 9.729095483423857993e-02 1.461774582000000100e+00
5.331068021000000101e+01 9.780721617901756704e-02 1.437655995999999936e+00
5.335412226999999774e+01 1.044406470565654721e-01 1.451247581000000064e+00
5.338873458999999855e+01 1.000381612495078176e-01 1.473048866000000068e+00
5.339654709999999938e+01 1.210534427890912756e-01 1.487590415999999971e+00
5.339655005000000187e+01 1.211638931543751602e-01 1.484920642000000068e+00
5.338882024000000115e+01 1.011343297996615542e-01 1.467206183000000053e+00
5.335542854999999918e+01 1.046494308800678674e-01 1.447698187000000081e+00
5.331330487999999690e+01 9.725559238784431404e-02 1.439921336000000052e+00
5.329420057000000099e+01 9.484545810872999083e-02 1.461214516999999935e+00
5.328687490000000082e+01 1.104994786998975687e-01 1.481244030999999906e+00
5.328418075999999814e+01 1.299597051843093265e-01 1.496000390000000069e+00
5.328350188999999659e+01 1.447445536488336515e-01 1.505212546999999956e+00
5.320274836000000107e+01 2.453723864097977214e-01 1.523402568000000068e+00
5.320796542000000073e+01 2.357652931703483890e-01 1.519430175999999966e+00
5.322396838000000230e+01 2.086185413322320659e-01 1.506931980000000060e+00
5.325095865000000117e+01 1.709912783477442189e-01 1.486824246000000072e+00
5.328894928999999792e+01 1.345966852271971992e-01 1.461184613999999993e+00
5.333715332999999958e+01 1.128525214838937141e-01 1.436268458000000026e+00
5.339009345000000195e+01 1.005835100546042943e-01 1.426990183000000023e+00
5.343041075000000006e+01 8.896784204497777682e-02 1.438484142000000077e+00
5.344335534999999737e+01 1.018822534885961834e-01 1.464614577999999945e+00
5.344430235000000096e+01 1.021235508039018691e-01 1.461467652999999922e+00
5.343178123999999940e+01 8.911576551936577217e-02 1.435781823999999984e+00
5.339204338999999777e+01 1.000711825117386461e-01 1.427065274999999911e+00
5.333935051000000271e+01 1.122424000814563061e-01 1.437324062999999930e+00
5.329065957000000253e+01 1.332059246958743615e-01 1.460826632000000069e+00
5.325205549999999732e+01 1.692504511093598507e-01 1.485554870000000083e+00
5.322458350000000138e+01 2.072358676492599694e-01 1.505620390000000031e+00
5.320823443999999824e+01 2.350341271265444232e-01 1.518639223000000094e+00
5.310502318000000344e+01 2.582258200509275903e-01 1.542987096000000058e+00
5.311708602000000212e+01 2.462678262675516150e-01 1.536399765000000084e+00
5.315204544000000197e+01 2.167325173826840645e-01 1.517603991999999957e+00
5.320498046000000159e+01 1.849058616635156638e-01 1.491543427999999949e+00
5.326942927000000338e+01 1.602431254097592128e-01 1.463299310000000020e+00
5.333737411999999978e+01 1.413061170538056077e-01 1.437563726999999902e+00
5.339935923000000173e+01 1.222450964223433106e-01 1.418501055999999982e+00
5.344584482999999864e+01 1.029383396121256872e-01 1.409800383999999962e+00
5.346835235000000353e+01 9.370984566352746903e-02 1.414141262000000010e+00
5.346985090999999812e+01 9.340791184920775592e-02 1.415053383000000053e+00
5.344712451000000186e+01 1.026821962993541559e-01 1.409089999999999954e+00
5.340076948000000101e+01 1.217093698510244432e-01 1.418302010999999974e+00
5.333900520000000256e+01 1.405825841455821956e-01 1.437442864999999959e+00
5.327117395999999871e+01 1.593015176602883276e-01 1.462732557999999905e+00
5.320662810000000320e+01 1.835555808668000444e-01 1.490347043999999954e+00
5.315335568999999794e+01 2.150811339301394731e-01 1.516090114000000044e+00
5.311782532000000145e+01 2.450169612870208291e-01 1.535294592999999930e+00
5.231792200000000292e+01 1.590926210097708682e-01 1.508933478000000106e+00
5.242340296999999794e+01 3.508815625775080216e-01 1.579932292000000071e+00
5.267110550999999674e+01 4.663255003629488415e-01 1.572120307999999911e+00
5.294006948999999906e+01 4.289845867800703427e-01 1.564236299000000052e+00
5.315489842000000209e+01 3.057380366964326246e-01 1.558884850000000100e+00
5.328423175999999728e+01 1.507424312675559319e-01 1.556351204999999904e+00
5.332600086000000061e+01 4.559935627878566183e-03 1.555945673000000085e+00
5.329703657000000305e+01 1.173257152091684019e-01 1.556137013000000069e+00
5.322892157999999796e+01 1.700517712159641259e-01 1.554229821000000067e+00
5.322412218000000195e+01 1.645717574920123882e-01 1.549400101000000030e+00
5.329027778999999754e+01 1.163210432221822438e-01 1.549639388999999978e+00
5.331888114000000201e+01 4.803618748910738062e-03 1.549574591999999917e+00
5.327715691000000220e+01 1.501629051223472844e-01 1.550580078999999945e+00
5.314817634999999996e+01 3.045885595165845339e-01 1.553946633000000022e+00
5.293404143000000062e+01 4.272002350991313535e-01 1.560301332000000096e+00
5.266625966000000147e+01 4.636714355556595391e-01 1.569396937999999908e+00
5.242051852000000167e+01 3.472036484600432016e-01 1.578762028999999956e+00
5.242340111000000036e+01 3.495207603938415564e-01 1.502395012000000030e+00
5.249411151999999703e+01 3.715315980518475447e-01 1.542997836000000067e+00
5.270671497000000016e+01 4.374535793853485677e-01 1.564610711000000043e+00
5.295502879000000007e+01 4.036912636584458203e-01 1.561776607999999955e+00
5.315897177000000084e+01 2.910657869192466718e-01 1.557221954000000075e+00
5.328434621000000249e+01 1.452412321366597925e-01 1.554561569000000087e+00
5.332645073999999852e+01 8.462282042960811781e-03 1.553880855000000061e+00
5.330005749000000037e+01 1.139185278775300125e-01 1.553902963999999942e+00
5.323572510000000335e+01 1.641415416014619100e-01 1.552165948999999934e+00
5.323104556999999915e+01 1.586837514610712208e-01 1.547005171999999984e+00
5.329335102999999663e+01 1.128539731749278741e-01 1.546803939999999988e+00
5.331934789999999680e+01 8.721147326461368629e-03 1.546940159000000037e+00
5.327723550999999702e+01 1.447968324427319209e-01 1.548323381000000110e+00
5.315212572000000080e+01 2.901082979450551602e-01 1.551948021999999927e+00
5.294871953999999903e+01 4.022185746079164903e-01 1.557643869999999930e+00
5.270128476000000006e+01 4.354130696848512172e-01 1.561757918000000078e+00
5.249044549999999987e+01 3.700428258719227759e-01 1.540466083000000097e+00
5.267059488999999672e+01 4.654214951832433278e-01 1.496705270999999948e+00
5.270632110999999753e+01 4.367438147212865385e-01 1.509113190000000104e+00
5.282316851000000213e+01 3.748753203509167520e-01 1.538498804000000053e+00
5.300159877000000108e+01 3.294826303444566840e-01 1.552531716000000062e+00
5.317132465000000252e+01 2.481675942596367479e-01 1.552062150000000029e+00
5.328504119000000117e+01 1.303988013890868269e-01 1.549311209999999939e+00
5.332848384999999780e+01 2.068080041881407635e-02 1.547807130999999892e+00
5.330992367000000343e+01 1.051019658570995913e-01 1.547294190999999985e+00
5.325668060999999653e+01 1.493979011537677204e-01 1.545838618999999969e+00
5.325237647000000152e+01 1.442627326134296173e-01 1.539827602999999989e+00
5.330337403000000052e+01 1.039241401763446038e-01 1.538469818999999905e+00
5.332145727000000335e+01 2.098563263235656701e-02 1.539202610000000027e+00
5.327797326999999683e+01 1.299914602330985991e-01 1.541721115000000086e+00
5.316454771000000079e+01 2.470840591857801916e-01 1.545849317000000056e+00
5.299557469999999881e+01 3.277626871641809436e-01 1.547819051999999918e+00
5.281886586000000250e+01 3.739957944653100608e-01 1.535012795000000096e+00
5.270456631999999786e+01 4.374264274200401759e-01 1.507173032999999940e+00
5.293933556000000351e+01 4.283445230624390310e-01 1.491595578000000089e+00
5.295435462999999743e+01 4.030936630095833806e-01 1.496431998999999902e+00
5.300108199999999670e+01 3.289113550713207990e-01 1.510906239000000095e+00
5.308502333999999934e+01 2.364919681322012190e-01 1.531514947000000015e+00
5.319433212999999938e+01 1.798022750194111508e-01 1.541791079000000009e+00
5.328769996999999847e+01 1.108123035893071595e-01 1.540824881999999896e+00
5.333373981999999813e+01 4.177023878778861332e-02 1.538158440999999987e+00
5.332822325000000063e+01 9.601282178552286717e-02 1.536691038999999925e+00
5.329210521000000256e+01 1.342705015480996911e-01 1.535065037000000077e+00
5.328837999000000281e+01 1.302701131310409766e-01 1.528066680000000011e+00
5.332194373000000098e+01 9.477027118311809328e-02 1.525302708999999979e+00
5.332684055000000001e+01 4.214186201845282476e-02 1.526970098999999914e+00
5.328077611999999874e+01 1.102941012343695015e-01 1.531241107000000046e+00
5.318806487999999888e+01 1.780769587872742254e-01 1.534493888999999944e+00
5.308052501000000234e+01 2.358948842056212691e-01 1.526580298000000058e+00
5.299879999000000197e+01 3.300053971498621563e-01 1.508096837000000079e+00
5.295350152000000321e+01 4.036524079005896493e-01 1.495224091999999949e+00
5.315409899000000138e+01 3.052205477849121440e-01 1.489766420000000036e+00
5.315819086999999854e+01 2.905992549536499103e-01 1.491189775999999911e+00
5.317056568999999655e+01 2.477411279238818098e-01 1.495438679999999909e+00
5.319375229999999988e+01 1.792499406914412341e-01 1.504831344000000071e+00
5.323490635000000282e+01 1.107782473447476712e-01 1.520261765000000098e+00
5.329489922999999862e+01 9.493175678190338140e-02 1.528491526000000045e+00
5.334354878999999983e+01 7.076328778662639707e-02 1.525873231999999913e+00
5.335575141999999715e+01 9.378680796198932135e-02 1.522963889999999987e+00
5.334063795000000141e+01 1.255852952646059062e-01 1.520172875000000090e+00
5.333765754000000214e+01 1.234903633856748451e-01 1.512601607999999986e+00
5.334990257999999841e+01 9.270650773864172467e-02 1.508739934999999921e+00
5.333681207000000057e+01 7.120619669263920926e-02 1.511488810999999988e+00
5.328838418000000132e+01 9.407441440734665150e-02 1.516887010000000036e+00
5.323035093000000018e+01 1.108015432564879998e-01 1.512923923000000004e+00
5.319146382999999645e+01 1.812132970510214325e-01 1.501105603000000066e+00
5.316951783999999748e+01 2.487739185967268452e-01 1.493622181999999965e+00
5.315777850999999998e+01 2.909726510139061806e-01 1.490410575000000071e+00
5.328343823000000157e+01 1.502535843293339168e-01 1.492196751999999904e+00
5.328356365999999866e+01 1.448461587154312447e-01 1.491533863999999987e+00
5.328426191999999872e+01 1.301991111505365339e-01 1.489328613999999940e+00
5.328695033000000336e+01 1.107762014060165306e-01 1.486854719000000102e+00
5.329429790999999739e+01 9.475974373695630892e-02 1.487891674999999969e+00
5.331395753999999698e+01 9.705798716645981650e-02 1.502387627999999919e+00
5.335766101000000106e+01 1.042829724113535916e-01 1.512451116999999901e+00
5.339105742999999649e+01 1.008014383930959795e-01 1.507002579999999980e+00
5.339749894999999924e+01 1.213940263081842857e-01 1.502334193000000040e+00
5.339541880000000162e+01 1.209759040690069759e-01 1.495092652000000077e+00
5.338602848000000023e+01 1.002741498826668770e-01 1.490695160000000019e+00
5.335109448000000043e+01 1.047842621849831984e-01 1.494701628000000060e+00
5.330943331000000285e+01 9.819525314792328097e-02 1.490508726000000062e+00
5.329249683999999831e+01 9.770186429594716893e-02 1.483086630999999933e+00
5.328611037999999667e+01 1.123306555150585390e-01 1.484599071000000103e+00
5.328383915999999942e+01 1.308755041159743726e-01 1.488122171000000105e+00
5.328338183999999700e+01 1.450925438939338341e-01 1.490980833000000061e+00
5.332519583999999924e+01 5.047892404439505327e-03 1.499173435000000110e+00
5.332568727999999680e+01 8.990282839441993828e-03 1.497037434999999972e+00
5.332779924999999821e+01 2.123778230219310753e-02 1.490244421000000097e+00
5.333316649000000353e+01 4.235005113856825376e-02 1.479353444000000017e+00
5.334311074000000019e+01 7.136084720314228580e-02 1.465582866999999956e+00
5.335736900999999932e+01 1.048727329810479753e-01 1.451263339000000041e+00
5.337466598999999690e+01 1.371669695600895578e-01 1.479157266000000082e+00
5.343097989000000325e+01 1.093736984473364093e-01 1.483153804999999936e+00
5.345414926000000122e+01 1.138727223953698992e-01 1.483218890000000068e+00
5.345313664999999759e+01 1.140694723451152193e-01 1.476981265000000043e+00
5.342838790999999787e+01 1.101659978428074504e-01 1.466487587999999898e+00
5.337422821999999911e+01 1.373274232427008634e-01 1.421828609000000077e+00
5.335723189000000133e+01 1.049513299622375773e-01 1.446968236000000019e+00
5.334294504999999731e+01 7.142438777425187679e-02 1.463182776000000018e+00
5.333300501000000082e+01 4.239200027793452175e-02 1.477718910000000108e+00
5.332767185000000154e+01 2.125716863871634013e-02 1.489176116000000105e+00
5.332561727000000218e+01 8.992806399214896274e-03 1.496503117999999910e+00
5.329607134999999829e+01 1.181246161282950569e-01 1.510892351999999939e+00
5.329920811000000214e+01 1.145979130485313136e-01 1.507499568999999928e+00
5.330933913999999874e+01 1.054592327528495466e-01 1.496723738000000026e+00
5.332802810999999821e+01 9.603525681775743061e-02 1.479120184999999976e+00
5.335605905999999976e+01 9.377129918714277590e-02 1.455706047999999919e+00
5.339200040000000058e+01 1.012986509901141058e-01 1.427795010000000087e+00
5.343259660999999738e+01 1.108022821027920962e-01 1.400804842000000106e+00
5.347418829000000073e+01 1.041223983641023920e-01 1.419249457999999908e+00
5.350016126999999955e+01 9.985124502691286597e-02 1.461645115000000050e+00
5.350051333999999770e+01 9.999246693675582776e-02 1.454011378999999993e+00
5.347573994999999769e+01 1.046555490821125256e-01 1.414455972999999922e+00
5.343456436999999681e+01 1.100729925978526924e-01 1.403749885999999947e+00
5.339304047000000253e+01 1.004269801228969833e-01 1.427036309000000003e+00
5.335652178000000134e+01 9.271945458331144752e-02 1.453847496999999933e+00
5.332819618999999989e+01 9.511508045797510691e-02 1.477286388000000006e+00
5.330937157000000326e+01 1.048581193939907563e-01 1.495340501999999905e+00
5.329920053000000024e+01 1.143171067297455434e-01 1.506765055000000020e+00
5.322747728000000222e+01 1.704377305038571044e-01 1.530697409000000064e+00
5.323457178999999684e+01 1.643322014038648415e-01 1.524970908000000014e+00
5.325629062000000147e+01 1.490167671066060517e-01 1.507515036000000030e+00
5.329274070999999680e+01 1.337653020065940612e-01 1.481174133999999976e+00
5.334236098000000226e+01 1.256728671158107991e-01 1.450062780000000107e+00
5.340020988999999929e+01 1.221686715757954456e-01 1.419204367999999938e+00
5.345758931000000302e+01 1.149152899982070347e-01 1.393984297999999900e+00
5.350373098000000027e+01 1.011612852703291793e-01 1.379780012999999972e+00
5.352826032000000112e+01 9.098882339285921383e-02 1.382759577999999934e+00
5.352974731999999847e+01 9.007502232531888753e-02 1.387835704000000003e+00
5.350485378999999853e+01 1.005421757316603687e-01 1.380614894000000037e+00
5.345866603999999711e+01 1.142885681007250603e-01 1.394195961999999955e+00
5.340125613000000016e+01 1.215511486030930455e-01 1.418566686999999993e+00
5.334328260000000199e+01 1.248058013283534773e-01 1.448526938000000097e+00
5.329344885999999804e+01 1.324856110658268193e-01 1.479107122999999913e+00
5.325675008999999704e+01 1.476657262413119120e-01 1.505549744999999939e+00
5.323479214000000326e+01 1.634734905439161057e-01 1.523771092000000049e+00
5.222647768000000212e+01 1.092750585239497252e-01 1.513222328999999977e+00
5.231295549000000022e+01 2.851832241232392651e-01 1.585402215000000004e+00
5.253312056000000041e+01 4.226328303779728901e-01 1.577865518000000078e+00
5.279662514999999701e+01 4.363115504350149609e-01 1.568878262999999995e+00
5.303257316999999915e+01 3.631171558710210023e-01 1.562186214000000017e+00
5.320269337999999948e+01 2.464968698212867959e-01 1.558595664000000047e+00
5.329610020999999875e+01 1.194404693392836780e-01 1.557547867000000030e+00
5.332036348999999831e+01 1.212460470550113210e-02 1.557508974000000102e+00
5.329338806999999889e+01 8.624604214992456774e-02 1.555614088000000006e+00
5.328763239999999968e+01 8.111459875905688288e-02 1.548848100999999922e+00
5.331349183999999752e+01 1.188049571230625177e-02 1.550053785000000017e+00
5.328930640000000096e+01 1.185181680094230805e-01 1.550816471999999946e+00
5.319627988999999957e+01 2.449923559294715225e-01 1.552956258999999894e+00
5.302676155000000335e+01 3.612101467537950361e-01 1.557783450000000069e+00
5.279166054000000230e+01 4.340470660337238384e-01 1.565784067999999918e+00
5.252934296000000103e+01 4.199498695869257059e-01 1.576150582999999994e+00
5.231082262999999699e+01 2.821643157615646991e-01 1.585284421000000110e+00
5.231382545999999678e+01 2.836584526505717130e-01 1.510159725999999925e+00
5.238553248000000195e+01 3.288623179533804453e-01 1.549962964000000110e+00
5.258046563999999989e+01 4.069674449820641637e-01 1.568829084000000096e+00
5.282310130999999842e+01 4.118367413912347730e-01 1.565876974999999893e+00
5.304522539999999964e+01 3.446290346079383671e-01 1.560282329000000079e+00
5.320820323000000229e+01 2.362875503358938811e-01 1.556561499000000071e+00
5.329930526999999785e+01 1.155475739869826768e-01 1.555175200000000091e+00
5.332401511999999855e+01 1.449773833256232623e-02 1.554906525000000039e+00
5.329868727000000206e+01 8.531205475614332678e-02 1.552991446999999914e+00
5.329299381999999952e+01 8.025788943516976026e-02 1.545665843999999955e+00
5.331717694000000307e+01 1.446949109687588331e-02 1.546756497999999924e+00
5.329250753000000174e+01 1.147443911311412934e-01 1.547851102000000090e+00
5.320172469999999976e+01 2.349350914782563915e-01 1.550485169999999968e+00
5.303925617000000159e+01 3.429345768714559539e-01 1.555614118999999906e+00
5.281782755999999779e+01 4.099282887682205723e-01 1.562667602000000100e+00
5.257611452999999813e+01 4.050207112512680396e-01 1.566994870000000040e+00
5.238259696000000076e+01 3.278383106991802909e-01 1.548308280000000092e+00
5.253356078000000196e+01 4.214042792758808109e-01 1.502594116999999896e+00
5.258067127999999713e+01 4.062414420391866066e-01 1.518634974000000026e+00
5.271409649999999658e+01 3.801609737414863854e-01 1.545178044999999889e+00
5.289852120999999840e+01 3.508044268917760999e-01 1.555558765000000010e+00
5.308165531000000215e+01 2.948371714940747901e-01 1.554189319000000014e+00
5.322463537000000144e+01 2.084336034115493452e-01 1.550488676000000066e+00
5.330957533000000126e+01 1.057874164902742609e-01 1.548148231000000097e+00
5.333596155000000039e+01 2.498897343150993308e-02 1.547181214999999943e+00
5.331567556000000252e+01 8.434475329121675358e-02 1.545160461999999901e+00
5.331018743999999998e+01 7.968612560172931569e-02 1.536278763000000103e+00
5.332923773000000267e+01 2.528264945716761011e-02 1.537008283999999891e+00
5.330288764000000157e+01 1.050072189212523377e-01 1.539124321000000073e+00
5.321831161000000066e+01 2.069641476170267225e-01 1.543216992000000065e+00
5.307596698999999774e+01 2.929803310052087051e-01 1.548846750000000050e+00
5.289379842999999681e+01 3.490289770929971280e-01 1.551989687000000062e+00
5.271079653999999692e+01 3.793951624581529680e-01 1.542816087999999919e+00
5.257914027999999718e+01 4.066414110644021584e-01 1.517171009999999987e+00
5.279683295000000243e+01 4.352395437330976447e-01 1.494449616000000036e+00
5.282317671999999931e+01 4.109683735797696191e-01 1.502045936000000026e+00
5.289844594000000200e+01 3.502916360706442300e-01 1.519911797000000009e+00
5.301126967999999806e+01 2.839318300144956231e-01 1.536504282000000110e+00
5.313885522999999722e+01 2.294965924110635991e-01 1.542453735999999909e+00
5.325218530000000072e+01 1.702255597124481268e-01 1.540336394999999969e+00
5.332848438999999985e+01 9.559280738529080113e-02 1.536834430999999945e+00
5.335827840999999694e+01 4.407946709160403403e-02 1.534750577999999921e+00
5.334634525999999966e+01 8.780636430407631754e-02 1.532429489999999950e+00
5.334119962999999842e+01 8.417900864891363077e-02 1.521353394999999997e+00
5.335173867000000314e+01 4.455961459999566859e-02 1.521447455999999976e+00
5.332202713000000216e+01 9.483310011526938088e-02 1.525298867999999919e+00
5.324629446000000144e+01 1.685125782189959565e-01 1.531571817999999974e+00
5.313400547999999901e+01 2.276663697814559073e-01 1.536592012000000063e+00
5.300788254999999793e+01 2.832079937511974288e-01 1.532958875999999915e+00
5.289657308000000313e+01 3.506973876713945226e-01 1.517919229000000092e+00
5.282242719999999991e+01 4.114080540168791877e-01 1.501155567999999940e+00
5.303268056000000286e+01 3.620802951595340491e-01 1.489370295999999927e+00
5.304521507999999841e+01 3.437448372183926626e-01 1.492636840000000076e+00
5.308147198999999716e+01 2.941719666898170993e-01 1.501306881000000093e+00
5.313862793999999923e+01 2.290464383922074798e-01 1.513066959000000100e+00
5.321186584000000153e+01 1.724238446169066019e-01 1.522979112000000024e+00
5.329083099999999718e+01 1.337479042475359092e-01 1.525408560000000024e+00
5.335684880000000163e+01 9.275354218036069298e-02 1.522015348999999906e+00
5.339177470999999997e+01 6.727723173898098041e-02 1.518755639000000102e+00
5.339098652999999928e+01 9.605959016196756461e-02 1.515833458999999994e+00
5.338632795000000186e+01 9.389458223665503311e-02 1.502589057000000006e+00
5.338546682999999859e+01 6.785607231714947674e-02 1.501613182000000046e+00
5.335077455999999785e+01 9.222986964627820361e-02 1.507765046000000053e+00
5.328581170999999728e+01 1.323124632004032408e-01 1.515762096000000003e+00
5.320846782999999647e+01 1.718899502475807750e-01 1.517545375000000085e+00
5.313673966999999720e+01 2.295828054221412395e-01 1.510361290999999939e+00
5.308057356999999854e+01 2.947507419045744537e-01 1.500046384000000010e+00
5.304487269999999910e+01 3.440268530609567055e-01 1.492132905000000065e+00
5.320275133999999895e+01 2.453874708225385615e-01 1.488619678999999918e+00
5.320816178999999835e+01 2.353584928679727795e-01 1.489147862000000044e+00
5.322442481000000214e+01 2.077909483829492865e-01 1.490516151000000011e+00
5.325182725999999889e+01 1.698182537463036323e-01 1.493002458000000088e+00
5.329048998999999753e+01 1.334659931330924587e-01 1.497282114999999969e+00
5.333965529999999688e+01 1.123793479851177279e-01 1.502754700999999971e+00
5.339335248999999806e+01 1.002403507730527665e-01 1.504166340000000046e+00
5.343375331000000017e+01 8.875741189039221268e-02 1.501232112999999924e+00
5.344567306999999801e+01 1.025177652385932947e-01 1.497339438000000023e+00
5.344169027000000227e+01 1.018102747534916225e-01 1.482919802999999925e+00
5.342769125000000230e+01 8.937840824759261948e-02 1.480095986999999891e+00
5.338798886000000010e+01 1.004508014498883967e-01 1.488180886999999952e+00
5.333624878999999908e+01 1.127038061240118322e-01 1.494096174000000055e+00
5.328876707999999951e+01 1.343997236114501947e-01 1.493479658999999904e+00
5.325101979000000085e+01 1.705218095133004819e-01 1.491402016000000108e+00
5.322406782000000192e+01 2.081348809864637939e-01 1.489816395999999932e+00
5.320802974000000063e+01 2.354821194010485452e-01 1.488870093000000061e+00
5.329605707000000336e+01 1.181664409882313693e-01 1.492461161999999897e+00
5.329921075000000030e+01 1.145046231164910944e-01 1.491107640000000067e+00
5.330938786000000107e+01 1.051796292265475136e-01 1.486937688999999896e+00
5.332819062000000088e+01 9.549189060409039864e-02 1.480558497000000084e+00
5.335647389999999746e+01 9.295996333535413991e-02 1.473716306000000031e+00
5.339300702999999970e+01 1.003741468943699089e-01 1.470412787000000110e+00
5.343501881000000253e+01 1.098671628958611673e-01 1.477284929000000080e+00
5.347750660999999894e+01 1.040549090740564286e-01 1.484603794000000088e+00
5.350179059999999964e+01 9.993982416304615646e-02 1.479445659000000024e+00
5.349879114000000158e+01 1.004298312157936440e-01 1.465574053000000099e+00
5.347166436999999917e+01 1.047396186746550051e-01 1.459967897000000070e+00
5.343159467000000262e+01 1.112096069515626506e-01 1.462269873000000109e+00
5.339169059999999689e+01 1.014500153961807871e-01 1.464750073999999902e+00
5.335591414999999671e+01 9.367864516949238329e-02 1.471470451999999929e+00
5.332793080999999802e+01 9.581012201405719741e-02 1.479502260999999930e+00
5.330926729000000108e+01 1.052569176983376570e-01 1.486390053999999905e+00
5.329916350999999963e+01 1.145029637727311700e-01 1.490862292999999950e+00
5.332002078000000012e+01 1.164698831594048085e-02 1.501023374000000077e+00
5.332371030000000189e+01 1.427395042911142227e-02 1.498264996999999932e+00
5.333573925999999688e+01 2.512594394709660728e-02 1.489670338000000038e+00
5.335817866000000009e+01 4.440311301264880661e-02 1.475817675999999912e+00
5.339182600000000178e+01 6.768022943220461385e-02 1.458152367999999921e+00
5.343396123000000131e+01 8.916123728949497396e-02 1.439286217000000034e+00
5.347783807999999794e+01 1.043371740832236272e-01 1.423466509000000046e+00
5.351511816000000010e+01 1.117741415695096968e-01 1.443966332000000019e+00
5.354815405000000084e+01 8.693113057306656177e-02 1.463997556999999894e+00
5.354687805999999739e+01 8.772956163776335359e-02 1.447026584000000060e+00
5.351488648000000126e+01 1.118574576750867577e-01 1.395207499000000073e+00
5.347779855000000282e+01 1.044296010098267752e-01 1.415917070000000111e+00
5.343388053000000326e+01 8.924424687382720434e-02 1.435709753000000033e+00
5.339172274999999956e+01 6.773547589945436154e-02 1.455951873000000063e+00
5.335807394999999786e+01 4.441261762589909096e-02 1.474355021999999904e+00
5.333565476999999788e+01 2.508052827614240532e-02 1.488745868999999944e+00
5.332366335999999762e+01 1.420411539925934760e-02 1.497812793999999892e+00
5.329219067999999737e+01 8.825027395189385948e-02 1.518844325999999967e+00
5.329770179999999868e+01 8.691611313777419801e-02 1.514149748999999989e+00
5.331520218000000000e+01 8.498461978930015037e-02 1.499380219000000070e+00
5.334660557000000125e+01 8.764365487152109280e-02 1.475828458000000065e+00
5.339211706999999763e+01 9.580120756018878359e-02 1.445975333000000029e+00
5.344773357999999774e+01 1.026872990629057181e-01 1.413584863000000080e+00
5.350475646000000296e+01 1.005305685314096115e-01 1.383563883000000105e+00
5.355180748000000079e+01 8.758037926592493472e-02 1.361937305000000098e+00
5.357798889000000031e+01 7.464855428608462018e-02 1.354429995000000053e+00
5.357933093999999841e+01 7.137122795297363986e-02 1.365845315000000060e+00
5.355263280999999864e+01 8.674094296514299474e-02 1.362723876000000001e+00
5.350532307000000287e+01 1.001815493007706254e-01 1.382028518999999900e+00
5.344810634000000249e+01 1.023764738784425227e-01 1.410926654000000058e+00
5.339232176000000152e+01 9.527116380341572877e-02 1.443030261000000092e+00
5.334668022999999693e+01 8.691193532657043308e-02 1.473183879000000029e+00
5.331520189999999815e+01 8.431330818364794755e-02 1.497420033999999900e+00
5.329768348000000344e+01 8.654342880871443433e-02 1.513111614999999910e+00
5.217587752000000023e+01 3.900630223103867394e-02 1.515582997999999959e+00
5.224739990999999861e+01 2.204813858732923570e-01 1.596280324999999944e+00
5.244016428999999846e+01 3.532606132986008673e-01 1.586854108000000041e+00
5.268433440999999817e+01 3.850156615863634668e-01 1.575349225999999936e+00
5.291795212000000248e+01 3.415015933256846936e-01 1.566323788000000050e+00
5.310275455000000022e+01 2.609441721916810897e-01 1.561117633999999921e+00
5.322540810000000278e+01 1.746270962723098230e-01 1.559347494999999917e+00
5.329083583999999973e+01 9.343145744235413497e-02 1.559333805000000073e+00
5.331031140000000335e+01 7.137855066481135075e-03 1.557923452000000042e+00
5.330381137999999908e+01 7.786057892174950111e-03 1.549527920000000059e+00
5.328470417999999853e+01 8.929270024987266685e-02 1.552524406000000079e+00
5.322037974999999932e+01 1.691239970822484839e-01 1.554320933999999932e+00
5.309865008999999958e+01 2.563169916190386477e-01 1.557605051999999990e+00
5.291460809000000154e+01 3.379822973714573520e-01 1.564048638000000047e+00
5.268169477000000001e+01 3.823131507434845422e-01 1.574141653000000085e+00
5.243827050000000156e+01 3.510720857987174592e-01 1.586675379999999969e+00
5.224634381999999988e+01 2.186386063262286683e-01 1.597669572000000038e+00
5.224995317999999855e+01 2.194384553162598006e-01 1.507739455000000062e+00
5.232413762000000190e+01 2.901935445921290380e-01 1.553857306000000049e+00
5.250129832999999735e+01 3.608101856820030151e-01 1.571598647000000071e+00
5.272490229999999656e+01 3.694158302534717442e-01 1.570011462999999940e+00
5.294161267999999865e+01 3.232426431028657121e-01 1.563805099999999948e+00
5.311562451000000351e+01 2.477017068925190801e-01 1.558885950999999936e+00
5.323288794999999851e+01 1.674478341497501466e-01 1.556723550000000067e+00
5.329647002000000100e+01 9.131822141399087434e-02 1.556403466999999985e+00
5.331583824999999877e+01 1.781801190759409875e-02 1.555001620999999945e+00
5.330938752000000136e+01 1.825196918268601545e-02 1.545859003999999981e+00
5.329037516000000352e+01 8.736547617524324794e-02 1.549020639000000088e+00
5.322782294000000292e+01 1.623422730786760471e-01 1.551382387000000085e+00
5.311138105999999937e+01 2.436450575502911720e-01 1.555257920000000071e+00
5.293799237000000346e+01 3.204569270631439926e-01 1.561548380999999930e+00
5.272178567000000271e+01 3.676600620097741356e-01 1.568863587999999920e+00
5.249862261999999902e+01 3.598863156652690742e-01 1.571256396000000111e+00
5.232196268999999944e+01 2.899929353484105299e-01 1.553259549999999933e+00
5.244250481000000264e+01 3.521677136305299549e-01 1.498593644999999919e+00
5.250244465000000105e+01 3.603605145309163316e-01 1.524948586000000050e+00
5.264613787999999772e+01 3.612146229261885555e-01 1.549517763000000103e+00
5.282620557999999988e+01 3.344721047107372391e-01 1.557396876000000097e+00
5.300399335000000178e+01 2.825784898238173914e-01 1.556013921999999994e+00
5.315158458999999880e+01 2.170768194095499259e-01 1.551914857000000092e+00
5.325525034999999718e+01 1.507568815273624963e-01 1.548828332999999891e+00
5.331426749999999970e+01 8.792334289205676334e-02 1.547666269000000039e+00
5.333360392000000161e+01 3.686745911787938507e-02 1.546292433000000077e+00
5.332730463000000043e+01 3.737233015817269244e-02 1.534991846999999909e+00
5.330843755000000073e+01 8.412755587213166519e-02 1.538700278999999949e+00
5.325050564000000008e+01 1.461537225803333784e-01 1.542665516000000014e+00
5.314771105999999889e+01 2.138249167077162782e-01 1.547968642000000061e+00
5.300080395999999894e+01 2.807363665651608220e-01 1.553662615999999996e+00
5.282359333000000134e+01 3.336682615123998663e-01 1.556087876000000092e+00
5.264406127000000168e+01 3.611104721646218318e-01 1.548706276999999965e+00
5.250103222999999986e+01 3.606623264054986122e-01 1.524090460000000036e+00
5.268655317000000338e+01 3.837433339847601266e-01 1.488508901999999967e+00
5.272644176000000016e+01 3.686359079043475262e-01 1.504415700000000022e+00
5.282682757999999978e+01 3.341855566023545498e-01 1.527515726999999934e+00
5.295656370999999751e+01 2.890927718706325922e-01 1.540200119000000090e+00
5.308937215000000265e+01 2.378851767385729010e-01 1.542839244999999915e+00
5.320539540000000045e+01 1.848067209511545239e-01 1.539864051999999983e+00
5.329242698000000189e+01 1.344808428637575271e-01 1.535775515999999952e+00
5.334608057999999886e+01 8.904493526568391104e-02 1.533467703999999987e+00
5.336594088999999741e+01 5.979684443397583621e-02 1.532198425999999891e+00
5.335989216000000113e+01 6.052387133103308975e-02 1.517607648999999892e+00
5.334073124999999749e+01 8.607772183238071584e-02 1.522379681000000096e+00
5.328828665999999714e+01 1.311060436623529835e-01 1.528705146999999931e+00
5.320220074000000210e+01 1.827868061555062151e-01 1.535675595000000060e+00
5.308690449000000200e+01 2.369992631480045686e-01 1.540491534999999912e+00
5.295468163000000317e+01 2.889243249882350595e-01 1.538905186000000036e+00
5.282545735000000064e+01 3.344632173795805130e-01 1.526716852000000069e+00
5.272563810999999845e+01 3.690872982509003641e-01 1.503852310999999942e+00
5.292013633999999911e+01 3.397853267974614844e-01 1.481140743999999954e+00
5.294332364000000268e+01 3.219574205142456957e-01 1.490430165000000029e+00
5.300495455000000078e+01 2.818898776731047495e-01 1.507882044999999893e+00
5.308972613000000251e+01 2.375735522748249895e-01 1.520781004000000047e+00
5.318258553999999805e+01 1.968767532473424953e-01 1.525366551999999931e+00
5.327043289000000215e+01 1.599770706665221420e-01 1.523232329999999912e+00
5.334267526000000004e+01 1.258455128605958373e-01 1.518325778999999986e+00
5.339202953000000207e+01 9.626204845333644067e-02 1.514906421000000059e+00
5.341330253000000283e+01 8.111182730156812903e-02 1.513964630000000033e+00
5.340760489000000177e+01 8.227604544953177890e-02 1.495524996999999967e+00
5.338736550000000136e+01 9.493533872407709795e-02 1.501949117999999972e+00
5.333933743000000050e+01 1.243813754171328168e-01 1.510824992999999949e+00
5.326805197000000192e+01 1.592510583121576895e-01 1.519196258000000022e+00
5.318089262000000161e+01 1.966899144731790450e-01 1.523309593000000017e+00
5.308854679000000232e+01 2.377727662377493167e-01 1.519754062999999933e+00
5.300418229000000281e+01 2.823541093051046835e-01 1.507340193000000106e+00
5.294292487999999963e+01 3.224075360716743832e-01 1.490149275999999912e+00
5.310490564999999918e+01 2.583350081604484094e-01 1.478034427999999956e+00
5.311740687000000349e+01 2.455377725735324590e-01 1.482779419000000098e+00
5.315272657999999950e+01 2.156801609133346953e-01 1.493115508999999896e+00
5.320592625999999825e+01 1.840129386295855374e-01 1.502195214999999973e+00
5.327056488000000201e+01 1.596311849647796544e-01 1.505857379999999912e+00
5.333867882999999921e+01 1.408698735552998405e-01 1.503644157000000092e+00
5.340093806000000143e+01 1.219613895666804143e-01 1.498175628999999898e+00
5.344803144000000117e+01 1.027520506094694447e-01 1.494032687000000026e+00
5.347146496999999954e+01 9.287215190014504185e-02 1.493869383000000051e+00
5.346626428999999803e+01 9.520144678336515953e-02 1.472158040999999917e+00
5.344425737000000254e+01 1.032270686304693208e-01 1.480452072000000063e+00
5.339852298000000275e+01 1.220411377378983614e-01 1.491190868999999974e+00
5.333713630999999822e+01 1.409190072962572537e-01 1.500315658999999968e+00
5.326959527999999722e+01 1.597970260640358131e-01 1.504399290000000056e+00
5.320534099000000339e+01 1.843999414989018482e-01 1.501616523000000036e+00
5.315240018000000077e+01 2.161935351863817079e-01 1.492909956000000093e+00
5.311726168999999942e+01 2.459151660247639315e-01 1.482717548000000107e+00
5.322734751000000131e+01 1.706462896966698117e-01 1.479730736999999907e+00
5.323454861999999821e+01 1.639792894559439218e-01 1.481229126999999979e+00
5.325638948999999656e+01 1.482986876221412675e-01 1.484595558999999954e+00
5.329298906999999730e+01 1.330119664780826938e-01 1.487247068000000061e+00
5.334278540999999763e+01 1.251171496669620242e-01 1.487035153000000109e+00
5.340084711000000084e+01 1.217323449499882332e-01 1.483352366000000089e+00
5.345854973000000143e+01 1.143553250148378470e-01 1.477579924000000045e+00
5.350535069000000021e+01 1.002541021739016547e-01 1.473418773999999987e+00
5.353109973000000110e+01 8.913349172333916159e-02 1.474669946999999981e+00
5.352677443999999696e+01 9.478017839757908736e-02 1.452780922000000086e+00
5.350265972999999775e+01 1.019371544850562195e-01 1.460983039999999900e+00
5.345708819000000034e+01 1.149096728217955943e-01 1.471906879999999918e+00
5.340007570000000214e+01 1.219342886720508473e-01 1.480981096999999913e+00
5.334241091999999895e+01 1.253670876958802582e-01 1.486191486999999922e+00
5.329283645999999663e+01 1.334004706482971869e-01 1.487046588999999974e+00
5.325634662000000219e+01 1.486919440576851270e-01 1.484617907000000070e+00
5.323454484999999892e+01 1.642180683810552377e-01 1.481280386999999976e+00
5.329208709000000255e+01 8.856551043670282675e-02 1.486847888000000006e+00
5.329756459000000035e+01 8.703911295171481988e-02 1.485935935999999957e+00
5.331504721999999674e+01 8.492088099283043312e-02 1.482991407000000095e+00
5.334646716000000310e+01 8.745466075344485168e-02 1.477777311000000093e+00
5.339204122999999669e+01 9.559553343254104107e-02 1.470686318999999909e+00
5.344778686000000079e+01 1.025110058045187039e-01 1.463113842000000053e+00
5.350507514000000242e+01 1.002549263579693845e-01 1.457008134000000066e+00
5.355274313000000319e+01 8.661040256468431620e-02 1.454476740000000046e+00
5.358027108000000283e+01 7.008041253790144032e-02 1.458055048999999936e+00
5.357763982000000169e+01 7.777647188916617105e-02 1.436640887000000033e+00
5.355127940999999936e+01 8.810825905506815270e-02 1.442279198999999901e+00
5.350448939999999709e+01 1.004812538566910718e-01 1.451398715000000061e+00
5.344760249000000130e+01 1.025723409923699064e-01 1.460633260000000044e+00
5.339203098000000125e+01 9.566807933227190752e-02 1.469653021000000059e+00
5.334652183000000036e+01 8.751671424275642153e-02 1.477376075000000011e+00
5.331510999999999711e+01 8.494959006614719033e-02 1.482852330999999912e+00
5.329760361999999674e+01 8.704493052425044120e-02 1.485897572000000055e+00
5.331001144999999752e+01 6.687353908114568833e-03 1.502518060000000100e+00
5.331557083999999946e+01 1.777167386724076356e-02 1.499494818000000063e+00
5.333342357000000078e+01 3.698756002830996120e-02 1.489960218000000003e+00
5.336589168999999799e+01 5.995695108148617336e-02 1.474542202000000080e+00
5.341340452000000028e+01 8.120897319113375146e-02 1.454895006000000102e+00
5.347169696000000272e+01 9.277855669836666819e-02 1.434036561999999959e+00
5.353138944999999893e+01 8.869448902619600505e-02 1.416384796000000001e+00
5.358052110999999940e+01 6.925208267970847653e-02 1.409248311999999892e+00
5.360876883000000248e+01 4.451471922159176697e-02 1.421496032999999937e+00
5.360863112999999913e+01 4.453457808104598070e-02 1.379439724999999894e+00
5.358056425000000189e+01 6.931334668666490340e-02 1.384432893000000053e+00
5.353140558999999854e+01 8.877220659067351638e-02 1.404545879000000053e+00
5.347168544000000168e+01 9.282866931889545425e-02 1.427638257999999993e+00
5.341337704000000031e+01 8.123535560690040014e-02 1.451121821000000089e+00
5.336585911000000237e+01 5.995980323245742732e-02 1.472246637000000025e+00
5.333339567000000159e+01 3.696826121914960350e-02 1.488625241999999904e+00
5.331555496000000005e+01 1.773757963815399824e-02 1.498877138999999969e+00
