8.285018795000000580e+01 0.000000000000000000e+00 1.484813791999999966e+00
8.285545516999999904e+01 1.244987437069430825e-02 1.434816005000000061e+00
8.286736381000000051e+01 2.282954342014184915e-02 1.433062029000000015e+00
8.288542936000000338e+01 3.042637954240855896e-02 1.432881881999999996e+00
8.290729677000000208e+01 3.400629212082920128e-02 1.432955076999999910e+00
8.293004772000000457e+01 3.301377052713524995e-02 1.433093348000000100e+00
8.295059885999999949e+01 2.751554804651932043e-02 1.433232142000000042e+00
8.296612663999999882e+01 1.821244983723930427e-02 1.433338967999999936e+00
8.297447431000000506e+01 6.368421350522973472e-03 1.433396276000000080e+00
8.285493409000000042e+01 1.225257523000629692e-02 1.517030203000000022e+00
8.286109691000000055e+01 1.858552551341059733e-02 1.510337164000000065e+00
8.287365286000000708e+01 2.833196350610446557e-02 1.508540615999999890e+00
8.289273095000000069e+01 3.686476422732163499e-02 1.506729509999999994e+00
8.291592373999999666e+01 4.232049455132943366e-02 1.504732930999999940e+00
8.294022535000000573e+01 4.433909159370047481e-02 1.503058881999999929e+00
8.296242709000000559e+01 4.358088079628438111e-02 1.502624090999999940e+00
8.297949024000000406e+01 4.158293454324427790e-02 1.504509144000000020e+00
8.298885805000000460e+01 4.010445390950099359e-02 1.507985106000000020e+00
8.286681645000000174e+01 2.279432578001171564e-02 1.517228143999999945e+00
8.287359874000000559e+01 2.847714831106430353e-02 1.510671869999999917e+00
8.288807083999999747e+01 3.930479211427523323e-02 1.508603074000000044e+00
8.291018085999999698e+01 5.038761102243372730e-02 1.506483076999999948e+00
8.293734259000000009e+01 5.950477475694537777e-02 1.504107673999999895e+00
8.296629735999999866e+01 6.623293706603972097e-02 1.502018751999999902e+00
8.299346950999999706e+01 7.102548151654487774e-02 1.501199356000000096e+00
8.301517921999999317e+01 7.447841044588783543e-02 1.502850569000000025e+00
8.302765146000000129e+01 7.647887067180143827e-02 1.506333380999999916e+00
8.288486785999999995e+01 3.040965784197722718e-02 1.517449824000000058e+00
8.289266944999999964e+01 3.703229999905231773e-02 1.510987577999999942e+00
8.291017838000000495e+01 5.041417967079631079e-02 1.508461714999999925e+00
8.293713370000000396e+01 6.492625150228294173e-02 1.505744128999999987e+00
8.297067852000000698e+01 7.799987923436249582e-02 1.502603678000000054e+00
8.300717609000000152e+01 8.903683510953365465e-02 1.499628768000000001e+00
8.304249217000000272e+01 9.816519309745382060e-02 1.497905325999999926e+00
8.307193657999999914e+01 1.052454561242411185e-01 1.498874621999999990e+00
8.308968667999999980e+01 1.091437255123941658e-01 1.502213511999999973e+00
8.290672116999999730e+01 3.398869314109118078e-02 1.517704048999999999e+00
8.291586187000000052e+01 4.252393129287244944e-02 1.511348485000000075e+00
8.293734924000000319e+01 5.954764163814141309e-02 1.508206127000000007e+00
8.297069068999999786e+01 7.801511359962920444e-02 1.504670708999999995e+00
8.301272088000000338e+01 9.500697397073322448e-02 1.500475258999999895e+00
8.305936246000000267e+01 1.098034158602581578e-01 1.496268154000000017e+00
8.310581131000000710e+01 1.223011895951543193e-01 1.493275734000000021e+00
8.314610473999999840e+01 1.317857330413292893e-01 1.493303762000000035e+00
8.317154662999999459e+01 1.363471522680373416e-01 1.496579861000000067e+00
8.292945801999999844e+01 3.299683315548918722e-02 1.517954591000000075e+00
8.294016362000000697e+01 4.461173724467778351e-02 1.511776055999999979e+00
8.296632062999999846e+01 6.629616362235568605e-02 1.507850284999999957e+00
8.300721317999999371e+01 8.907122248013617238e-02 1.503293127999999923e+00
8.305939324999999940e+01 1.098248863454257679e-01 1.497771127000000035e+00
8.311836049999999432e+01 1.278227805641724280e-01 1.491993667000000023e+00
8.317864516999999580e+01 1.428394299554166802e-01 1.487352199000000041e+00
8.323294022000000325e+01 1.536616330427853505e-01 1.486159564999999905e+00
8.326894697999999551e+01 1.574249717550481598e-01 1.489614049999999912e+00
8.294999651999999912e+01 2.750066942145399859e-02 1.518168981999999945e+00
8.296236186000000146e+01 4.398121654771390554e-02 1.512317805999999987e+00
8.299351656999999705e+01 7.112087030325595083e-02 1.507436494000000016e+00
8.304257063000000016e+01 9.823099718030321725e-02 1.501667743999999916e+00
8.310590107999999532e+01 1.223617444420002365e-01 1.494548894000000017e+00
8.317871834000000320e+01 1.428865004727629673e-01 1.486821685000000004e+00
8.325507632000000058e+01 1.596233714201141241e-01 1.480029940999999960e+00
8.332660678999999959e+01 1.710644433740897419e-01 1.477153369000000049e+00
8.337707152000000121e+01 1.725287913602171763e-01 1.481332949000000010e+00
8.296551472999999532e+01 1.820266909234665581e-02 1.518323576000000008e+00
8.297941394999999432e+01 4.219776931361141070e-02 1.513025763999999995e+00
8.301525596000000462e+01 7.462307952943496303e-02 1.507065628999999962e+00
8.307207592000000318e+01 1.053582030153460553e-01 1.499959472000000016e+00
8.314629315000000531e+01 1.319072018288176829e-01 1.491007281999999989e+00
8.323315632000000619e+01 1.537928362634945201e-01 1.480868051999999935e+00
8.332679224999999690e+01 1.711804930162126592e-01 1.471062960999999891e+00
8.341883076000000585e+01 1.832582270941964520e-01 1.465195180999999902e+00
8.349031302999999582e+01 1.826440277686452729e-01 1.470950981000000102e+00
8.297385724999999468e+01 6.365005794724649772e-03 1.518404083999999932e+00
8.298876638000000128e+01 4.096020739009147149e-02 1.513722542000000004e+00
8.302775427000000263e+01 7.667424437268141602e-02 1.506874237999999977e+00
8.308988831000000630e+01 1.092970908833974936e-01 1.498665887000000030e+00
8.317184878999999853e+01 1.365133391833555643e-01 1.488083279999999897e+00
8.326935482000000377e+01 1.576118184280569934e-01 1.475465892999999973e+00
8.337757351000000483e+01 1.727381910872769766e-01 1.461653016999999943e+00
8.349083351999999536e+01 1.828769459891315674e-01 1.448839642000000039e+00
8.359679880000000196e+01 1.871855245972044446e-01 1.450267393999999932e+00
8.285593823000000668e+01 1.249810700838263275e-02 1.418372406999999891e+00
8.286062900999999670e+01 1.833342166959574943e-02 1.385187383000000105e+00
8.287317932000000553e+01 2.833815047854431821e-02 1.386133902000000084e+00
8.289228615999999761e+01 3.691375291022194749e-02 1.387845627999999998e+00
8.291551062999999999e+01 4.240566068175679465e-02 1.389810419000000019e+00
8.293983883999999307e+01 4.443390467287223339e-02 1.391407542999999913e+00
8.296205064999999479e+01 4.367006968172073428e-02 1.391745519999999958e+00
8.297909008999999969e+01 4.163997973892600429e-02 1.390013417000000029e+00
8.298839400999999327e+01 4.009713128686345079e-02 1.387395672000000024e+00
8.298834750999999699e+01 4.003270928030866482e-02 1.388094415000000081e+00
8.297898358000000485e+01 4.149234989511269012e-02 1.391376672999999897e+00
8.296193168000000639e+01 4.351134570102161564e-02 1.393022667000000103e+00
8.293973255000000222e+01 4.429700118187315794e-02 1.392414440999999892e+00
8.291542699999999400e+01 4.229472430142441203e-02 1.390549086999999906e+00
8.289222929000000306e+01 3.683968906678996430e-02 1.388342823999999975e+00
8.287315295000000503e+01 2.827633166189737202e-02 1.386396313999999963e+00
8.286064668999999583e+01 1.827299048196064091e-02 1.385061630999999904e+00
8.286113457999999810e+01 1.855013332411003732e-02 1.504308667999999960e+00
8.288455243999999311e+01 6.259553127448684584e-02 1.502384187999999954e+00
8.289697184000000618e+01 6.532652751615170006e-02 1.449249366000000094e+00
8.291441023999999516e+01 6.694713449771950986e-02 1.447335649000000002e+00
8.293551433000000372e+01 6.714640103956308337e-02 1.446736462000000056e+00
8.295748011999999960e+01 6.526031890659579615e-02 1.446480033000000054e+00
8.297733100000000661e+01 6.152490769837114237e-02 1.446335369999999898e+00
8.299233535999999845e+01 5.717367519551575655e-02 1.446207645999999958e+00
8.300040355000000147e+01 5.416773531277670889e-02 1.446047794999999914e+00
8.300040323000000342e+01 5.417013834361342900e-02 1.445827422999999889e+00
8.299233427000000063e+01 5.718114725309303426e-02 1.445528439999999915e+00
8.297732876000000601e+01 6.153856111626887504e-02 1.445137042999999899e+00
8.295747599000000605e+01 6.528281705151363357e-02 1.444636899000000030e+00
8.293550700000000120e+01 6.718313034167419651e-02 1.443991961999999907e+00
8.291439715999999294e+01 6.700925842155003309e-02 1.443083062999999999e+00
8.289694620000000214e+01 6.544203793669770008e-02 1.441336691000000059e+00
8.288479533000000288e+01 6.251413079613724055e-02 1.429543706000000025e+00
8.287366339000000437e+01 2.847156020890681538e-02 1.504641297000000044e+00
8.289636262999999872e+01 6.525753378724487297e-02 1.515542991000000006e+00
8.291596538999999666e+01 8.792479531654910641e-02 1.506121564000000079e+00
8.293676365000000317e+01 8.997783489970972992e-02 1.500460133000000029e+00
8.296140479999999684e+01 8.905400978423524960e-02 1.495668143000000061e+00
8.298715006999999844e+01 8.691246260149822211e-02 1.490862037999999945e+00
8.301068940000000396e+01 8.459099392021515729e-02 1.486241839000000065e+00
8.302876709999999605e+01 8.314350536942846648e-02 1.482397748999999987e+00
8.303865009000000441e+01 8.279411643063208648e-02 1.480075309000000061e+00
8.303870046000000116e+01 8.282765428345417735e-02 1.479825412000000062e+00
8.302891798999999651e+01 8.322869605112886982e-02 1.481628659999999931e+00
8.301094503999999574e+01 8.471429656746773396e-02 1.484886190999999966e+00
8.298752863999999363e+01 8.709727878582486371e-02 1.488775374000000040e+00
8.296195176999999887e+01 8.937274207277791371e-02 1.492558183999999954e+00
8.293759011000000214e+01 9.061683086660257680e-02 1.495666528999999967e+00
8.291743893000000298e+01 8.966892595394322651e-02 1.497603744999999931e+00
8.290020918000000449e+01 6.524160363255317174e-02 1.495102028000000027e+00
8.289272599999999613e+01 3.702379228469608596e-02 1.504946367000000063e+00
8.291378154999999595e+01 6.687247429928085130e-02 1.515764369000000000e+00
8.293656115999999656e+01 8.967725495931479218e-02 1.509963595999999963e+00
8.296254272000000185e+01 9.630866065253770869e-02 1.504844338000000059e+00
8.299381678999999679e+01 1.001814069647129352e-01 1.500249012999999909e+00
8.302732362999999793e+01 1.031871760810374877e-01 1.495839407999999926e+00
8.305914801000000125e+01 1.060627573817302938e-01 1.492123376999999973e+00
8.308490326000000437e+01 1.091655325026136825e-01 1.489875411000000094e+00
8.309980505000000051e+01 1.116574219593528539e-01 1.489228607000000038e+00
8.309989631000000543e+01 1.116932926362167178e-01 1.488969149000000103e+00
8.308515613000000144e+01 1.092720291485232142e-01 1.489053890999999963e+00
8.305953741000000434e+01 1.062547915537877113e-01 1.490645903999999966e+00
8.302785608000000650e+01 1.035110379212405979e-01 1.493545855999999894e+00
8.299454117000000508e+01 1.007330018972861924e-01 1.496823280000000089e+00
8.296358721999999375e+01 9.731148456896483723e-02 1.499580477000000078e+00
8.293832792000000609e+01 9.185783728085541999e-02 1.500765386999999951e+00
8.291760874000000570e+01 6.686108142387547915e-02 1.495391872999999983e+00
8.291589208000000610e+01 4.251516373615039229e-02 1.505316061999999899e+00
8.293487152000000151e+01 6.706710134460562578e-02 1.516032470999999937e+00
8.296109740999999360e+01 8.872176290779427987e-02 1.511131967999999937e+00
8.299371334999999306e+01 1.000801871927742143e-01 1.505506656000000110e+00
8.303372971999999663e+01 1.093514193544099511e-01 1.500108691999999966e+00
8.307766327000000217e+01 1.177844101325271620e-01 1.494891323000000050e+00
8.312091651000000070e+01 1.256138414484057331e-01 1.490663365000000073e+00
8.315775177000000440e+01 1.324115360455658530e-01 1.488702307999999919e+00
8.318038172999999347e+01 1.365199280148704508e-01 1.489208636000000086e+00
8.318051699999999471e+01 1.365516254374647409e-01 1.488905044000000011e+00
8.315810363999999311e+01 1.325231146892682788e-01 1.487734480999999942e+00
8.312142473999999481e+01 1.258216451453703644e-01 1.488936934000000045e+00
8.307832641999999623e+01 1.181262126261586748e-01 1.492239217000000062e+00
8.303460205000000371e+01 1.099189534340983959e-01 1.496183374999999982e+00
8.299493719000000169e+01 1.010850925442533105e-01 1.499538451999999911e+00
8.296309178999999290e+01 9.071511016558225782e-02 1.500955049999999957e+00
8.293868378999999891e+01 6.705866543922195389e-02 1.495758286999999909e+00
8.294015265999999542e+01 4.460696261117943345e-02 1.505701571999999988e+00
8.295682397999999580e+01 6.517825139093373632e-02 1.516306345999999916e+00
8.298676027000000488e+01 8.663388259617507692e-02 1.511827806000000107e+00
8.302714500000000442e+01 1.030616513054135458e-01 1.505336439999999998e+00
8.307759801000000266e+01 1.177481477444103503e-01 1.498648272000000059e+00
8.313418855999999835e+01 1.310421825031061749e-01 1.491976012999999934e+00
8.319164702999999861e+01 1.427965382095269242e-01 1.486389854000000010e+00
8.324283506999999815e+01 1.519528624006302731e-01 1.483787568999999973e+00
8.327618737000000237e+01 1.559943385466633081e-01 1.485085549999999976e+00
8.327638168999999380e+01 1.560166644920105428e-01 1.484702769000000089e+00
8.324330815999999800e+01 1.520680617115887090e-01 1.482577672999999985e+00
8.319229446999999311e+01 1.430067554793034990e-01 1.484278302000000105e+00
8.313500519000000111e+01 1.313669777599844324e-01 1.488788519999999949e+00
8.307864730999999381e+01 1.182638689788900049e-01 1.493996501000000032e+00
8.302858509000000709e+01 1.039415399620223779e-01 1.498379136999999917e+00
8.298901419999999973e+01 8.820001559084740539e-02 1.500390289999999904e+00
8.296062247999999784e+01 6.517339259013685271e-02 1.496132800999999901e+00
8.296229332000000056e+01 4.397911019553703976e-02 1.506044326999999905e+00
8.297666311999999778e+01 6.144063154851067687e-02 1.516545296000000098e+00
8.301022276999999860e+01 8.441470133359697814e-02 1.512410986999999984e+00
8.305890202999999872e+01 1.059688042518885653e-01 1.504939964000000074e+00
8.312080769000000657e+01 1.255912259918633145e-01 1.496626887999999989e+00
8.319162167000000352e+01 1.428089018975982338e-01 1.487985233000000074e+00
8.326558196999999950e+01 1.573462698531538084e-01 1.480317686000000021e+00
8.333444511999999804e+01 1.677838062023840893e-01 1.476272181999999988e+00
8.338249451000000079e+01 1.699629228290235883e-01 1.478515027000000037e+00
8.338278307000000211e+01 1.699684725291915610e-01 1.477987444000000039e+00
8.333508500000000652e+01 1.679101497151506694e-01 1.474641000000000091e+00
8.326640940999999430e+01 1.575493207795916617e-01 1.477577431000000052e+00
8.319263607999999977e+01 1.430858361219380925e-01 1.483963863999999910e+00
8.312208689999999933e+01 1.259937598080404231e-01 1.490894179000000097e+00
8.306061929000000532e+01 1.066046101224861070e-01 1.496598931999999937e+00
8.301277722999999753e+01 8.537711069552930687e-02 1.499431967000000032e+00
8.298044971999999575e+01 6.144071430724147576e-02 1.496461878999999939e+00
8.297926850999999715e+01 4.218118516678923124e-02 1.506286779000000076e+00
8.299165874000000542e+01 5.708684238740437122e-02 1.516718596999999891e+00
8.302822955999999976e+01 8.307850524173251983e-02 1.512938813999999965e+00
8.308459107999999560e+01 1.091550613247432300e-01 1.504621066999999979e+00
8.315761544000000072e+01 1.324566609416276408e-01 1.494525373999999962e+00
8.324282992999999919e+01 1.520366245500591185e-01 1.483439570000000041e+00
8.333450895000000003e+01 1.678735339616074795e-01 1.472741407000000002e+00
8.342437929000000452e+01 1.792025545484615401e-01 1.465763574999999985e+00
8.349377207999999939e+01 1.792896324392022345e-01 1.469477485999999944e+00
8.349424670000000503e+01 1.792765096672163661e-01 1.468620865999999969e+00
8.342525820999999553e+01 1.793434352091524131e-01 1.463290624999999956e+00
8.333556534999999599e+01 1.680183937153123530e-01 1.468913734000000026e+00
8.324408936999999753e+01 1.521861855671137742e-01 1.478118953999999929e+00
8.315917554000000678e+01 1.326418784528171080e-01 1.487256507999999977e+00
8.308663181999999381e+01 1.094174878214797808e-01 1.494513557999999964e+00
8.303108471999999551e+01 8.341030504884951180e-02 1.498335026999999986e+00
8.299543656000000169e+01 5.709244481831577539e-02 1.496703775999999930e+00
8.298853882999999598e+01 4.089046787661960308e-02 1.506393352999999991e+00
8.299972243000000560e+01 5.407813207669466549e-02 1.516806348000000026e+00
8.303806102000000067e+01 8.279384284564311747e-02 1.513299539999999999e+00
8.309943622999999491e+01 1.117375123437534951e-01 1.504522251000000033e+00
8.318022532999999896e+01 1.366582751495823422e-01 1.493042948999999897e+00
8.327622872000000598e+01 1.561759795415509910e-01 1.479631045000000089e+00
8.338271217999999863e+01 1.701750437179777031e-01 1.465116644000000079e+00
8.349409916000000464e+01 1.795158465927359781e-01 1.451538761999999982e+00
8.359823145000000011e+01 1.835399074168348466e-01 1.451068835999999918e+00
8.359916418999999621e+01 1.835680422155659131e-01 1.448729201999999994e+00
8.349518141999999443e+01 1.794461570908579273e-01 1.447324204000000059e+00
8.338392313999999317e+01 1.700618257741926820e-01 1.459724591000000071e+00
8.327766139999999950e+01 1.560519870079452309e-01 1.472785106999999982e+00
8.318199445999999853e+01 1.365347851124672218e-01 1.484218186000000106e+00
8.310171450999999365e+01 1.116273911461607149e-01 1.492866287000000014e+00
8.304110882000000515e+01 8.272751753425615362e-02 1.497539071999999916e+00
8.300349563999999702e+01 5.408766160294759678e-02 1.496830311000000080e+00
8.286785824000000389e+01 2.283393567138804203e-02 1.417121915999999926e+00
8.287320092000000216e+01 2.831419452490115465e-02 1.386007581999999960e+00
8.288765773000000081e+01 3.935560054531211244e-02 1.386987683999999943e+00
8.290980537999999456e+01 5.048568064867289817e-02 1.388603352000000069e+00
8.293701203999999905e+01 5.962756271924781609e-02 1.390453533999999935e+00
8.296600709000000506e+01 6.636926260608583261e-02 1.391943504000000109e+00
8.299319810999999447e+01 7.115853726657249412e-02 1.392162982000000104e+00
8.301487493999999856e+01 7.458196768691117973e-02 1.390172283000000064e+00
8.302723335000000304e+01 7.653236464996451827e-02 1.387092349000000002e+00
8.302712787000000105e+01 7.647822148068826598e-02 1.387927563999999947e+00
8.301463791000000469e+01 7.443179218570272759e-02 1.391895094999999971e+00
8.299293667999999968e+01 7.096933045317802002e-02 1.393920338000000037e+00
8.296577279999999632e+01 6.618727539670174465e-02 1.393449884000000027e+00
8.293682307000000264e+01 5.946996589840769509e-02 1.391649109000000051e+00
8.290966704999999592e+01 5.035475798554791410e-02 1.389490126999999964e+00
8.288757178999999553e+01 3.925057895794294843e-02 1.387580939000000013e+00
8.287317301999999586e+01 2.824212094250785898e-02 1.386284846999999987e+00
8.287374049000000298e+01 2.828213304127030064e-02 1.502474737000000005e+00
8.289859590000000367e+01 6.524748641815485140e-02 1.442989923999999924e+00
8.291669099000000642e+01 8.950878311732518577e-02 1.393358512999999910e+00
8.293704071000000511e+01 9.071454107221868512e-02 1.394458168999999970e+00
8.296151120000000390e+01 8.950994045947507916e-02 1.397573951999999897e+00
8.298716754999999523e+01 8.722612139264965259e-02 1.401360305999999945e+00
8.301064148999999759e+01 8.480971808460401051e-02 1.405223118000000104e+00
8.302864547000000073e+01 8.327334399987666724e-02 1.408531878000000015e+00
8.303842835999999750e+01 8.282055869380834656e-02 1.410614161999999894e+00
8.303835607999999979e+01 8.277405698305692616e-02 1.410938038000000061e+00
8.302844822999999508e+01 8.317225188369559152e-02 1.409389838999999922e+00
8.301035742000000539e+01 8.469074000095888621e-02 1.406389848999999970e+00
8.298682295000000408e+01 8.706522084921064497e-02 1.402661955999999988e+00
8.296110692000000597e+01 8.924141836524659976e-02 1.398948402000000035e+00
8.293653890999999589e+01 9.021446422814223542e-02 1.396000477000000073e+00
8.291594623000000297e+01 8.840514769609066070e-02 1.395657825000000019e+00
8.289742730000000392e+01 6.544844233948801659e-02 1.437357379999999907e+00
8.288817095999999651e+01 3.930293070394636629e-02 1.502482171999999894e+00
8.291669292999999641e+01 8.867462546415211255e-02 1.501554131000000014e+00
8.297995905000000505e+01 1.143402430343256754e-01 1.500177038999999990e+00
8.299658857999999384e+01 1.137752572978597415e-01 1.444596564000000027e+00
8.301551032999999791e+01 1.116759192371366560e-01 1.443669249999999904e+00
8.303522906000000603e+01 1.085247914970080829e-01 1.443402564999999971e+00
8.305307539000000361e+01 1.047260433415779651e-01 1.443280745000000032e+00
8.306658140000000401e+01 1.011762932694459105e-01 1.443188861999999961e+00
8.307385017999999377e+01 9.899798360688687182e-02 1.443083821000000100e+00
8.307385078000000078e+01 9.899899623269249604e-02 1.442944274000000027e+00
8.306658303000000387e+01 1.011795388350806152e-01 1.442755573999999985e+00
8.305307754000000386e+01 1.047321889821206664e-01 1.442502479999999920e+00
8.303523076000000458e+01 1.085351761935467452e-01 1.442159905000000020e+00
8.301550980000000379e+01 1.116933996733398549e-01 1.441658469000000053e+00
8.299658139000000290e+01 1.138088090138483083e-01 1.440649435000000089e+00
8.298025628000000609e+01 1.143213801703749366e-01 1.425454745999999995e+00
8.291770361999999750e+01 8.980164609502983009e-02 1.492080714999999946e+00
8.291027730000000417e+01 5.042355853096092827e-02 1.502367071999999970e+00
8.293698308999999824e+01 8.990810906616740483e-02 1.504879126999999928e+00
8.299585355000000675e+01 1.136168236148388661e-01 1.510791852000000102e+00
8.303114270000000374e+01 1.356753481331685329e-01 1.497153807999999975e+00
8.305719908000000373e+01 1.328380014504103590e-01 1.486300445999999997e+00
8.308243063000000461e+01 1.265370394555221656e-01 1.478278339000000052e+00
8.310499839000000577e+01 1.215920872225806221e-01 1.471412141000000062e+00
8.312211963999999398e+01 1.192248400682264092e-01 1.465964832000000051e+00
8.313140475999999524e+01 1.187344603436464863e-01 1.462740252999999990e+00
8.313147897999999714e+01 1.187759912129766199e-01 1.462372562000000098e+00
8.312235182000000577e+01 1.193235073507905586e-01 1.464796801999999953e+00
8.310542069000000254e+01 1.216959967929654995e-01 1.469234793000000039e+00
8.308311410000000308e+01 1.266301734245543764e-01 1.474662665000000095e+00
8.305831037000000094e+01 1.330479581953011303e-01 1.480306635999999898e+00
8.303319394000000386e+01 1.367399749106008311e-01 1.486132309000000040e+00
8.299968536000000086e+01 1.136089348352841699e-01 1.490484321000000056e+00
8.293847051000000192e+01 9.183376818794891649e-02 1.495136361999999997e+00
8.293743417999999679e+01 5.956794636915808960e-02 1.502153000999999932e+00
8.296137253999999928e+01 8.881166102870170775e-02 1.506141351999999989e+00
8.301475544999999556e+01 1.115176436004102489e-01 1.510989632000000027e+00
8.305685610000000452e+01 1.325287877458351804e-01 1.504061969000000110e+00
8.309354578999999319e+01 1.366695362814797088e-01 1.495330126000000037e+00
8.313021492999999396e+01 1.349791229705505358e-01 1.487549331999999946e+00
8.316444504999999765e+01 1.336462990452644550e-01 1.480500477999999953e+00
8.319190625000000239e+01 1.347943120826559371e-01 1.474751656000000022e+00
8.320763886999999670e+01 1.371665992465888051e-01 1.471252471999999978e+00
8.320778866000000562e+01 1.372292105875412838e-01 1.470711909000000039e+00
8.319234826000000282e+01 1.349552590784388884e-01 1.473048480999999965e+00
8.316518510999999592e+01 1.338962101063443655e-01 1.477385700999999996e+00
8.313131590999999787e+01 1.353908502796264124e-01 1.482531454000000082e+00
8.309518432000000132e+01 1.374360915678959350e-01 1.487395057000000076e+00
8.305947856999999601e+01 1.339322658026980972e-01 1.490853852000000090e+00
8.301857223999999746e+01 1.115161645876637242e-01 1.490798722000000076e+00
8.296316305000000568e+01 9.066319090267410674e-02 1.495502606000000068e+00
8.296637696999999889e+01 6.632915023230605278e-02 1.501781848000000030e+00
8.298693172000000118e+01 8.668713683000121850e-02 1.507070373999999990e+00
8.303445917000000520e+01 1.083661271417857702e-01 1.511192088999999905e+00
8.308191241999999477e+01 1.262574425032140235e-01 1.505728348000000105e+00
8.313000026999999648e+01 1.348541363812875149e-01 1.497265461000000020e+00
8.318047488999999928e+01 1.390242780898287012e-01 1.488895532999999993e+00
8.322992639999999653e+01 1.429143221779680950e-01 1.481320662999999982e+00
8.327227012000000173e+01 1.477831731744128907e-01 1.475669640000000005e+00
8.329842936999999381e+01 1.519851334881895388e-01 1.472875060000000014e+00
8.329867194000000552e+01 1.520523975671000672e-01 1.472125778999999968e+00
8.327293566000000169e+01 1.479713360558307378e-01 1.473350229000000011e+00
8.323095811999999682e+01 1.432270213619527000e-01 1.477208698000000098e+00
8.318191745000000026e+01 1.395171468664285763e-01 1.482506531000000072e+00
8.313202090999999427e+01 1.356272118816173322e-01 1.487618139000000062e+00
8.308485586000000467e+01 1.272314382851712500e-01 1.490946989000000000e+00
8.303826442999999813e+01 1.083694561290074049e-01 1.491119145000000090e+00
8.298902587000000608e+01 8.816225815236565511e-02 1.495182427000000036e+00
8.299352167000000691e+01 7.116200175281781060e-02 1.501183267000000043e+00
8.301030282000000682e+01 8.447053738473186968e-02 1.507914895999999949e+00
8.305229282000000524e+01 1.045666835022248803e-01 1.511366385000000090e+00
8.310435848000000192e+01 1.213994223063871725e-01 1.506323781999999945e+00
8.316406351000000541e+01 1.335181351704878561e-01 1.497429380999999893e+00
8.322976099999999633e+01 1.428721914580328434e-01 1.487675576000000000e+00
8.329694168999999704e+01 1.512715174957402764e-01 1.478532124000000003e+00
8.335806341999999347e+01 1.587333045451319868e-01 1.472072690999999933e+00
8.339920234999999593e+01 1.625550037706827988e-01 1.470273705000000097e+00
8.339958574999999996e+01 1.626105781851713838e-01 1.469184524999999963e+00
8.335901785999999447e+01 1.589288493001591029e-01 1.468821606999999974e+00
8.329831335000000081e+01 1.515699735128087089e-01 1.473049076999999984e+00
8.323157775999999330e+01 1.432735934832810587e-01 1.479564641999999930e+00
8.316646717000000422e+01 1.340321319373652398e-01 1.485875255999999922e+00
8.310756381000000204e+01 1.218661284097196235e-01 1.490145588000000076e+00
8.305608850999999504e+01 1.045746805000660196e-01 1.491398261000000058e+00
8.301273109999999633e+01 8.537040621400504570e-02 1.494472964999999931e+00
8.301517191000000651e+01 7.465864465816489381e-02 1.500332849000000079e+00
8.302821842999999546e+01 8.313064275962650518e-02 1.508654217999999991e+00
8.306578933000000120e+01 1.010159017457991498e-01 1.511490932999999925e+00
8.312138980000000288e+01 1.190957150089068939e-01 1.506572358999999972e+00
8.319138309000000220e+01 1.347324803689626815e-01 1.497155038000000049e+00
8.327196884999999327e+01 1.477888289207275330e-01 1.485679972000000015e+00
8.335795371000000387e+01 1.587772110774046119e-01 1.473970591999999913e+00
8.344142166999999688e+01 1.675884919534190998e-01 1.465040616000000018e+00
8.350461507999999355e+01 1.694643325663169608e-01 1.464479140999999984e+00
8.350527511999999319e+01 1.694941538244310597e-01 1.462645752000000021e+00
8.344279831000000058e+01 1.677698784467752113e-01 1.460073597000000056e+00
8.335975283999999874e+01 1.589478638703329949e-01 1.466376614999999939e+00
8.327420877000000132e+01 1.479419546396049945e-01 1.475310965000000030e+00
8.319416270000000679e+01 1.348816533623800051e-01 1.483523246999999934e+00
8.312479738000000395e+01 1.192089287346608933e-01 1.489223712000000033e+00
8.306957808999999315e+01 1.010280127667926020e-01 1.491602000000000094e+00
8.303098092000000463e+01 8.342726376106615604e-02 1.493576814999999947e+00
8.302754271999999958e+01 7.669098847077931991e-02 1.499517734000000102e+00
8.303795936999999583e+01 8.280395546846311405e-02 1.509113909000000087e+00
8.307305279999999925e+01 9.883647373146436932e-02 1.511553410000000097e+00
8.313061648999999420e+01 1.186229696223492919e-01 1.506674174999999893e+00
8.320700972000000206e+01 1.371657803426727662e-01 1.496953825999999932e+00
8.329801946000000612e+01 1.520875539334614890e-01 1.484143232000000090e+00
8.339903037999999924e+01 1.627312834098010863e-01 1.469572040999999940e+00
8.350465785000000096e+01 1.696673068046560262e-01 1.455245762999999970e+00
8.360319198999999912e+01 1.727961203169447735e-01 1.451127086999999927e+00
8.360460191999999324e+01 1.728515721342717970e-01 1.446293676000000028e+00
8.350651070000000686e+01 1.695422182557935198e-01 1.447058520999999987e+00
8.340118789999999649e+01 1.625473248892103373e-01 1.459330805000000009e+00
8.330056245000000104e+01 1.519171332995506163e-01 1.471600339000000091e+00
8.321001920999999868e+01 1.370489594659443366e-01 1.481734198000000058e+00
8.313412261000000569e+01 1.185874393553348338e-01 1.488622198999999924e+00
8.307683805000000632e+01 9.885108334793327178e-02 1.491708363999999953e+00
8.304095515999999577e+01 8.274231778921938008e-02 1.492898142999999900e+00
8.288592341000000374e+01 3.043813388117652674e-02 1.419081137999999909e+00
8.289231870999999785e+01 3.689324218698359498e-02 1.387655045999999892e+00
8.290981542000000104e+01 5.048552659228734002e-02 1.388515522000000058e+00
8.293682262000000094e+01 6.504805679933185758e-02 1.389941751999999919e+00
8.297042967999999519e+01 7.814939987583953418e-02 1.391590748999999905e+00
8.300698583999999869e+01 8.920207921935549567e-02 1.392915459999999994e+00
8.304233582999999896e+01 9.832654369942417372e-02 1.393039184999999902e+00
8.307174571999999557e+01 1.053688672639409990e-01 1.390973849999999956e+00
8.308933358000000169e+01 1.092070927649993056e-01 1.387759509999999974e+00
8.308916043000000684e+01 1.091570430585198231e-01 1.388886497000000109e+00
8.307136536999999521e+01 1.052057379426654671e-01 1.393329564999999937e+00
8.304192430999999885e+01 9.810828514449958238e-02 1.395491429000000005e+00
8.300662087999999983e+01 8.898555426024482018e-02 1.395054980999999916e+00
8.297013622999999427e+01 7.795733463373484551e-02 1.393313162000000105e+00
8.293660645999999304e+01 6.488576788293649866e-02 1.391237744000000109e+00
8.290967680999999345e+01 5.035480576189473034e-02 1.389406240000000015e+00
8.289226008999999351e+01 3.680598210301585377e-02 1.388163349999999907e+00
8.289282128000000682e+01 3.681312831422343945e-02 1.500802769000000092e+00
8.291600124999999366e+01 6.688179618339554211e-02 1.442580036000000065e+00
8.293743197000000578e+01 9.132910504067381918e-02 1.393258791000000052e+00
8.296294674000000668e+01 9.715788540468263401e-02 1.391741958999999973e+00
8.299404373999999507e+01 1.007132967614597918e-01 1.393239308999999926e+00
8.302746104000000571e+01 1.035537469202509192e-01 1.395329276000000007e+00
8.305921218000000295e+01 1.063207116330819879e-01 1.397117667000000063e+00
8.308485496999999498e+01 1.093287822887754612e-01 1.397992216000000010e+00
8.309955917000000625e+01 1.117168072574495213e-01 1.398221364999999938e+00
8.309940346000000488e+01 1.116553986493241390e-01 1.399058233000000095e+00
8.308447119000000214e+01 1.091730191131372180e-01 1.399961323999999951e+00
8.305872897000000421e+01 1.061045416648672829e-01 1.399424497000000045e+00
8.302694653000000358e+01 1.032792808012210489e-01 1.397562165999999939e+00
8.299351009999999462e+01 1.003481337420474573e-01 1.395275054000000070e+00
8.296235903000000178e+01 9.661487526344864074e-02 1.393643321000000102e+00
8.293665977999999939e+01 9.037604656785301616e-02 1.395425136000000066e+00
8.291488146999999742e+01 6.696527587808794035e-02 1.439551685000000081e+00
8.291028968000000532e+01 5.039637121806560954e-02 1.500449522000000036e+00
8.293758067999999639e+01 9.082022538489245567e-02 1.495647224999999914e+00
8.299809783999999979e+01 1.136379106425157021e-01 1.440000324000000109e+00
8.303244757000000220e+01 1.367684065693904327e-01 1.398657961999999921e+00
8.305786053999999297e+01 1.332455138202454648e-01 1.401263680000000011e+00
8.308280467000000158e+01 1.267749973121421458e-01 1.406399842999999983e+00
8.310519542999999487e+01 1.217769353637267460e-01 1.411663821000000096e+00
8.312217130999999881e+01 1.193570424145045383e-01 1.416131108999999944e+00
8.313130870000000527e+01 1.187772447850884983e-01 1.418870148999999969e+00
8.313121981000000460e+01 1.187278542323636638e-01 1.419194505999999967e+00
8.312191214000000627e+01 1.192538959444893604e-01 1.417067327000000043e+00
8.310477921999999751e+01 1.216844074461398972e-01 1.413134198999999924e+00
8.308222861000000137e+01 1.266729801328204119e-01 1.408367319999999978e+00
8.305707261000000585e+01 1.329817492195666251e-01 1.403862034999999953e+00
8.303126849999999592e+01 1.359616509906177995e-01 1.402430537000000088e+00
8.299696701000000587e+01 1.136839297869137594e-01 1.437245981000000006e+00
8.293785590000000241e+01 9.075789735702707861e-02 1.490102408000000045e+00
8.293725790999999958e+01 6.495638742658348119e-02 1.499766418000000101e+00
8.296305250999999714e+01 9.666408317400089489e-02 1.499376618000000105e+00
8.303203885000000639e+01 1.360678036337769070e-01 1.493068371999999977e+00
8.311794498999999803e+01 1.453951907326714033e-01 1.495733340999999994e+00
8.313469985000000406e+01 1.423448122063780408e-01 1.438953469000000096e+00
8.315102151000000674e+01 1.382613653663405107e-01 1.438191589999999964e+00
8.316583223000000658e+01 1.340822701421791885e-01 1.437905022000000033e+00
8.317706767999999329e+01 1.305719261951539811e-01 1.437727248999999929e+00
8.318312432999999828e+01 1.285455640395870014e-01 1.437587847999999946e+00
8.318312554999999975e+01 1.285461934260573591e-01 1.437462000000000018e+00
8.317707113000000163e+01 1.305739843856800753e-01 1.437330162999999938e+00
8.316583715000000154e+01 1.340863152068782482e-01 1.437162475999999911e+00
8.315102641999999378e+01 1.382686779772867858e-01 1.436892229999999993e+00
8.313470132999999862e+01 1.423596466877720956e-01 1.436240127999999894e+00
8.311832868000000474e+01 1.454023184847508532e-01 1.420571416000000031e+00
8.303338454000000013e+01 1.367206027830314974e-01 1.481171653000000088e+00
8.296373963000000629e+01 9.731866762025999373e-02 1.493746993000000023e+00
8.297082127999999557e+01 7.806376483897634055e-02 1.498780425000000083e+00
8.299408252000000630e+01 1.002645651572407898e-01 1.500032899999999891e+00
8.305733653999999433e+01 1.325556886687667690e-01 1.499959089999999939e+00
8.313377543999999375e+01 1.421287328864334898e-01 1.503423656000000053e+00
8.317971799000000033e+01 1.543866961834151341e-01 1.486776376999999982e+00
8.320680047000000457e+01 1.478059992809577783e-01 1.471007795000000007e+00
8.322814870999999926e+01 1.413397921831217596e-01 1.460840262000000056e+00
8.324378145999999390e+01 1.386675603919348965e-01 1.453869169000000072e+00
8.325216213000000209e+01 1.383397562218655064e-01 1.449997984999999989e+00
8.325226840000000550e+01 1.384038509373895220e-01 1.449488989000000005e+00
8.324412388999999735e+01 1.388247830144458961e-01 1.452200053999999962e+00
8.322881182000000422e+01 1.415055244197048756e-01 1.457518179000000025e+00
8.320799888000000522e+01 1.479640381409461081e-01 1.464848219000000062e+00
8.318207178999999485e+01 1.550863372903133752e-01 1.474674046999999932e+00
8.313760016000000519e+01 1.421312387090557239e-01 1.483344130000000094e+00
8.305953848000000050e+01 1.338477277574936508e-01 1.486210653999999964e+00
8.299502705999999819e+01 1.010585820606661744e-01 1.493784371000000055e+00
8.300733567000000335e+01 8.913644424969288660e-02 1.497444153000000000e+00
8.302741829999999368e+01 1.031804113274316786e-01 1.499975257000000006e+00
8.308219834000000503e+01 1.262560144266309248e-01 1.502019253999999915e+00
8.315007704999999305e+01 1.380452163779240793e-01 1.503498561000000011e+00
8.320628392000000417e+01 1.475535329595686063e-01 1.495578634999999990e+00
8.325097961999999541e+01 1.466994805233418353e-01 1.483202168999999904e+00
8.328881841999999835e+01 1.428289368484040589e-01 1.471713810000000011e+00
8.331812444999999911e+01 1.430574492316233071e-01 1.462274089999999971e+00
8.333468114999999443e+01 1.461837898708633066e-01 1.456354877000000103e+00
8.333491861999999628e+01 1.463029331523472421e-01 1.455436994999999900e+00
8.331885194999999555e+01 1.433402482755931906e-01 1.459309994999999915e+00
8.329010836999999867e+01 1.432019985855838284e-01 1.466067854000000059e+00
8.325302105000000097e+01 1.472554122270712251e-01 1.473676911999999950e+00
8.320939719000000423e+01 1.482727140019696188e-01 1.480319533000000076e+00
8.315389236999999412e+01 1.380535033133747924e-01 1.483562658999999950e+00
8.308485715000000482e+01 1.271789672408767391e-01 1.486826237000000051e+00
8.302862222000000259e+01 1.039187610126614120e-01 1.492754227000000045e+00
8.304265617000000077e+01 9.830143982922422141e-02 1.495693393999999898e+00
8.305908060000000148e+01 1.060632973704660614e-01 1.499656592000000011e+00
8.310451942000000258e+01 1.214372567748666643e-01 1.503083273999999969e+00
8.316487386000000015e+01 1.338659947676065776e-01 1.503560535000000087e+00
8.322738793000000612e+01 1.411488212981970858e-01 1.497267920999999946e+00
8.328844069000000161e+01 1.427406296379464812e-01 1.486570740999999973e+00
8.334622118000000057e+01 1.428386398340449615e-01 1.474966728000000060e+00
8.339554123000000629e+01 1.459204417629351991e-01 1.464733684999999896e+00
8.342641267999999855e+01 1.512878096107551917e-01 1.458116884000000057e+00
8.342684504000000345e+01 1.514414979954567808e-01 1.456605847000000065e+00
8.339674214000000063e+01 1.462392792679364228e-01 1.460088886000000086e+00
8.334811254999999619e+01 1.432097888249196926e-01 1.466826608999999948e+00
8.329107460999999546e+01 1.431445602929516947e-01 1.474293392000000091e+00
8.323081578999999408e+01 1.414403886128002830e-01 1.480342103999999992e+00
8.316868284999999617e+01 1.338791505371232926e-01 1.483749691999999953e+00
8.310752972999999599e+01 1.218558580276718345e-01 1.486561229000000095e+00
8.306059661000000460e+01 1.065998524573337630e-01 1.491037243000000068e+00
8.307206686000000673e+01 1.054100526498523149e-01 1.493544583999999897e+00
8.308464437000000657e+01 1.092287508954359887e-01 1.499282140000000041e+00
8.312144820000000323e+01 1.191520917126160234e-01 1.503737676000000079e+00
8.317609914999999887e+01 1.303552719186862885e-01 1.503600236000000034e+00
8.324287567000000365e+01 1.385152807500200645e-01 1.497611728000000086e+00
8.331746427000000210e+01 1.430058831299934052e-01 1.487277712999999890e+00
8.339520294999999805e+01 1.459407525401648920e-01 1.474869793000000096e+00
8.346882779000000596e+01 1.498676619242425012e-01 1.463203510000000040e+00
8.352231840000000318e+01 1.540476172318029358e-01 1.456565335000000072e+00
8.352312863999999593e+01 1.542027420875161370e-01 1.453830541999999948e+00
8.347067912999999351e+01 1.500900760498729281e-01 1.455821682999999922e+00
8.339771195000000148e+01 1.460707636614357596e-01 1.463677064000000083e+00
8.332055604999999332e+01 1.430842670457391497e-01 1.472515207999999909e+00
8.324647532999999555e+01 1.385728800747946243e-01 1.479625485999999990e+00
8.317990383000000065e+01 1.303722692570988551e-01 1.483883242999999963e+00
8.312473486000000378e+01 1.192194652836452151e-01 1.486096042000000006e+00
8.308653080999999929e+01 1.094283016768801409e-01 1.488863744000000100e+00
8.308970755999999369e+01 1.093197743885269690e-01 1.491620555999999986e+00
8.309932129000000600e+01 1.117645243538745309e-01 1.499025325999999936e+00
8.313057528000000218e+01 1.186463632561956805e-01 1.504066665999999941e+00
8.318214985000000183e+01 1.283283190084109071e-01 1.503617087999999935e+00
8.325117136000000073e+01 1.381789819886139470e-01 1.497651620999999933e+00
8.333383030000000247e+01 1.461573239030452831e-01 1.487318235999999905e+00
8.342580184999999915e+01 1.514006761305436433e-01 1.474005897000000065e+00
8.352201017999999522e+01 1.542376400778958101e-01 1.459545384999999973e+00
8.361144045999999719e+01 1.555206529399471849e-01 1.450562732000000077e+00
8.361330798999999558e+01 1.556107720525422289e-01 1.443278156999999950e+00
8.352456295000000353e+01 1.540662694846479386e-01 1.447812340000000031e+00
8.342873781000000122e+01 1.512147716917433271e-01 1.459851978000000106e+00
8.333715288000000498e+01 1.460475105566493292e-01 1.470846553999999973e+00
8.325483160999999654e+01 1.381609036074717134e-01 1.479108630000000035e+00
8.318595254999999611e+01 1.283474754133386575e-01 1.483951685999999937e+00
8.313403085000000203e+01 1.185916223431248417e-01 1.485766381999999997e+00
8.310152485000000411e+01 1.116380572889710543e-01 1.487042004000000084e+00
8.290778815999999551e+01 3.401028879141410749e-02 1.422001238000000001e+00
8.291555725999999993e+01 4.236688963364650812e-02 1.389561684000000019e+00
8.293703533999999422e+01 5.963296323027867524e-02 1.390278708000000085e+00
8.297044424999999990e+01 7.815719023489761663e-02 1.391498670999999909e+00
8.301255645999999899e+01 9.518110981213970256e-02 1.392939560999999937e+00
8.305927930000000003e+01 1.099976910566656807e-01 1.394117915999999902e+00
8.310578442999999993e+01 1.224937919066110548e-01 1.394207178999999908e+00
8.314605074000000684e+01 1.319306722984247282e-01 1.392156291000000046e+00
8.317127843000000098e+01 1.364144883588923607e-01 1.388842772000000059e+00
8.317101859999999647e+01 1.363725957098325392e-01 1.390407697999999970e+00
8.314550051000000508e+01 1.317468834235876740e-01 1.395361035000000083e+00
8.310520689999999888e+01 1.222391414489399364e-01 1.397502538999999988e+00
8.305877640999999301e+01 1.097449306017223014e-01 1.396978513999999949e+00
8.301215625999999759e+01 9.495603503642578713e-02 1.395240159999999952e+00
8.297015063999999995e+01 7.796508563738026309e-02 1.393235202999999922e+00
8.293684588000000701e+01 5.947560193008153556e-02 1.391488311000000033e+00
8.291547149999999533e+01 4.225897303747013639e-02 1.390313377000000017e+00
8.291600148000000559e+01 4.226590682808069321e-02 1.499011827999999991e+00
8.293708384999999339e+01 6.708061186501150519e-02 1.442683123999999983e+00
8.296211554999999294e+01 9.015865314932665353e-02 1.395960290000000104e+00
8.299425680999999599e+01 1.008873904740993643e-01 1.392835368999999934e+00
8.303409557999999890e+01 1.098779260251515899e-01 1.393432306000000009e+00
8.307794801999999379e+01 1.181660941044251345e-01 1.394709685999999893e+00
8.312113707000000318e+01 1.258981466761474877e-01 1.395535264000000053e+00
8.315784650000000511e+01 1.325964814806370740e-01 1.395057503999999948e+00
8.318019182000000455e+01 1.365943756418968036e-01 1.393895458000000032e+00
8.317993667000000357e+01 1.365331912338670628e-01 1.395273213000000068e+00
8.315726241000000130e+01 1.324045693133972246e-01 1.398068491000000080e+00
8.312045772999999826e+01 1.256240749619226271e-01 1.398816472999999894e+00
8.307727194000000281e+01 1.178462621420673095e-01 1.397704666999999956e+00
8.303343753000000049e+01 1.095009815634153671e-01 1.396002359999999998e+00
8.299357944000000487e+01 1.003902487857588899e-01 1.395038109999999998e+00
8.296129473999999959e+01 8.940119140745479698e-02 1.398114099999999915e+00
8.293598063999999681e+01 6.712203426568558173e-02 1.440736237999999947e+00
8.293745033999999805e+01 5.952976405425534218e-02 1.498208288999999915e+00
8.296228739999999391e+01 8.978397219297283571e-02 1.491038075999999934e+00
8.301699195999999858e+01 1.115451989278127970e-01 1.439800210000000025e+00
8.305844887000000654e+01 1.336452514794284618e-01 1.399784895000000029e+00
8.309453249999999969e+01 1.373940635690437950e-01 1.395304327000000066e+00
8.313088179999999738e+01 1.354372725893473461e-01 1.397027484999999958e+00
8.316488975999999411e+01 1.339614453740647637e-01 1.400144620000000062e+00
8.319212113999999758e+01 1.350082897540020865e-01 1.403309949000000056e+00
8.320755260999999336e+01 1.372496454401175014e-01 1.405708495000000058e+00
8.320734769999999969e+01 1.371637805423106815e-01 1.406651241000000052e+00
8.319158287999999857e+01 1.348194774138166407e-01 1.405710024000000002e+00
8.316414903000000436e+01 1.337250009545704055e-01 1.403250702000000016e+00
8.313001126000000340e+01 1.351161724263225394e-01 1.400348884000000016e+00
8.309352416999999491e+01 1.369097058527616595e-01 1.398658235000000083e+00
8.305722090999999807e+01 1.330265530261191542e-01 1.402955721999999961e+00
8.301588737999999523e+01 1.115610277302572922e-01 1.438377046000000048e+00
8.296221518000000117e+01 8.948451990664024747e-02 1.487168979000000002e+00
8.297082328000000473e+01 7.805606205328394220e-02 1.496793387999999947e+00
8.299439863000000628e+01 1.005376714711908454e-01 1.494872911999999943e+00
8.305826673999999343e+01 1.332592190386320541e-01 1.481762459999999892e+00
8.313604861999999684e+01 1.421691588196002942e-01 1.434794644999999980e+00
8.318138697999999920e+01 1.551476087103466350e-01 1.399721568999999999e+00
8.320767114000000220e+01 1.480894730090171474e-01 1.404391712000000014e+00
8.322862163000000635e+01 1.415637030194644153e-01 1.410948177999999942e+00
8.324399293000000455e+01 1.388484175078645300e-01 1.416190969000000077e+00
8.325215176999999755e+01 1.384072905911443441e-01 1.419276924000000051e+00
8.325203390999999442e+01 1.383356432389792612e-01 1.419690136000000047e+00
8.324363642999999513e+01 1.386923031917361993e-01 1.417433858999999963e+00
8.322800702000000683e+01 1.414225978200816802e-01 1.413068916000000064e+00
8.320672516999999857e+01 1.479219489266082599e-01 1.407620075000000082e+00
8.317992748999999719e+01 1.545883644004892032e-01 1.404504972000000018e+00
8.313492956000000333e+01 1.421788621361718408e-01 1.432890881999999921e+00
8.305852278999999783e+01 1.330106190986295178e-01 1.475174231000000002e+00
8.299470162999999445e+01 1.007503008244490933e-01 1.491093600999999991e+00
8.301289851999999314e+01 9.508870286390502802e-02 1.494813192000000068e+00
8.303418512000000362e+01 1.095641150969306754e-01 1.494711349999999994e+00
8.309422958000000392e+01 1.368693906090870660e-01 1.490484389999999992e+00
8.318061729999999443e+01 1.545668053772075168e-01 1.482995607999999965e+00
8.327394592999999645e+01 1.531598389390492199e-01 1.489506094000000003e+00
8.328747984999999687e+01 1.490004451671236296e-01 1.432338075999999960e+00
8.329864297000000306e+01 1.447070301877193821e-01 1.431523486999999983e+00
8.330714582000000235e+01 1.412854090007301944e-01 1.431157938999999990e+00
8.331174283999999375e+01 1.393745744193716218e-01 1.430932053000000037e+00
8.331174443999999824e+01 1.393749032808568322e-01 1.430786045999999923e+00
8.330715032000000519e+01 1.412865948567655627e-01 1.430681700000000056e+00
8.329864929999999390e+01 1.447098081205052400e-01 1.430548608000000055e+00
8.328748534999999720e+01 1.490073453209480037e-01 1.430126103000000093e+00
8.327444142000000227e+01 1.531850549001979311e-01 1.414764966999999984e+00
8.318212302000000591e+01 1.549831042529348224e-01 1.470053794000000025e+00
8.309527568999999403e+01 1.373525046548255968e-01 1.482087814000000003e+00
8.303471446999999728e+01 1.099161073005409245e-01 1.490533338999999957e+00
8.305959070000000111e+01 1.099269684455819601e-01 1.492229937999999922e+00
8.307797682999999722e+01 1.179065621692709787e-01 1.493366968999999989e+00
8.313047881999999333e+01 1.349584798135427810e-01 1.492616160999999941e+00
8.320673809000000176e+01 1.475603676526702768e-01 1.492314729000000062e+00
8.328632629000000520e+01 1.487570495917082680e-01 1.494310556999999928e+00
8.333611999999999398e+01 1.483182400860281747e-01 1.475673017000000087e+00
8.336061399000000449e+01 1.412669104802481701e-01 1.455598839999999949e+00
8.337557309000000316e+01 1.388363468802537304e-01 1.444606971000000017e+00
8.338321224999999970e+01 1.392198069793878779e-01 1.439189378000000019e+00
8.338337647999999547e+01 1.393386247821947199e-01 1.438406912999999898e+00
8.337612726999999779e+01 1.391419947705163918e-01 1.441913047999999975e+00
8.336180751000000555e+01 1.416154760508257504e-01 1.449638865000000054e+00
8.333867985999999917e+01 1.488016121061538355e-01 1.462922113000000079e+00
8.329015490999999827e+01 1.487685091121808134e-01 1.474531497000000080e+00
8.320936718999999471e+01 1.482024770510749212e-01 1.476522252000000091e+00
8.313205295000000206e+01 1.355616812087191980e-01 1.482575522000000090e+00
8.307872265000000311e+01 1.182693681541248515e-01 1.488490840000000093e+00
8.310608401999999728e+01 1.224661318302819185e-01 1.488969465999999908e+00
8.312110545999999545e+01 1.257224118969419713e-01 1.491399933000000066e+00
8.316439343000000406e+01 1.336159900786967336e-01 1.493112224000000099e+00
8.322763955000000635e+01 1.412001916745835584e-01 1.494659568999999966e+00
8.329746995000000709e+01 1.444624487398321611e-01 1.494228783000000060e+00
8.335987351999999362e+01 1.411578627967778887e-01 1.485853394999999910e+00
8.340881142000000636e+01 1.334256645313073031e-01 1.470111085999999956e+00
8.344379596999999649e+01 1.321465044914167941e-01 1.454390843000000100e+00
8.346282682000000364e+01 1.374491684046049433e-01 1.444098337000000010e+00
8.346324017999999967e+01 1.377109435204278143e-01 1.442412786000000002e+00
8.344510119999999631e+01 1.326657801068956977e-01 1.448812889000000048e+00
8.341117203999999674e+01 1.338228564981661928e-01 1.459424022999999959e+00
8.336331997999999999e+01 1.413983798755201193e-01 1.469379363000000049e+00
8.330129510000000437e+01 1.444784817876540728e-01 1.474604621999999976e+00
8.323077326000000653e+01 1.414205024043394543e-01 1.477366911999999921e+00
8.316645621000000688e+01 1.340149564763056522e-01 1.481184875999999928e+00
8.312211213000000498e+01 1.260118057477156439e-01 1.485440064000000060e+00
8.314638128999999367e+01 1.319764361091655958e-01 1.485046271999999945e+00
8.315777305999999669e+01 1.325487188442684150e-01 1.489133484999999979e+00
8.319155399999999645e+01 1.348331820394291780e-01 1.493135367999999907e+00
8.324299725000000194e+01 1.385941616797927989e-01 1.495541084999999937e+00
8.330596124999999574e+01 1.410404603402167500e-01 1.494162250000000025e+00
8.337452134000000115e+01 1.387305914557971365e-01 1.487452932000000061e+00
8.344316404999999293e+01 1.322086243246932136e-01 1.475638723000000097e+00
8.350478452999999490e+01 1.283543918542712492e-01 1.460555915999999899e+00
8.354602418999999713e+01 1.344248064245570640e-01 1.446693036999999959e+00
8.354692545999999709e+01 1.348117538746921862e-01 1.443203723000000105e+00
8.350706898999999339e+01 1.286143922124086403e-01 1.450873789000000080e+00
8.344632488000000592e+01 1.322359775508845370e-01 1.461128457999999908e+00
8.337821492000000489e+01 1.387681929936418479e-01 1.469482079000000052e+00
8.330978505000000212e+01 1.410599825267029039e-01 1.474651329000000066e+00
8.324643061000000444e+01 1.385798479301147967e-01 1.477276714000000046e+00
8.319410023000000365e+01 1.348997535420334570e-01 1.479135093000000012e+00
8.315911287000000129e+01 1.326611914660361935e-01 1.481613429000000037e+00
8.317171197000000404e+01 1.365381118509879643e-01 1.481472051999999984e+00
8.318013885999999957e+01 1.366927815667663415e-01 1.487306857000000093e+00
8.320697674000000177e+01 1.372112109768858501e-01 1.493084765999999952e+00
8.325117151999999976e+01 1.382163747736430692e-01 1.495870929000000071e+00
8.331055155999999329e+01 1.391291652491779829e-01 1.494121682999999923e+00
8.338201037000000326e+01 1.390596489043476880e-01 1.487676642000000049e+00
8.346179317000000708e+01 1.374747413806286234e-01 1.477202391999999920e+00
8.354533277999999541e+01 1.346347718547970251e-01 1.463825098000000047e+00
8.362257741999999894e+01 1.326519674692890061e-01 1.449572077000000014e+00
8.362486719999999707e+01 1.327816708295324333e-01 1.439891644000000026e+00
8.354847988999999586e+01 1.344462209086528526e-01 1.449161146000000011e+00
8.346528938999999525e+01 1.373673629911790206e-01 1.460289777999999927e+00
8.338575548000000026e+01 1.390531696241727455e-01 1.469079446000000067e+00
8.331437511000000029e+01 1.391505905048929514e-01 1.474672701000000030e+00
8.325477028999999618e+01 1.381657637191183730e-01 1.477106298000000040e+00
8.320988787000000286e+01 1.370595843606638720e-01 1.477516827000000088e+00
8.318180431000000397e+01 1.365486505689845198e-01 1.478209297999999894e+00
8.293053561000000684e+01 3.301472582112749410e-02 1.425262338000000018e+00
8.293990669000000082e+01 4.438524440000013449e-02 1.391125855000000078e+00
8.296605196000000149e+01 6.638497119033337501e-02 1.391720296999999995e+00
8.300702689000000589e+01 8.922653670395079561e-02 1.392773523000000013e+00
8.305931047999999350e+01 1.100182146952415341e-01 1.394073018000000053e+00
8.311838686999999481e+01 1.280440528961112046e-01 1.395217774000000022e+00
8.317876114000000598e+01 1.430677852291478425e-01 1.395452845999999969e+00
8.323305374999999628e+01 1.538360460740696156e-01 1.393641735000000104e+00
8.326879284000000325e+01 1.574881324723527987e-01 1.390314545000000068e+00
8.326841120999999646e+01 1.574631022780709766e-01 1.392533660000000006e+00
8.323229412000000593e+01 1.536165371591484141e-01 1.397945310999999968e+00
8.317800085000000365e+01 1.427678690753776403e-01 1.399716141999999941e+00
8.311774345000000608e+01 1.277558288030590794e-01 1.398845142000000097e+00
8.305880729000000429e+01 1.097650923936530493e-01 1.396961512999999933e+00
8.300666148000000533e+01 8.900972808411396209e-02 1.394950616999999893e+00
8.296581682000000058e+01 6.620319777964041308e-02 1.393256414000000110e+00
8.293979756999999609e+01 4.425249628612756836e-02 1.392154254000000035e+00
8.294028256999999371e+01 4.427837590959526892e-02 1.497574667000000082e+00
8.295903063999999461e+01 6.519306007887969157e-02 1.442902171000000067e+00
8.298795486000000210e+01 8.773690093624811337e-02 1.399422174999999990e+00
8.302785751000000403e+01 1.037644748652231941e-01 1.394666219000000096e+00
8.307812800000000664e+01 1.182383269056353492e-01 1.394494997000000014e+00
8.313464632000000165e+01 1.314254243728417149e-01 1.395301075999999973e+00
8.319205870999999775e+01 1.431070344643604608e-01 1.395768149000000014e+00
8.324312697999999955e+01 1.521631084447374882e-01 1.394779108000000045e+00
8.327610810999999558e+01 1.560692811227239463e-01 1.392825511999999932e+00
8.327571876000000373e+01 1.560212103962113905e-01 1.394915018999999923e+00
8.324230423000000201e+01 1.519313608853360698e-01 1.398995658999999891e+00
8.319116664999999955e+01 1.427820894679157904e-01 1.400073904999999952e+00
8.313380220999999892e+01 1.310772498598529456e-01 1.399056684999999911e+00
8.307734014999999772e+01 1.178672550380742701e-01 1.397588384000000072e+00
8.302708097000000009e+01 1.033277058714807545e-01 1.397177780999999896e+00
8.298706939999999577e+01 8.717415737522191121e-02 1.401623936000000015e+00
8.295793580999999506e+01 6.521425237046180046e-02 1.441608672000000091e+00
8.296639763000000301e+01 6.628071923884892858e-02 1.496256269999999944e+00
8.298811019999999417e+01 8.746342968968300047e-02 1.486540733000000003e+00
8.303669096000000138e+01 1.083971051196928881e-01 1.439829272999999965e+00
8.308367871999999466e+01 1.270124874349990995e-01 1.404459657000000083e+00
8.313124292999999909e+01 1.355332276634872990e-01 1.396379542000000029e+00
8.318141285999999468e+01 1.395317269982090103e-01 1.395630098999999902e+00
8.323064709000000505e+01 1.432950291436652646e-01 1.396786065999999993e+00
8.327272945999999365e+01 1.480455757212363888e-01 1.398085366999999968e+00
8.329843673999999965e+01 1.520927882087857452e-01 1.399227889000000058e+00
8.329807712000000208e+01 1.519918917237755573e-01 1.400974127000000014e+00
8.327188316999999529e+01 1.477946182115608686e-01 1.402008125000000049e+00
8.322961884000000055e+01 1.429684240056421640e-01 1.401180099999999928e+00
8.318032698000000380e+01 1.391534480693451259e-01 1.399730890999999922e+00
8.313010495999999705e+01 1.351047830476291844e-01 1.399918929999999895e+00
8.308244648999999526e+01 1.266504538145120373e-01 1.407053029000000066e+00
8.303559504999999774e+01 1.084018860786608585e-01 1.438947508999999902e+00
8.298779378000000406e+01 8.716945720653308805e-02 1.483635150000000014e+00
8.300733864999999412e+01 8.912601279313930869e-02 1.493995469999999992e+00
8.302799159999999290e+01 1.035124218580002892e-01 1.490677545999999909e+00
8.308358757000000594e+01 1.267677871443258220e-01 1.473855745000000050e+00
8.315234714999999710e+01 1.380898226189646028e-01 1.434498231999999929e+00
8.320833559999999807e+01 1.481750542948999383e-01 1.402622883999999903e+00
8.325242763999999340e+01 1.472666920232891252e-01 1.396512613999999930e+00
8.328979295000000604e+01 1.432460845011996053e-01 1.399171924000000011e+00
8.331867277000000627e+01 1.433827335705114558e-01 1.403826178000000091e+00
8.333475382999999681e+01 1.463242275601476516e-01 1.407738707999999894e+00
8.333446397999999533e+01 1.461790641469357110e-01 1.408979312999999900e+00
8.331788885999999650e+01 1.430940880588266184e-01 1.407085007999999915e+00
8.328866809000000160e+01 1.429367077763432636e-01 1.403552185999999979e+00
8.325106044999999710e+01 1.468775474747094079e-01 1.401215376999999984e+00
8.320682798999999363e+01 1.478381885732923673e-01 1.406366170000000082e+00
8.315124380999999687e+01 1.380881758848851448e-01 1.433573315999999931e+00
8.308333921999999916e+01 1.265549873728723240e-01 1.469748309999999947e+00
8.302803038999999785e+01 1.035391115062895412e-01 1.488001396999999892e+00
8.305959040000000471e+01 1.099257352204430216e-01 1.490862230999999927e+00
8.307822059000000081e+01 1.180134195085809912e-01 1.489714262999999983e+00
8.313105215000000214e+01 1.351768973715725686e-01 1.482726718999999971e+00
8.320791511000000185e+01 1.478965746584127994e-01 1.466644234999999963e+00
8.328864235999999721e+01 1.488080091237691804e-01 1.428307825999999947e+00
8.333807113000000300e+01 1.488537781322706310e-01 1.398437979000000109e+00
8.336159293000000048e+01 1.416438972355375248e-01 1.405256859999999941e+00
8.337602296999999396e+01 1.391548725411237697e-01 1.412443176000000022e+00
8.338329482999999698e+01 1.393440218197579128e-01 1.416476886999999962e+00
8.338311975999999959e+01 1.392163551970654611e-01 1.417078198000000011e+00
8.337547290000000544e+01 1.388679845595476026e-01 1.414333934000000070e+00
8.336056689000000119e+01 1.413732353505298966e-01 1.408803862999999934e+00
8.333639046999999778e+01 1.484740287260292169e-01 1.404047916999999979e+00
8.328752323999999874e+01 1.488031363617704494e-01 1.426748930000000026e+00
8.320807682000000227e+01 1.478095080462895061e-01 1.460035366999999917e+00
8.313144434000000160e+01 1.353157782785972263e-01 1.477279918000000025e+00
8.307847108999999364e+01 1.181538947061037681e-01 1.486803679000000100e+00
8.311864509000000112e+01 1.279711001752631694e-01 1.486816286000000042e+00
8.313469453000000442e+01 1.312397928289929239e-01 1.486973099999999937e+00
8.318113354000000470e+01 1.391809112314217056e-01 1.484185292999999906e+00
8.325174560000000668e+01 1.467943113710329650e-01 1.478933733000000084e+00
8.333697397000000251e+01 1.483715169583949833e-01 1.472157302999999917e+00
8.342396010000000217e+01 1.398162183012622295e-01 1.482069354999999922e+00
8.343283610000000294e+01 1.360944841313278253e-01 1.425455794000000109e+00
8.343852300000000355e+01 1.330157300712375978e-01 1.424536612000000035e+00
8.344161314999999490e+01 1.313272149530388955e-01 1.424131492000000110e+00
8.344161479000000270e+01 1.313272359376015386e-01 1.423911804000000059e+00
8.343852748999999847e+01 1.330161210784932824e-01 1.423764382000000106e+00
8.343284169000000361e+01 1.360969685482518177e-01 1.423417570000000021e+00
8.342457837999999981e+01 1.398646115135704082e-01 1.408712903000000072e+00
8.333858062999999561e+01 1.486549875966250711e-01 1.458559345999999923e+00
8.325301747000000319e+01 1.471333501629676077e-01 1.468881225000000068e+00
8.318200412999999571e+01 1.394742351764718946e-01 1.477422546999999975e+00
8.313513512000000105e+01 1.314110685993553351e-01 1.483568379000000048e+00
8.317902309000000116e+01 1.430371649975776538e-01 1.481729255999999939e+00
8.319207169000000590e+01 1.429852653813936669e-01 1.483101953000000028e+00
8.323028592999999375e+01 1.430271849718575683e-01 1.483219795999999979e+00
8.328896883000000173e+01 1.428583426870738138e-01 1.482831942000000014e+00
8.336029872000000296e+01 1.412469648925107069e-01 1.483376859000000048e+00
8.343144406999999774e+01 1.358601831346266109e-01 1.484638550999999973e+00
8.347882982999999513e+01 1.232122597608478615e-01 1.464744473000000102e+00
8.349864673999999809e+01 1.198635824095665575e-01 1.440486890000000075e+00
8.350667020000000207e+01 1.222722638983862048e-01 1.430289514000000040e+00
8.350696399000000270e+01 1.225494274353058910e-01 1.428837509999999922e+00
8.349973733999999581e+01 1.205711036675629066e-01 1.435005306000000092e+00
8.348156341000000680e+01 1.235479734277165897e-01 1.451358284000000110e+00
8.343528718000000310e+01 1.358770721670410908e-01 1.465198572000000032e+00
8.336323950000000593e+01 1.413457063067377339e-01 1.466372948999999926e+00
8.329105131999999401e+01 1.431041294271902520e-01 1.470077118000000072e+00
8.323163187999999479e+01 1.432802263851895297e-01 1.474745326999999939e+00
8.319273459999999432e+01 1.431391660111399344e-01 1.478871022000000091e+00
8.323337777000000415e+01 1.538883973218510559e-01 1.475481861000000006e+00
8.324313870000000293e+01 1.521538100276485506e-01 1.478390520999999902e+00
8.327231045000000620e+01 1.479282716602347558e-01 1.481388356999999933e+00
8.331777963999999770e+01 1.431618001954068353e-01 1.484129628000000034e+00
8.337473796000000448e+01 1.388652011711938028e-01 1.485778354000000023e+00
8.343711249999999779e+01 1.327776726366480253e-01 1.484455215999999966e+00
8.349762051000000440e+01 1.199894251254749605e-01 1.476463320999999995e+00
8.354691110000000265e+01 1.060364547653679101e-01 1.457557994999999940e+00
8.357456974000000116e+01 1.123756133314751937e-01 1.436014214000000067e+00
8.357546397999999499e+01 1.130838437520006873e-01 1.432040712999999910e+00
8.354956181999999387e+01 1.063169846051634643e-01 1.445666769000000018e+00
8.350132542999999430e+01 1.199620870125497618e-01 1.459103127000000111e+00
8.344095652999999402e+01 1.327974921040075973e-01 1.465156306999999991e+00
8.337817475999999317e+01 1.387677775631650512e-01 1.467484503999999967e+00
8.332051855999999646e+01 1.431078792364061381e-01 1.468936730000000024e+00
8.327419761000000165e+01 1.479774744145748722e-01 1.470638085999999900e+00
8.324409772999999291e+01 1.522216343083152290e-01 1.472845850999999984e+00
8.326928556999999387e+01 1.576334471101223933e-01 1.469386254000000003e+00
8.327620718000000011e+01 1.562102841539556308e-01 1.474102033999999950e+00
8.329804151999999817e+01 1.521483567662629821e-01 1.479825809999999908e+00
8.333387881000000164e+01 1.462376888873285208e-01 1.484531159999999961e+00
8.338205673999999590e+01 1.391276501075412730e-01 1.486404564000000095e+00
8.344019414000000268e+01 1.310877499481704622e-01 1.484352195000000041e+00
8.350528749999999434e+01 1.221897528327319793e-01 1.478026717000000101e+00
8.357350087999999744e+01 1.126346682775733743e-01 1.467346593999999893e+00
8.363605153000000314e+01 1.054914815982584964e-01 1.448433622000000032e+00
8.363870939999999621e+01 1.056635117592000239e-01 1.436380570000000079e+00
8.357710348999999894e+01 1.124947799975993534e-01 1.450509285000000093e+00
8.350909995000000663e+01 1.221972180551138265e-01 1.459534195000000034e+00
8.344403966000000139e+01 1.311093929042481954e-01 1.465128466999999990e+00
8.338571539000000143e+01 1.390626618328803243e-01 1.467585828000000037e+00
8.333706479999999317e+01 1.460640927544226420e-01 1.467687677000000024e+00
8.330042896999999869e+01 1.519365280218698266e-01 1.466894305000000065e+00
8.327749427999999909e+01 1.560688681021656643e-01 1.467009446000000050e+00
8.295108317999999770e+01 2.751449084490417349e-02 1.428345776000000011e+00
8.296215064999999811e+01 4.359721603369131476e-02 1.391453038999999947e+00
8.299327839999999412e+01 7.119032076892238547e-02 1.391976212000000102e+00
8.304242442999999696e+01 9.838044110773057349e-02 1.392951338000000039e+00
8.310587825000000350e+01 1.225550608605989050e-01 1.394242111999999922e+00
8.317883677999999747e+01 1.431181261951849915e-01 1.395557761000000063e+00
8.325533369000000050e+01 1.598830847250338749e-01 1.396259206000000086e+00
8.332692238999999290e+01 1.712867418615545978e-01 1.395135491000000005e+00
8.337708211999999719e+01 1.725764572536233332e-01 1.392016565000000039e+00
8.337650840999999957e+01 1.725804846198795428e-01 1.395304789999999961e+00
8.332590462999999659e+01 1.710017693004604600e-01 1.400833090999999975e+00
8.325439188000000001e+01 1.595429449041732839e-01 1.401516929000000022e+00
8.317807544999999436e+01 1.428170860220606131e-01 1.399862141999999920e+00
8.310529957999999340e+01 1.222992695851705947e-01 1.397600482000000088e+00
8.304201175000000035e+01 9.816146801690477097e-02 1.395467642999999924e+00
8.299301542000000609e+01 7.100136269579299109e-02 1.393780381000000013e+00
8.296202775000000429e+01 4.344515733582692690e-02 1.392769541000000055e+00
8.296245772999999701e+01 4.350123373873449051e-02 1.497351660999999945e+00
8.297886531999999704e+01 6.145694845275439383e-02 1.443118370000000095e+00
8.301161267000000521e+01 8.509099448729247339e-02 1.402992570999999966e+00
8.305980963000000372e+01 1.064912253705655731e-01 1.396260373999999915e+00
8.312152107999999373e+01 1.259989292713751541e-01 1.395230418999999999e+00
8.319226964000000635e+01 1.431650466829252899e-01 1.395733321000000027e+00
8.326621298999999965e+01 1.576745698494524117e-01 1.396278668999999972e+00
8.333499555999999586e+01 1.680358659963005763e-01 1.395492334999999917e+00
8.338259591999999998e+01 1.700219711824645374e-01 1.393249992999999964e+00
8.338199844999999755e+01 1.700024005770109092e-01 1.396449470000000082e+00
8.333387867000000426e+01 1.677399887163052161e-01 1.401177166999999946e+00
8.326510213999999621e+01 1.573110256444989474e-01 1.401597849999999923e+00
8.319127018000000362e+01 1.428192524015242104e-01 1.400127906000000033e+00
8.312061758999999483e+01 1.256665930642079099e-01 1.398705513999999983e+00
8.305894188000000611e+01 1.061450581455461312e-01 1.398966871999999917e+00
8.301066459000000464e+01 8.472897504311208139e-02 1.405184208000000101e+00
8.297777539999999874e+01 6.146665987085186966e-02 1.442301389999999905e+00
8.299355343000000573e+01 7.109748452481240433e-02 1.495521442000000034e+00
8.301173952000000611e+01 8.491414231412655611e-02 1.482278613000000078e+00
8.305452119000000266e+01 1.046005950105381166e-01 1.439885502000000095e+00
8.310626677000000484e+01 1.217974894629324512e-01 1.409472583999999973e+00
8.316555193000000656e+01 1.339964029384371202e-01 1.399104340000000057e+00
8.323098004000000572e+01 1.433111695235349259e-01 1.396428577000000004e+00
8.329797546000000352e+01 1.516616134063443477e-01 1.396316867999999989e+00
8.335885656000000665e+01 1.590331448443897955e-01 1.396487414000000093e+00
8.339940006000000494e+01 1.626640329940613472e-01 1.396531084000000034e+00
8.339880608999999367e+01 1.625730170656590479e-01 1.399479310999999893e+00
8.335764815000000283e+01 1.587199641440446007e-01 1.402113624999999919e+00
8.329667716999999527e+01 1.512915977563269176e-01 1.401782373999999942e+00
8.322972224000000097e+01 1.429568617196124714e-01 1.400973106999999995e+00
8.316432700000000011e+01 1.336803146522649310e-01 1.402554823000000006e+00
8.310504355000000487e+01 1.215964508329447219e-01 1.411541128000000089e+00
8.305342903000000376e+01 1.045994029407944781e-01 1.439345740000000040e+00
8.301121707000000072e+01 8.473955801669227905e-02 1.480019728999999895e+00
8.304266459000000111e+01 9.828881602864908418e-02 1.492408095000000046e+00
8.305992016000000433e+01 1.063221205854256585e-01 1.487220015999999978e+00
8.310622585999999501e+01 1.216466167060972076e-01 1.467194542999999962e+00
8.316714247000000171e+01 1.339137269115631412e-01 1.434388251999999975e+00
8.322956618999999989e+01 1.414569013603124703e-01 1.408670035000000098e+00
8.329025921999999582e+01 1.431785978082083244e-01 1.398209169999999890e+00
8.334767030999999804e+01 1.432714948341460293e-01 1.396370722999999980e+00
8.339654853000000401e+01 1.463067133417151888e-01 1.398185320000000065e+00
8.342668804999999566e+01 1.514845762811774799e-01 1.401309823000000065e+00
8.342613308999999333e+01 1.512881501041534182e-01 1.403840675000000093e+00
8.339527846000000011e+01 1.459501640806311618e-01 1.403640278999999991e+00
8.334617176000000427e+01 1.429148307454318756e-01 1.402074607000000084e+00
8.328874000999999794e+01 1.428577246792498423e-01 1.402848531000000065e+00
8.322814424000000599e+01 1.412741456498893544e-01 1.411268587999999991e+00
8.316604311000000394e+01 1.339072551715411452e-01 1.433868404000000041e+00
8.310565818999999976e+01 1.215952030547324536e-01 1.464599192999999966e+00
8.305973296999999889e+01 1.062924377472957427e-01 1.485300032999999909e+00
8.310608634999999822e+01 1.224661790202063172e-01 1.488108341000000001e+00
8.312159447999999884e+01 1.258427688999781136e-01 1.485748494000000086e+00
8.316543167000000381e+01 1.337757411608242464e-01 1.475890748999999946e+00
8.322933947999999305e+01 1.412835046330513933e-01 1.456585534000000015e+00
8.329978776000000096e+01 1.445170903384875860e-01 1.427837905999999935e+00
8.336225356999999292e+01 1.414737744469254654e-01 1.403140196999999922e+00
8.341066331999999761e+01 1.338609899708543549e-01 1.396431567999999901e+00
8.344491960999999947e+01 1.326777106342904855e-01 1.400864896000000082e+00
8.346313007999999911e+01 1.377353495009333850e-01 1.406865263000000033e+00
8.346266273999999896e+01 1.374434286854062381e-01 1.408788123999999975e+00
8.344366777999999840e+01 1.322226013934373057e-01 1.405839743000000031e+00
8.340896150999999747e+01 1.335420739985244132e-01 1.402472415999999944e+00
8.336056306999999777e+01 1.412309906442492102e-01 1.407180941000000018e+00
8.329867697000000248e+01 1.445071175868931079e-01 1.427157028999999966e+00
8.322891232000000628e+01 1.413358758051913300e-01 1.452989204999999950e+00
8.316535752999999431e+01 1.338360057432735062e-01 1.472365997000000037e+00
8.312161290999999608e+01 1.258843983134890765e-01 1.483737126999999933e+00
8.317902426000000560e+01 1.430398702505097375e-01 1.482558864000000032e+00
8.319230539999999507e+01 1.430293034008668085e-01 1.481741168999999969e+00
8.323078055000000575e+01 1.430835321366119295e-01 1.476826207000000002e+00
8.328980819999999596e+01 1.428780385788504526e-01 1.467372976000000051e+00
8.336169506000000240e+01 1.411867792816680067e-01 1.451382093000000095e+00
8.343381121999999550e+01 1.359112231330113774e-01 1.421435132000000046e+00
8.348103491000000531e+01 1.235775978103757083e-01 1.396473888000000052e+00
8.349962277999999571e+01 1.205394529826935568e-01 1.405758480999999893e+00
8.350690876000000173e+01 1.225564115067069720e-01 1.412555189000000100e+00
8.350660383000000309e+01 1.222701863725283167e-01 1.413584787000000009e+00
8.349860972999999831e+01 1.199518315033394344e-01 1.409258050999999901e+00
8.347914522000000659e+01 1.233300971487668179e-01 1.402940013999999902e+00
8.343268310999999926e+01 1.358995209701534534e-01 1.420021680000000064e+00
8.336172793999999442e+01 1.414186837822161702e-01 1.445115294999999911e+00
8.329016120999999373e+01 1.430831278347100555e-01 1.461295800000000034e+00
8.323111867999999447e+01 1.432237283139336514e-01 1.472351903999999934e+00
8.319249831000000484e+01 1.430988061402471145e-01 1.479403441000000097e+00
8.325552998999999943e+01 1.598364941616858825e-01 1.475500387999999941e+00
8.326622650999999564e+01 1.575793631831463038e-01 1.475924537000000036e+00
8.329770480999999904e+01 1.514773397473754557e-01 1.474327251999999921e+00
8.334704379999999446e+01 1.429826161772149995e-01 1.470998165999999996e+00
8.340965232000000640e+01 1.334928000728314579e-01 1.466444488999999907e+00
8.347965664999999547e+01 1.231991083496732364e-01 1.461580716000000058e+00
8.354916699999999707e+01 1.103014611672869100e-01 1.474538085999999915e+00
8.355398270000000593e+01 1.080021347416288136e-01 1.419285546000000009e+00
8.355573130999999876e+01 1.066804817183630155e-01 1.418216243000000043e+00
8.355573257999999726e+01 1.066803319453540622e-01 1.417742964999999966e+00
8.355398589000000698e+01 1.080029372365644141e-01 1.417208542000000016e+00
8.354989915999999539e+01 1.103976051361557215e-01 1.403311184000000100e+00
8.348134303000000500e+01 1.233929072314142589e-01 1.447263127000000038e+00
8.341109117000000595e+01 1.337218176808923353e-01 1.455168594999999954e+00
8.334816555000000449e+01 1.431850911676066929e-01 1.462392531000000107e+00
8.329847017000000164e+01 1.516225120227565060e-01 1.468495204000000109e+00
8.326661393999999916e+01 1.576540566788338649e-01 1.472977984999999990e+00
8.332720285999999987e+01 1.713269657125615353e-01 1.466383879999999973e+00
8.333503862000000595e+01 1.680380496123936862e-01 1.468272124000000067e+00
8.335854772000000423e+01 1.589626586167754430e-01 1.469904402000000054e+00
8.339580764000000102e+01 1.461532750802450875e-01 1.471390106999999947e+00
8.344372174000000086e+01 1.324529980579183808e-01 1.472946834999999899e+00
8.349803477000000385e+01 1.202416086784528909e-01 1.474856187999999957e+00
8.355237787999999455e+01 1.078194358845426803e-01 1.475768377000000076e+00
8.359238992000000223e+01 8.612514657414672981e-02 1.455096055999999916e+00
8.360651445000000592e+01 8.997849855653509976e-02 1.425518969999999941e+00
8.360721592999999530e+01 9.091246375519702883e-02 1.421618827999999946e+00
8.359529840000000434e+01 8.636467159775663982e-02 1.440587056000000032e+00
8.355624174999999809e+01 1.078372017285282036e-01 1.456648401999999898e+00
8.350125902999999994e+01 1.199194232181175490e-01 1.456952795000000078e+00
8.344629553999999416e+01 1.322563135972659454e-01 1.457889615000000028e+00
8.339774816999999985e+01 1.461255869664807860e-01 1.459715011999999978e+00
8.335984933999999669e+01 1.590137216347498328e-01 1.461942258000000106e+00
8.333569217000000151e+01 1.680851053275555507e-01 1.464237722000000019e+00
8.337761793999999327e+01 1.727446420651458647e-01 1.456190490000000004e+00
8.338281195000000423e+01 1.701959948142740542e-01 1.460025458000000054e+00
8.339917427000000316e+01 1.627946120938404406e-01 1.465279726999999976e+00
8.342597159000000318e+01 1.515204872766759414e-01 1.470790956000000094e+00
8.346196195999999645e+01 1.376377576882875098e-01 1.475166830000000040e+00
8.350541251999999304e+01 1.223394543796909179e-01 1.477108211000000004e+00
8.355410804999999641e+01 1.064868218684531243e-01 1.475599670999999891e+00
8.360510012000000302e+01 9.024091185873159282e-02 1.469379242999999891e+00
8.365117711999999983e+01 7.576069201944830855e-02 1.447600463999999976e+00
8.365412750999999503e+01 7.598265334109861879e-02 1.432956590000000086e+00
8.360898430000000303e+01 9.024753001981200562e-02 1.451189791000000007e+00
8.355797504000000231e+01 1.065079760956036958e-01 1.456579661999999997e+00
8.350908083000000204e+01 1.222167844048520080e-01 1.458365984999999920e+00
8.346524232999999526e+01 1.373991267767414870e-01 1.457853148999999959e+00
8.342866345999999567e+01 1.512480146486810395e-01 1.456183291000000102e+00
8.340109126000000117e+01 1.625711187763419219e-01 1.454648477000000106e+00
8.338380979000000082e+01 1.700739630434695837e-01 1.454413836999999932e+00
8.296660803999999700e+01 1.821145815929007747e-02 1.430753633999999996e+00
8.297923432999999704e+01 4.151683411252071049e-02 1.389653114999999994e+00
8.301500796999999920e+01 7.463112782749244112e-02 1.390126954000000081e+00
8.307191082999999310e+01 1.054617594322202340e-01 1.391094295999999897e+00
8.314625531999999453e+01 1.320519309749152714e-01 1.392476534999999904e+00
8.323328252999999677e+01 1.539742000969466507e-01 1.394128237999999964e+00
8.332711777999999470e+01 1.714108345934133026e-01 1.395619194000000007e+00
8.341934571999999548e+01 1.835314293571800592e-01 1.395838321999999909e+00
8.349059920999999918e+01 1.826773113752402922e-01 1.393382526999999982e+00
8.348966853999999671e+01 1.826997900005604969e-01 1.398732888999999924e+00
8.341807119999999998e+01 1.831775130593872314e-01 1.402978673000000009e+00
8.332609628999999529e+01 1.711227552392913243e-01 1.401366259000000003e+00
8.323251940999999476e+01 1.537521582688676502e-01 1.398508880000000065e+00
8.314570233999999971e+01 1.318664796966520503e-01 1.395766821999999907e+00
8.307152820000000304e+01 1.052978670550335366e-01 1.393526687999999902e+00
8.301476850000000240e+01 7.448170678578963644e-02 1.391904545000000049e+00
8.297912291999999468e+01 4.137965812746102756e-02 1.391083743999999900e+00
8.297948585000000321e+01 4.145281574091586735e-02 1.499289875000000105e+00
8.299385782999999606e+01 5.710533439280912615e-02 1.443266689000000103e+00
8.302979371000000697e+01 8.332549481942470859e-02 1.406075599000000009e+00
8.308568296999999347e+01 1.094044236604532899e-01 1.396995494000000004e+00
8.315848990000000640e+01 1.326899389953924702e-01 1.394794936000000041e+00
8.324363501000000554e+01 1.522761742330872581e-01 1.394940689000000011e+00
8.333533538000000362e+01 1.681453079558934693e-01 1.395815816999999903e+00
8.342523414000000059e+01 1.795007556558179951e-01 1.395944716000000030e+00
8.349419883000000198e+01 1.793277307042530910e-01 1.393971410000000022e+00
8.349321462999999710e+01 1.793318958423534559e-01 1.399276573999999940e+00
8.342380792999999528e+01 1.791377171963393078e-01 1.403117900999999890e+00
8.333409360000000277e+01 1.678408435384352304e-01 1.401596443000000081e+00
8.324258068000000321e+01 1.520316183548926225e-01 1.399338146999999921e+00
8.315755348000000424e+01 1.324745472487886266e-01 1.398102857000000032e+00
8.308478085999999507e+01 1.092021612201595493e-01 1.399501692999999936e+00
8.302881591000000583e+01 8.315183146376259327e-02 1.408061100999999926e+00
8.299277082999999777e+01 5.710766112959256985e-02 1.442844382000000092e+00
8.301522635999999977e+01 7.456308005998737998e-02 1.497114143999999980e+00
8.302990020000000015e+01 8.323744381122516467e-02 1.478769006000000052e+00
8.306801554000000465e+01 1.010523852379798804e-01 1.439918789999999893e+00
8.312339020000000289e+01 1.192498985206253553e-01 1.413812049999999987e+00
8.319306658000000709e+01 1.349482295862385328e-01 1.402031896000000000e+00
8.327343299999999715e+01 1.480382962080678544e-01 1.397574996999999986e+00
8.335929337000000316e+01 1.590689266571313210e-01 1.396449542999999904e+00
8.344263601000000108e+01 1.679107305606093448e-01 1.396212275999999974e+00
8.350518974999999955e+01 1.695546719061737651e-01 1.395550367000000014e+00
8.350416456000000665e+01 1.694875278527468165e-01 1.400724303000000059e+00
8.344104903999999578e+01 1.675434971398381268e-01 1.403450131999999906e+00
8.335783476999999664e+01 1.587600506445889792e-01 1.402221723000000031e+00
8.327212552000000301e+01 1.477942907472805656e-01 1.401773020999999897e+00
8.319184819999999547e+01 1.347592057858401082e-01 1.404852178000000062e+00
8.312221159000000625e+01 1.191380364246693579e-01 1.415282109000000066e+00
8.306692476000000624e+01 1.010474019610018703e-01 1.439646825000000074e+00
8.302919808000000046e+01 8.320866113130598318e-02 1.477010592999999927e+00
8.307209034000000258e+01 1.053896846867706100e-01 1.493393892000000056e+00
8.308577798999999686e+01 1.093095659127568675e-01 1.485225183999999921e+00
8.312339077999999404e+01 1.191713335414990582e-01 1.461929859000000054e+00
8.317836721000000466e+01 1.304054852215833227e-01 1.434311982999999957e+00
8.324509455000000457e+01 1.386607941340131378e-01 1.413694444999999966e+00
8.331950036000000637e+01 1.432182062567099456e-01 1.402337230999999962e+00
8.339704605000000015e+01 1.462152033672987350e-01 1.397575688999999954e+00
8.347040701000000240e+01 1.502115113555824166e-01 1.396540372999999891e+00
8.352302964000000429e+01 1.542627178315660874e-01 1.397950701999999934e+00
8.352198541999999293e+01 1.540558496864506688e-01 1.402884361999999996e+00
8.346865615999999477e+01 1.498469089135819332e-01 1.403875615000000021e+00
8.339538930000000505e+01 1.459113258523950518e-01 1.403242638000000042e+00
8.331802371999999934e+01 1.429843892981162989e-01 1.405948850999999999e+00
8.324378935999999385e+01 1.385269980888008401e-01 1.415319596000000013e+00
8.317726826999999901e+01 1.303960565720100329e-01 1.434063209000000061e+00
8.312259724999999833e+01 1.192151182490128053e-01 1.460412478999999930e+00
8.308537461999999607e+01 1.093106216832315930e-01 1.483870271000000018e+00
8.314639461999999526e+01 1.319755178536851925e-01 1.488283236000000009e+00
8.315854579999999885e+01 1.325934023703655984e-01 1.484028625999999962e+00
8.319301393000000644e+01 1.348317234536020592e-01 1.470373602000000002e+00
8.324499851000000206e+01 1.385574474177058424e-01 1.449794108000000081e+00
8.330828076000000237e+01 1.410977096781360629e-01 1.427602397000000023e+00
8.337692547000000332e+01 1.389092922867943558e-01 1.409787555999999942e+00
8.344546234999999967e+01 1.324390539292904234e-01 1.399447867999999984e+00
8.350671368999999800e+01 1.287110199255183385e-01 1.396751861999999900e+00
8.354683301000000029e+01 1.348561203351067994e-01 1.400926418999999923e+00
8.354580774000000076e+01 1.344293642675183642e-01 1.405458694000000008e+00
8.350480566999999610e+01 1.283618099909162313e-01 1.404215457999999916e+00
8.344366143000000591e+01 1.321256288121640254e-01 1.404740909000000038e+00
8.337545375999999919e+01 1.386930725246348084e-01 1.412061797000000007e+00
8.330717004000000259e+01 1.410849493347550720e-01 1.427302692999999900e+00
8.324423815999999476e+01 1.386662137983417364e-01 1.447954981999999946e+00
8.319255999000000656e+01 1.349136463228186311e-01 1.468283669000000069e+00
8.315833892999999932e+01 1.326145017448175367e-01 1.482723723999999965e+00
8.323338721999999734e+01 1.538942990351651885e-01 1.481708806000000100e+00
8.324364522000000477e+01 1.521800032190757102e-01 1.479497212999999922e+00
8.327330646999999431e+01 1.479120795763055607e-01 1.471461820999999892e+00
8.331925870000000600e+01 1.430470723406905842e-01 1.458100139999999989e+00
8.337668671000000131e+01 1.387248502450498244e-01 1.440518286999999953e+00
8.343948584000000324e+01 1.328332774151211870e-01 1.420816450000000009e+00
8.350023930999999777e+01 1.202179740856316320e-01 1.403212329000000036e+00
8.354914795000000538e+01 1.063785851465764154e-01 1.396561104000000109e+00
8.357539343999999915e+01 1.131000294400898581e-01 1.404252013000000021e+00
8.357445604000000117e+01 1.123899471675852968e-01 1.408087808000000107e+00
8.354710586999999578e+01 1.060732891121743404e-01 1.404172128999999991e+00
8.349845086999999921e+01 1.198415913592648374e-01 1.407230596000000000e+00
8.343836004000000628e+01 1.328179426766068483e-01 1.420325813999999909e+00
8.337607275999999956e+01 1.389667270000347621e-01 1.437722514999999923e+00
8.331895701000000543e+01 1.432550474054764267e-01 1.454812983000000060e+00
8.327317460000000438e+01 1.480091711658519105e-01 1.468784746999999946e+00
8.324359857000000318e+01 1.522069928018472962e-01 1.478028530000000007e+00
8.332720978999999772e+01 1.713335650897194751e-01 1.473242084000000007e+00
8.333530937000000449e+01 1.680549196871169715e-01 1.472462834000000109e+00
8.335908741000000077e+01 1.589514779107669418e-01 1.468296578999999991e+00
8.339663606999999956e+01 1.460398015612328904e-01 1.460921994000000002e+00
8.344489016999999365e+01 1.321529361690869930e-01 1.450482725000000084e+00
8.349967461999999330e+01 1.197961549362968614e-01 1.436436194999999971e+00
8.355479570999999339e+01 1.078571599334195996e-01 1.415261075999999951e+00
8.359485419000000661e+01 8.636989993248166131e-02 1.395447477999999908e+00
8.360717855999999415e+01 9.090656803515145823e-02 1.408053334000000101e+00
8.360647697000000278e+01 9.000540798166418999e-02 1.410454920999999917e+00
8.359273292999999683e+01 8.618287760886669813e-02 1.403174616000000041e+00
8.355364978000000065e+01 1.078410250758952416e-01 1.413888158000000006e+00
8.349951416999999765e+01 1.204161872329136546e-01 1.430824786000000071e+00
8.344507070000000226e+01 1.325883075615900131e-01 1.444537006000000012e+00
8.339689547000000402e+01 1.462568852113858564e-01 1.455870645999999935e+00
8.335930682999999419e+01 1.590381107892187562e-01 1.464696914999999988e+00
8.333543113999999719e+01 1.680811401368821068e-01 1.470600439000000037e+00
8.341950187000000483e+01 1.835035997718734158e-01 1.461430014999999916e+00
8.342522628000000395e+01 1.794583762187874909e-01 1.462127323000000034e+00
8.344237714999999866e+01 1.678422354113819626e-01 1.461561668000000092e+00
8.346983233999999641e+01 1.501052902547655166e-01 1.459901161999999974e+00
8.350579043999999840e+01 1.285582777830920065e-01 1.457447573999999912e+00
8.354787838999999394e+01 1.061794123712996585e-01 1.454682242000000070e+00
8.359326282000000674e+01 8.614421271872067798e-02 1.452649459000000087e+00
8.363753733999999440e+01 7.012045627577472018e-02 1.468308208000000059e+00
8.364004898000000310e+01 6.923157116142972245e-02 1.414824665999999898e+00
8.364005016999999498e+01 6.923502850148986754e-02 1.412828978999999929e+00
8.363835258999999667e+01 7.033042765203878499e-02 1.399791055999999978e+00
8.359502184999999486e+01 8.626918517218691573e-02 1.436856815999999926e+00
8.354945915999999784e+01 1.063152830181072206e-01 1.442042504000000003e+00
8.350712027000000148e+01 1.286717869073432663e-01 1.447177441000000009e+00
8.347086428000000069e+01 1.501892981961520379e-01 1.452035511000000056e+00
8.344308032000000708e+01 1.678967232961907641e-01 1.456228360000000110e+00
8.342558216999999843e+01 1.794849948999114875e-01 1.459432456000000045e+00
8.349110471000000189e+01 1.828528350546927417e-01 1.444109662000000016e+00
8.349445140000000265e+01 1.795068382709238686e-01 1.447066806000000039e+00
8.350507068000000288e+01 1.697138290355556522e-01 1.451296949000000058e+00
8.352246065999999303e+01 1.543787482211772810e-01 1.456326937000000044e+00
8.354579384999999547e+01 1.348992421744230064e-01 1.461471312000000022e+00
8.357393274000000361e+01 1.130260662309003905e-01 1.465913739999999965e+00
8.360542445999999472e+01 9.067744218215592622e-02 1.468832657999999958e+00
8.363829615000000217e+01 6.916625334081993870e-02 1.468983863999999917e+00
8.366716336000000354e+01 4.616998868783108584e-02 1.448338407999999911e+00
8.367029644999999505e+01 4.649993891341040742e-02 1.429319269999999920e+00
8.364218608000000188e+01 6.919191144490675904e-02 1.450121342000000091e+00
8.360898810000000481e+01 9.027319184731213975e-02 1.450100439000000074e+00
8.357710792000000311e+01 1.125562770844699967e-01 1.448484636999999964e+00
8.354848531999999750e+01 1.345102344184583576e-01 1.446237629999999941e+00
8.352457216999999901e+01 1.541074718574094449e-01 1.444096124999999953e+00
8.350652331000000572e+01 1.695521238223005323e-01 1.442742122000000071e+00
8.349519119999999361e+01 1.794335504518081714e-01 1.442666181999999964e+00
8.297495406999999545e+01 6.368023595178489392e-03 1.432075031000000109e+00
8.298857857999999510e+01 3.990975611453145833e-02 1.386846446999999927e+00
8.302741883000000200e+01 7.658613709946278381e-02 1.387205395999999924e+00
8.308958081000000107e+01 1.093213181826158120e-01 1.388153240000000066e+00
8.317161380000000293e+01 1.365681617895627420e-01 1.389565257000000109e+00
8.326922955000000570e+01 1.576735270491439467e-01 1.391394333000000039e+00
8.337761267999999859e+01 1.727905586609208288e-01 1.393411485999999977e+00
8.349114941000000556e+01 1.829189493883879858e-01 1.394832177000000062e+00
8.359752763000000186e+01 1.872435995587647395e-01 1.392173529999999992e+00
8.359599083000000519e+01 1.872123332695654063e-01 1.401455652000000107e+00
8.349020633000000657e+01 1.829408910336532412e-01 1.400241140000000106e+00
8.337703240999999821e+01 1.727947389894428643e-01 1.396753654000000067e+00
8.326884413000000507e+01 1.576484224346791641e-01 1.393666727999999910e+00
8.317135154000000341e+01 1.365261850746536387e-01 1.391179721000000091e+00
8.308940590999999642e+01 1.092714410625345856e-01 1.389321350999999982e+00
8.302731171000000643e+01 7.653302833453812237e-02 1.388070573999999890e+00
8.298852924999999914e+01 3.985289130883945541e-02 1.387597296000000036e+00
8.298880862000000036e+01 3.989029296770640887e-02 1.502451968999999998e+00
8.300191992999999968e+01 5.409859707852866101e-02 1.443307668999999960e+00
8.303970273999999563e+01 8.275604665247432434e-02 1.408074731999999996e+00
8.310058806000000686e+01 1.117012099787293850e-01 1.397159437000000004e+00
8.318109635999999796e+01 1.366353064396439998e-01 1.393753806999999956e+00
8.327696459000000573e+01 1.561623538284382662e-01 1.393338780000000110e+00
8.338343080999999302e+01 1.701655041381591738e-01 1.394253390999999898e+00
8.349494387000000017e+01 1.795269211728384717e-01 1.395165468999999936e+00
8.359928485999999737e+01 1.836157131482359928e-01 1.392487012999999996e+00
8.359760205999999982e+01 1.835693140490385900e-01 1.401819818000000106e+00
8.349376977999999383e+01 1.795467652217479781e-01 1.400600547000000029e+00
8.338255879999999820e+01 1.701800524232088274e-01 1.397616819000000010e+00
8.327621286000000111e+01 1.561556259587988105e-01 1.395657031999999909e+00
8.318036707000000263e+01 1.366172314360550311e-01 1.395484710000000073e+00
8.309980099999999936e+01 1.116790954374334288e-01 1.398614317999999912e+00
8.303876871999999310e+01 8.273257310779026652e-02 1.409540317999999903e+00
8.300083451000000423e+01 5.409587122842637180e-02 1.443245609999999957e+00
8.302762422000000697e+01 7.655172358641702812e-02 1.500307478000000083e+00
8.303981688000000361e+01 8.273358958813319119e-02 1.476645267000000095e+00
8.307527822999999501e+01 9.887462042548277041e-02 1.439909265999999910e+00
8.313262437999999577e+01 1.186488001680358895e-01 1.416536857999999954e+00
8.320872095999999374e+01 1.371603067515604069e-01 1.404354517000000024e+00
8.329949854999999559e+01 1.520631553508257905e-01 1.398733127000000076e+00
8.340038056999999583e+01 1.627020046990827196e-01 1.396738570999999984e+00
8.350602179000000547e+01 1.696694062729371955e-01 1.396188033000000051e+00
8.360458873000000324e+01 1.729022841583160719e-01 1.393345491000000047e+00
8.360274939999999333e+01 1.728234556615758366e-01 1.402789478000000090e+00
8.350463510000000156e+01 1.696454354932471209e-01 1.401558271000000078e+00
8.339926386000000491e+01 1.626782188514238614e-01 1.399936016000000061e+00
8.329846813000000338e+01 1.520275917231801999e-01 1.400803256000000108e+00
8.320768682000000638e+01 1.371216424119349742e-01 1.405710873000000083e+00
8.313154398000000356e+01 1.186161607016772701e-01 1.417310188999999943e+00
8.307418737000000419e+01 9.886721372865839297e-02 1.439876103000000018e+00
8.303898006000000009e+01 8.277701190280979671e-02 1.475367517000000017e+00
8.308975191000000393e+01 1.092811462301323810e-01 1.496547655999999948e+00
8.310071053000000063e+01 1.116660090562074242e-01 1.484720916999999973e+00
8.313267242000000579e+01 1.186269890604396138e-01 1.458813780000000060e+00
8.318441824999999312e+01 1.283800496039017858e-01 1.434245793000000102e+00
8.325335072000000025e+01 1.382353994484050996e-01 1.416723455999999937e+00
8.333584575999999799e+01 1.461864785084915075e-01 1.406050637000000103e+00
8.342768035000000282e+01 1.514055573577071379e-01 1.400456149999999900e+00
8.352385519000000613e+01 1.542582070687432694e-01 1.397786498000000099e+00
8.361318672000000163e+01 1.556669072978674462e-01 1.394600236999999909e+00
8.361118580999999494e+01 1.555402733728815101e-01 1.404218876000000060e+00
8.352228768999999886e+01 1.541422671033657876e-01 1.402981548000000078e+00
8.342638868000000230e+01 1.513022468895283690e-01 1.403288824999999962e+00
8.333465520999999399e+01 1.461009870558536983e-01 1.407616444999999938e+00
8.325219997000000660e+01 1.381802539317916190e-01 1.417425673999999969e+00
8.318331795999999656e+01 1.283687214404214127e-01 1.434225422999999999e+00
8.313172106000000383e+01 1.186660780123158093e-01 1.458152818000000073e+00
8.310011882999999955e+01 1.117206204925975249e-01 1.483873023999999985e+00
8.317174334000000613e+01 1.365259990136695467e-01 1.491501798000000045e+00
8.318119063000000324e+01 1.365935453321091286e-01 1.484647639999999935e+00
8.320876343999999847e+01 1.371197826619615368e-01 1.467005010999999914e+00
8.325335456000000534e+01 1.382030929315720413e-01 1.446045625000000001e+00
8.331287285999999881e+01 1.391880427228014416e-01 1.427457930999999958e+00
8.338432342999999491e+01 1.391471904767848933e-01 1.413679008999999986e+00
8.346405176999999753e+01 1.375591098850377503e-01 1.404874422000000012e+00
8.354758703999999625e+01 1.347171574471217881e-01 1.399807435000000044e+00
8.362466191999999410e+01 1.328428517747408388e-01 1.396016667999999905e+00
8.362250274000000161e+01 1.326556559964487403e-01 1.405886978000000065e+00
8.354588913999999988e+01 1.344509242907096502e-01 1.404672184999999907e+00
8.346267546999999354e+01 1.373653690882297718e-01 1.407120600000000055e+00
8.338309952000000180e+01 1.390463572107055457e-01 1.414542323000000046e+00
8.331175966000000699e+01 1.391733855337939640e-01 1.427433412000000068e+00
8.325237995999999896e+01 1.382542290679171504e-01 1.445430862999999899e+00
8.320800864999999646e+01 1.371975267136945065e-01 1.466128085000000025e+00
8.318076861000000122e+01 1.366481256022220592e-01 1.483983425999999994e+00
8.326931165999999962e+01 1.576326460619165426e-01 1.485304283000000058e+00
8.327701252999999326e+01 1.561202692292960048e-01 1.481010316999999965e+00
8.329950019000000339e+01 1.520132050411725222e-01 1.468846765000000110e+00
8.333581001000000299e+01 1.461229359843554954e-01 1.452314376999999990e+00
8.338428075000000206e+01 1.390887906432706211e-01 1.435260804999999973e+00
8.344257149999999967e+01 1.311460244798609009e-01 1.420543891999999975e+00
8.350774361000000567e+01 1.223389367868555622e-01 1.409560605000000022e+00
8.357605370000000278e+01 1.128392753532938830e-01 1.402145959000000053e+00
8.363844195000000070e+01 1.057260076262400567e-01 1.397281860000000098e+00
8.363613925999999310e+01 1.054659590390359947e-01 1.407522095000000029e+00
8.357430433000000392e+01 1.123661891976154986e-01 1.406408142999999944e+00
8.350639701000000059e+01 1.221181263043949472e-01 1.410911156000000055e+00
8.344144219000000362e+01 1.311277655809561793e-01 1.420490546999999992e+00
8.338332192000000020e+01 1.391798612315822969e-01 1.434451978000000016e+00
8.333503269999999929e+01 1.462439519944274124e-01 1.451181491000000046e+00
8.329894258999999579e+01 1.521093738858835531e-01 1.467777933000000035e+00
8.327671893000000125e+01 1.561688041073650557e-01 1.480360762999999968e+00
8.337764205000000572e+01 1.727504941167135599e-01 1.477920809000000002e+00
8.338341819000000044e+01 1.701258680661951461e-01 1.475216864000000072e+00
8.340031184999999425e+01 1.626524066879481145e-01 1.466872366999999899e+00
8.342755966000000001e+01 1.513236836870295310e-01 1.454485414000000087e+00
8.346390583000000163e+01 1.374320021746807119e-01 1.440258212000000038e+00
8.350762460999999348e+01 1.222033966241709846e-01 1.426402382000000024e+00
8.355653689999999756e+01 1.065359279742474491e-01 1.414547951000000081e+00
8.360778415999999424e+01 9.059242406870354758e-02 1.405044167000000011e+00
8.365381816999999387e+01 7.603166211644923900e-02 1.397956309000000008e+00
8.365140280999999334e+01 7.568062675278994234e-02 1.408804651999999935e+00
8.360612317000000360e+01 8.994613528122007151e-02 1.408034610999999936e+00
8.355538617999999929e+01 1.065091383839471689e-01 1.414371366999999990e+00
8.350674261000000342e+01 1.224177720314205547e-01 1.424993272999999894e+00
8.346321598000000108e+01 1.376683842895429777e-01 1.438406705000000008e+00
8.342704021999999497e+01 1.514937210341790741e-01 1.452674352999999918e+00
8.339996128999999314e+01 1.627438045976690451e-01 1.465454489000000082e+00
8.338324104000000148e+01 1.701607440260233806e-01 1.474441708999999934e+00
8.349112655000000416e+01 1.828628449660043009e-01 1.468396612000000045e+00
8.349485565999999892e+01 1.794764617168453924e-01 1.467014629999999986e+00
8.350584249000000625e+01 1.696183020445623801e-01 1.461904434999999891e+00
8.352357639000000233e+01 1.541749838356036295e-01 1.453716596000000028e+00
8.354722472999999638e+01 1.345423097562896131e-01 1.443488668000000086e+00
8.357565483000000484e+01 1.125046939964677306e-01 1.432471432999999905e+00
8.360744689000000562e+01 9.011340980703856640e-02 1.421749076000000001e+00
8.364075999000000650e+01 6.918156202391438636e-02 1.411070540000000095e+00
8.366997401000000423e+01 4.642371630866328619e-02 1.397088435999999989e+00
8.366751085999999304e+01 4.596989101057363108e-02 1.409215480999999937e+00
8.363956790000000296e+01 6.912057191437545600e-02 1.409996719000000009e+00
8.360686201000000040e+01 9.086481292503917340e-02 1.418010709000000036e+00
8.357532211999999561e+01 1.131231097606781449e-01 1.428303929999999999e+00
8.354702543000000503e+01 1.349061008921718374e-01 1.439616860000000109e+00
8.352345726000000070e+01 1.543409869902445386e-01 1.450531438999999923e+00
8.350577549999999860e+01 1.696712979432751511e-01 1.459654376999999892e+00
8.349482561000000658e+01 1.794847129240217110e-01 1.465852809999999895e+00
8.359765025999999466e+01 1.871954205534337168e-01 1.447107807000000079e+00
8.359925441000000035e+01 1.835604755547222133e-01 1.448109016999999943e+00
8.360432907000000569e+01 1.728399841581040042e-01 1.448416249000000100e+00
8.361264054999999473e+01 1.556014526738794534e-01 1.448148256999999939e+00
8.362379914999999642e+01 1.327832893314705165e-01 1.447511871999999977e+00
8.363726275000000498e+01 1.056876988778678028e-01 1.446829549999999909e+00
8.365234601000000225e+01 7.604457678566106660e-02 1.446701419000000044e+00
8.366821495000000652e+01 4.658749701164540541e-02 1.449060014999999924e+00
8.368280919000000040e+01 2.397324746755976482e-02 1.463577056999999959e+00
8.368359949999999969e+01 2.443108116761136955e-02 1.406623920999999999e+00
8.367002716999999734e+01 4.669003661759646429e-02 1.426450301000000032e+00
8.365405379999999980e+01 7.607900153109058150e-02 1.430172478000000025e+00
8.363877897000000416e+01 1.057019732639296050e-01 1.433477292999999930e+00
8.362506845999999427e+01 1.327859570158467784e-01 1.436829235000000038e+00
8.361362300999999775e+01 1.555972822991124327e-01 1.440073694000000071e+00
8.360499751999999773e+01 1.728335605370810713e-01 1.442990951999999938e+00
8.359959241999999335e+01 1.835559788938275205e-01 1.445382187000000096e+00
