4.377102179999999976e+01 0.000000000000000000e+00 2.246980768999999878e+00
4.383035139999999785e+01 1.760075748032975951e-01 2.238026253000000132e+00
4.400624622000000130e+01 3.469227050283835156e-01 2.202095488999999962e+00
4.429387181999999967e+01 5.081761468177097285e-01 2.143717661999999802e+00
4.468488711999999907e+01 6.476376553146092618e-01 2.058763401000000215e+00
4.495092444000000143e+01 3.561396571168260472e-01 1.987098508000000097e+00
4.516523438000000112e+01 2.784330367177724752e-01 1.961512641999999973e+00
4.531961370999999872e+01 1.782067686844015231e-01 1.943016816000000091e+00
4.540071952000000266e+01 6.146453059520667200e-02 1.933156821999999941e+00
4.384043242999999990e+01 1.759381506000904372e-01 2.175764050999999810e+00
4.392982192000000197e+01 3.199880980400788277e-01 2.202798457000000099e+00
4.408625330000000275e+01 3.742567571047490382e-01 2.162399740000000126e+00
4.432984173999999911e+01 4.298005655071299169e-01 2.105775351000000128e+00
4.462391773000000228e+01 4.460269348111856602e-01 2.038461357000000085e+00
4.490725665000000077e+01 3.938322532973220769e-01 1.984868113999999961e+00
4.513562764000000271e+01 2.998168178871051248e-01 1.953768559000000016e+00
4.529355058000000156e+01 1.940839208030104845e-01 1.935941115000000101e+00
4.537377530999999919e+01 1.003942088604404537e-01 1.927616232000000096e+00
4.401626696999999666e+01 3.468368900001782551e-01 2.143190535000000008e+00
4.409431207000000086e+01 3.686254560975206207e-01 2.109847303000000007e+00
4.425002581999999762e+01 3.478328448734675504e-01 2.075468809000000192e+00
4.443278011000000305e+01 3.514615119324506209e-01 2.055523249999999802e+00
4.465118807000000345e+01 3.494987222902803947e-01 2.026202534999999916e+00
4.487908782000000230e+01 3.297214995006155225e-01 1.997438422000000102e+00
4.508127188999999646e+01 2.762605920254954106e-01 1.974462200999999917e+00
4.522558760999999805e+01 2.017591118052092791e-01 1.958588403999999894e+00
4.529675612999999856e+01 1.543811503892693615e-01 1.949467588999999945e+00
4.430379293000000018e+01 5.080199747842775171e-01 2.090029830000000199e+00
4.433560924999999742e+01 4.229491196728181190e-01 2.070502767999999882e+00
4.443421255999999886e+01 3.484265904514163847e-01 2.046915354999999881e+00
4.456484781000000339e+01 3.043952849591326504e-01 2.035634615999999841e+00
4.471974426999999963e+01 2.715345246601916784e-01 2.024409884000000215e+00
4.488398438000000112e+01 2.417561018096291980e-01 2.012482616999999863e+00
4.503305294999999830e+01 2.061480235362069535e-01 2.000638164999999802e+00
4.513820253000000093e+01 1.762476396049421079e-01 1.987457497999999934e+00
4.518431426000000073e+01 1.869215597011460728e-01 1.969748121000000074e+00
4.468499704999999977e+01 4.084659856674793255e-01 2.043762451000000091e+00
4.462494652000000173e+01 4.375815734190092177e-01 2.033135424000000135e+00
4.465113380999999748e+01 3.462329694473120778e-01 2.028104823000000057e+00
4.471933845000000218e+01 2.702916254155182663e-01 2.027440817000000006e+00
4.480991781000000174e+01 2.036886390795118740e-01 2.028731579000000007e+00
4.490826085999999862e+01 1.506218901631940776e-01 2.029989051999999905e+00
4.499574357000000191e+01 1.204928154028352960e-01 2.028239779000000187e+00
4.504857876999999888e+01 1.357383933804138243e-01 2.014123983999999812e+00
4.505692001999999974e+01 1.885708812876242813e-01 1.978496728000000093e+00
4.494298518000000087e+01 3.560093944667963028e-01 2.011323668000000175e+00
4.490306953999999706e+01 3.870459119468904752e-01 2.008447755999999806e+00
4.487662484999999890e+01 3.258196132740913686e-01 2.012416372000000120e+00
4.488218722999999954e+01 2.392389496717428066e-01 2.022489095000000070e+00
4.490713879999999847e+01 1.488753920943326481e-01 2.035297009999999851e+00
4.494018118000000328e+01 6.831080543210203693e-02 2.048025464000000184e+00
4.496807679999999863e+01 4.519767870906018364e-02 2.054890396999999869e+00
4.496931627000000020e+01 1.084694724198934784e-01 2.032729124999999915e+00
4.493983031999999866e+01 1.601014634445677987e-01 1.973417997000000090e+00
4.515716857999999689e+01 2.782415116474394878e-01 1.984956383000000102e+00
4.512865060000000028e+01 2.964702651755563578e-01 1.989461667999999905e+00
4.507626965000000041e+01 2.722767697315573998e-01 1.999912689000000077e+00
4.502920551999999788e+01 2.025546893697923734e-01 2.018537143000000089e+00
4.499271829999999994e+01 1.168779467170863867e-01 2.040658604999999959e+00
4.496604574999999926e+01 4.125567680862426284e-02 2.062718932000000116e+00
4.494580447999999961e+01 4.732042718126048403e-02 2.080675424999999912e+00
4.491166291999999771e+01 1.060929312126200758e-01 2.046224281000000200e+00
4.485081720000000161e+01 1.293103962157645392e-01 1.939095194999999938e+00
4.531141179000000108e+01 1.780416446297509170e-01 1.965641138999999926e+00
4.528542336000000290e+01 1.924961268450642027e-01 1.974162449999999902e+00
4.521859809000000041e+01 1.989166107714887832e-01 1.989949653999999901e+00
4.513213074000000091e+01 1.734731015644895291e-01 2.012551794000000172e+00
4.504305633999999969e+01 1.340310060701968564e-01 2.035887698999999884e+00
4.496411948000000081e+01 1.094368132348002148e-01 2.054330506999999972e+00
4.490676555999999664e+01 1.121803796926959251e-01 2.066816365000000211e+00
4.487562366000000225e+01 1.097662546505799308e-01 2.097002922999999797e+00
4.477325508999999926e+01 1.719373887752324581e-01 1.785783652000000110e+00
4.539243084999999667e+01 6.139973854477566440e-02 1.955271361999999957e+00
4.536519174000000021e+01 9.967592853067172576e-02 1.965786188000000045e+00
4.528869507000000283e+01 1.533397550642007501e-01 1.983198956000000068e+00
4.517672299000000180e+01 1.861545032406161926e-01 2.000399105000000066e+00
4.504962237000000158e+01 1.882909249965996623e-01 2.009737320000000160e+00
4.493262151999999787e+01 1.604546261148433184e-01 2.008900198000000081e+00
4.484331957999999929e+01 1.303339285716418605e-01 1.982825325999999944e+00
4.476735064999999736e+01 1.637047013240557625e-01 1.840737604999999943e+00
4.467942919000000046e+01 1.265480534205478957e-01 1.762757853000000097e+00
4.384016602999999890e+01 1.760899777544822076e-01 2.235635923999999886e+00
4.392964203999999739e+01 3.223253685705537719e-01 2.200607141999999961e+00
4.408754425000000055e+01 3.767015824052279416e-01 2.170585958000000204e+00
4.433183195000000154e+01 4.312480335280481358e-01 2.123949951000000169e+00
4.462622755999999669e+01 4.458812740739927505e-01 2.070489575999999943e+00
4.490905642999999969e+01 3.924305519207123005e-01 2.026360926000000173e+00
4.513662199000000186e+01 2.984770759090724090e-01 1.994141420000000053e+00
4.529395159999999976e+01 1.931769613769936111e-01 1.971013142000000107e+00
4.537379018000000030e+01 9.995591724025822133e-02 1.957951360999999890e+00
4.537352016999999904e+01 1.007440802711601219e-01 1.954507513000000030e+00
4.529304840000000354e+01 1.946390222319882291e-01 1.960207008999999889e+00
4.513481093000000044e+01 3.005301940350326162e-01 1.974204595000000007e+00
4.490601958999999965e+01 3.945649644074209483e-01 1.996122496999999996e+00
4.462240841999999930e+01 4.460795284042315956e-01 2.036953183000000056e+00
4.432856813000000074e+01 4.289754720310134939e-01 2.098848406000000111e+00
4.408546797999999711e+01 3.728025934209857062e-01 2.156077632000000133e+00
4.392984893999999940e+01 3.162687412406428589e-01 2.197355669999999872e+00
4.393543281000000178e+01 3.162842431937782917e-01 2.188788707000000056e+00
4.403018200000000348e+01 4.109863947869191736e-01 2.157942241000000205e+00
4.416993977999999998e+01 4.194794097773763553e-01 2.136355796999999779e+00
4.438197229000000021e+01 4.182090735560780592e-01 2.099385487999999800e+00
4.463936652999999666e+01 4.099507839779306662e-01 2.057028031999999840e+00
4.490316640999999720e+01 3.783012927998327668e-01 2.016975804999999955e+00
4.513579345000000131e+01 3.086330531717443870e-01 1.982904519000000088e+00
4.531031969000000004e+01 2.079855924006226153e-01 1.955349859000000023e+00
4.541126256999999811e+01 9.544746388274209792e-02 1.937191912999999932e+00
4.541102244999999726e+01 9.616636312594183111e-02 1.933927718000000073e+00
4.530940139999999872e+01 2.090692038677334774e-01 1.946163875000000099e+00
4.513416998000000291e+01 3.096537893154923116e-01 1.968220808000000099e+00
4.490098680999999914e+01 3.789194916884741637e-01 1.998105189999999975e+00
4.463697152999999673e+01 4.098501128491728318e-01 2.037123241000000196e+00
4.437981829000000289e+01 4.172649965787419979e-01 2.082250566999999997e+00
4.416838091999999705e+01 4.177006119917207050e-01 2.124052314000000052e+00
4.402970844000000028e+01 4.040016335745613141e-01 2.148612466999999970e+00
4.409484124000000094e+01 3.725412130817426504e-01 2.110398760999999901e+00
4.417528561000000309e+01 4.132336618142756768e-01 2.080144053000000159e+00
4.434046551000000136e+01 4.239792041643792309e-01 2.050594467999999893e+00
4.450919722999999806e+01 4.036138667556606330e-01 2.046087392000000005e+00
4.470758287999999681e+01 3.704568942592750269e-01 2.028097026999999830e+00
4.492051108999999798e+01 3.368645117769547559e-01 2.005458233999999784e+00
4.512060861999999872e+01 2.933183724064308273e-01 1.981145237000000003e+00
4.527833695999999719e+01 2.464427145733405211e-01 1.955937771999999963e+00
4.537407138999999745e+01 2.440363191038972812e-01 1.934684220000000066e+00
4.537403851999999915e+01 2.438385114008348176e-01 1.933123565000000044e+00
4.527798477000000332e+01 2.459090573498353971e-01 1.951179956000000049e+00
4.511998580000000203e+01 2.926625390503310165e-01 1.973464789999999969e+00
4.491977280999999778e+01 3.361479639526573915e-01 1.996190786000000106e+00
4.470689022999999906e+01 3.697145635938607899e-01 2.019231528000000164e+00
4.450877358000000328e+01 4.030617671782915079e-01 2.040112793000000035e+00
4.434086503999999707e+01 4.239666699081780510e-01 2.053443290999999782e+00
4.417592514999999764e+01 4.143009354811227896e-01 2.088595471000000092e+00
4.433758440999999806e+01 4.274817696830711111e-01 2.069201017999999781e+00
4.438543277000000131e+01 4.132489309111189169e-01 2.051176026999999902e+00
4.451014174000000168e+01 4.011943706198138337e-01 2.023120930000000151e+00
4.464598709999999926e+01 3.708890676944826548e-01 2.016510804999999795e+00
4.479033374000000123e+01 3.230969744241622976e-01 2.013666966999999808e+00
4.494232775999999774e+01 2.785154495128709939e-01 2.007495054000000057e+00
4.508591883999999794e+01 2.493760912089321991e-01 1.996273709000000007e+00
4.519709040000000044e+01 2.483729609195287347e-01 1.976288558000000029e+00
4.525735724999999832e+01 2.917600362284059057e-01 1.946429473000000021e+00
4.525738814000000332e+01 2.916108930272425792e-01 1.946117579999999903e+00
4.519710496999999805e+01 2.477227366298920819e-01 1.974752169999999918e+00
4.508596889999999746e+01 2.483919674663423172e-01 1.993519800999999925e+00
4.494249188999999944e+01 2.775235182862469396e-01 2.004594946000000100e+00
4.479069583999999793e+01 3.223537406635146318e-01 2.012353824999999929e+00
4.464669872999999711e+01 3.706810910948842852e-01 2.019427588000000107e+00
4.451131789000000083e+01 4.015981743802385373e-01 2.033589646999999889e+00
4.438645105999999885e+01 4.141371947185660263e-01 2.063392510999999985e+00
4.462992646000000008e+01 4.430621074258552783e-01 2.028749707999999874e+00
4.464046376999999666e+01 4.062900393114995401e-01 2.020067624999999811e+00
4.470732222000000178e+01 3.683046287025831811e-01 2.008098437000000125e+00
4.478980971000000011e+01 3.222454015059051935e-01 2.008064918000000088e+00
4.487505197000000123e+01 2.571959300818964511e-01 2.015093336000000068e+00
4.496157772000000108e+01 1.956513755362123685e-01 2.021636893000000157e+00
4.503991477999999660e+01 1.714435519641936412e-01 2.021460943000000121e+00
4.509065850999999725e+01 2.014827727746711372e-01 2.002837761999999966e+00
4.510059818999999948e+01 2.611047443444171057e-01 1.960571875999999936e+00
4.510063815000000176e+01 2.610506999850002452e-01 1.960857703999999924e+00
4.509082985999999948e+01 2.011226287495545550e-01 2.003199128999999967e+00
4.504026733999999976e+01 1.707272256447867342e-01 2.021563854000000049e+00
4.496213039999999950e+01 1.949215463294268480e-01 2.022315899000000083e+00
4.487584032000000178e+01 2.567998517412114490e-01 2.017937144999999877e+00
4.479090624999999903e+01 3.223355318897779820e-01 2.015421567999999830e+00
4.470874959999999732e+01 3.686810404664078722e-01 2.022459383000000166e+00
4.464189946999999847e+01 4.068961682537656221e-01 2.038543116000000044e+00
4.491142070000000075e+01 3.911272869418343512e-01 2.001330896999999887e+00
4.490205890000000011e+01 3.756717907233955156e-01 1.991375538000000001e+00
4.491849686999999847e+01 3.348612601021736523e-01 1.992789791000000088e+00
4.494056366000000224e+01 2.770129145715573560e-01 2.003892583999999921e+00
4.496049517000000151e+01 1.946343077238712471e-01 2.021826850000000064e+00
4.497950040999999999e+01 1.125512406719212377e-01 2.040024539000000026e+00
4.499403621999999814e+01 9.322949658471932355e-02 2.049578943000000208e+00
4.498750102000000339e+01 1.485454832480399834e-01 2.028260813000000162e+00
4.495714834999999709e+01 1.920391952353264209e-01 1.979022791000000003e+00
4.495718211999999880e+01 1.920664072710802917e-01 1.979395711000000002e+00
4.498769888000000350e+01 1.485752122140551190e-01 2.029403026999999859e+00
4.499444290999999652e+01 9.298207413750636530e-02 2.051137125999999977e+00
4.498010803999999752e+01 1.121128197466164794e-01 2.042612714000000107e+00
4.496133987000000332e+01 1.944416543243442375e-01 2.027041818999999911e+00
4.494170962999999830e+01 2.771589282511471852e-01 2.014120806000000208e+00
4.492000740999999664e+01 3.351016477223272005e-01 2.011091829999999803e+00
4.490378809999999987e+01 3.759693840471943771e-01 2.017352962999999999e+00
4.513855975999999970e+01 2.979978360728283149e-01 1.981199780999999938e+00
4.513321763999999803e+01 3.072123941145322168e-01 1.965780872999999929e+00
4.511665510000000268e+01 2.918451602051412297e-01 1.976656208999999942e+00
4.508238925999999935e+01 2.474388822455928227e-01 1.998124951999999954e+00
4.503709518000000145e+01 1.694594566766756127e-01 2.026234559999999796e+00
4.499213882000000098e+01 9.180395703920651851e-02 2.055007155000000196e+00
4.495476364000000302e+01 7.984051432027489126e-02 2.077095814000000207e+00
4.491195400000000149e+01 1.200354560767776524e-01 2.058320162999999869e+00
4.485816475000000025e+01 1.250132984653749835e-01 1.993233438000000080e+00
4.485818113999999923e+01 1.250858082840348440e-01 1.993564654000000047e+00
4.491211690000000090e+01 1.202710488558934032e-01 2.059748047999999887e+00
4.495504903999999868e+01 8.010158782666028376e-02 2.079152222999999911e+00
4.499255477999999897e+01 9.177592328302876246e-02 2.058360940000000028e+00
4.503773197000000295e+01 1.694041887059732077e-01 2.032735730999999824e+00
4.508334561000000207e+01 2.476281476161606432e-01 2.010372616000000168e+00
4.511805844999999948e+01 2.920813667211555331e-01 1.998481337999999941e+00
4.513503613999999686e+01 3.072375471262021041e-01 1.998366775000000040e+00
4.529580241000000029e+01 1.930462325888035735e-01 1.965193052999999912e+00
4.530703941000000157e+01 2.078952939043312298e-01 1.943583896999999894e+00
4.527264129000000281e+01 2.470474024600195495e-01 1.959228181999999929e+00
4.519153567000000038e+01 2.473196034470131477e-01 1.986042670000000010e+00
4.508547501000000324e+01 2.006479458407211813e-01 2.017655635000000114e+00
4.498262985000000214e+01 1.493237087992867751e-01 2.047814885000000196e+00
4.490779016999999840e+01 1.232854302882955694e-01 2.077305138999999912e+00
4.486158225999999871e+01 1.133966383104125647e-01 2.110693734999999904e+00
4.480250292000000201e+01 9.743898105401239962e-02 1.969518262000000020e+00
4.480247707000000190e+01 9.756983284869120976e-02 1.969511221000000090e+00
4.486162866000000093e+01 1.136156189927715748e-01 2.111931245000000068e+00
4.490774016000000302e+01 1.236980896285592157e-01 2.078181107999999888e+00
4.498263183000000254e+01 1.495754907942658807e-01 2.050312379000000185e+00
4.508566932000000094e+01 2.007958870215303671e-01 2.023929267999999837e+00
4.519207921999999655e+01 2.477421410426948190e-01 1.998793282000000060e+00
4.527375016999999957e+01 2.477840467034033989e-01 1.982682838999999975e+00
4.530879871999999864e+01 2.077607381508739526e-01 1.980541767999999925e+00
4.537575309999999718e+01 9.972058365894830023e-02 1.956394839000000108e+00
4.540774717000000038e+01 9.731096071023503935e-02 1.929416873000000088e+00
4.536705492000000106e+01 2.467171754539469464e-01 1.945435397000000011e+00
4.525015576999999922e+01 2.916288027403212135e-01 1.965922514999999926e+00
4.509366213999999928e+01 2.609523311879399787e-01 1.987638750999999981e+00
4.495034505999999652e+01 1.924010456064369767e-01 2.012607867999999911e+00
4.485120561000000095e+01 1.262994876837549574e-01 2.031733221000000089e+00
4.479469054999999855e+01 1.011260364739462875e-01 2.013283024000000143e+00
4.474497479000000055e+01 2.085374601524395966e-01 1.777706148999999902e+00
4.474475049000000126e+01 2.080462157472461882e-01 1.777148616999999930e+00
4.479440311999999835e+01 1.012634559762713438e-01 2.011479388000000146e+00
4.485089227999999650e+01 1.262833635219730855e-01 2.031085079999999987e+00
4.495000696999999690e+01 1.923309378816924486e-01 2.013540888000000084e+00
4.509335855999999865e+01 2.609450453000124459e-01 1.992138171999999985e+00
4.525011084999999866e+01 2.921065973451884568e-01 1.977106709999999934e+00
4.536772080000000074e+01 2.483056528626013393e-01 1.967906582999999987e+00
4.540936099000000326e+01 9.696645706673237552e-02 1.968430864999999974e+00
4.401602905000000021e+01 3.468330215660686555e-01 2.200182196000000090e+00
4.409540842999999910e+01 3.711525394049355331e-01 2.165893510000000077e+00
4.425259573999999674e+01 3.483494687305249693e-01 2.116681508000000100e+00
4.443555170999999859e+01 3.517370703786170116e-01 2.093237718000000136e+00
4.465388477999999850e+01 3.491544561471939256e-01 2.068058111000000032e+00
4.488132516000000294e+01 3.287614076996649426e-01 2.042797063000000080e+00
4.508276692999999824e+01 2.750026921227223253e-01 2.019682673000000150e+00
4.522631597000000170e+01 2.007285539240146743e-01 2.000023597999999847e+00
4.529686312999999842e+01 1.540265004681619365e-01 1.985636261000000014e+00
4.529640360999999871e+01 1.546661422853586043e-01 1.980423328999999955e+00
4.522486991000000245e+01 2.022887885417491149e-01 1.984309023000000005e+00
4.508022010999999907e+01 2.767577314961647272e-01 1.994589968999999963e+00
4.487775693999999760e+01 3.300789973630848806e-01 2.011780846000000178e+00
4.464969594000000086e+01 3.496709190342525697e-01 2.035579801999999994e+00
4.443126130999999646e+01 3.514399334619408011e-01 2.062149795999999924e+00
4.424847211000000158e+01 3.477814026882877219e-01 2.086583209000000050e+00
4.409322828999999899e+01 3.671995042428489731e-01 2.151725172999999991e+00
4.409458801000000250e+01 3.727535968906602326e-01 2.159949797999999976e+00
4.417615966000000327e+01 4.147174470083017650e-01 2.132673055000000151e+00
4.434248574000000076e+01 4.239339034218808089e-01 2.093038685999999871e+00
4.451095961000000045e+01 4.032609574076225223e-01 2.074570227000000155e+00
4.470919963000000052e+01 3.697740256040999984e-01 2.055336553000000066e+00
4.492189072000000039e+01 3.359075563490631633e-01 2.033850177000000148e+00
4.512160938000000243e+01 2.921626350862828736e-01 2.010627701000000211e+00
4.527888449000000293e+01 2.454277972881127035e-01 1.985353066999999916e+00
4.537417922000000203e+01 2.437045567415526415e-01 1.962936130999999973e+00
4.537375827000000328e+01 2.443998102516651283e-01 1.957723284000000064e+00
4.527742242000000061e+01 2.469344554050839080e-01 1.970327074000000067e+00
4.511906369999999811e+01 2.937512751871892980e-01 1.988071050999999922e+00
4.491853907000000135e+01 3.370253123134340223e-01 2.007139646999999805e+00
4.470546894999999665e+01 3.703192368212951946e-01 2.027334208000000082e+00
4.450721933999999891e+01 4.033218425991023093e-01 2.046383972000000107e+00
4.433887382999999716e+01 4.239159755053756862e-01 2.063013740999999790e+00
4.417455917000000198e+01 4.130642993896189719e-01 2.120712662999999942e+00
4.425646067000000272e+01 3.479219225092177181e-01 2.069851797000000104e+00
4.434624653000000194e+01 4.232718160732013568e-01 2.046211883999999870e+00
4.456217728000000022e+01 5.051920768305937504e-01 2.023550804000000092e+00
4.468903242999999748e+01 4.537496222935383239e-01 2.028509453999999934e+00
4.484002482999999728e+01 3.829069601146716240e-01 2.023788543999999856e+00
4.500992355000000344e+01 3.189087284439126035e-01 2.013995956000000032e+00
4.518340137999999939e+01 2.677929210690686013e-01 1.996477673000000008e+00
4.534160892999999959e+01 2.215324686641125806e-01 1.965795785999999934e+00
4.547652576000000124e+01 1.948068829860287177e-01 1.929083757999999982e+00
4.547633273000000287e+01 1.959115743703335744e-01 1.925133274000000005e+00
4.534048571999999666e+01 2.229123629933679185e-01 1.955223120999999953e+00
4.518148633999999930e+01 2.687250999265990981e-01 1.981249613999999992e+00
4.500754739999999998e+01 3.193596981141730851e-01 1.996457656000000025e+00
4.483751393000000007e+01 3.830401815620494421e-01 2.005725363999999900e+00
4.468665900999999963e+01 4.537406988370146776e-01 2.010985596999999903e+00
4.456019304000000147e+01 5.055739245576810204e-01 2.016434956999999972e+00
4.434623006000000345e+01 4.234078237298042890e-01 2.048047083000000157e+00
4.443979697999999701e+01 3.505823672141641367e-01 2.042615964999999978e+00
4.451435330999999707e+01 4.018030566925549496e-01 2.020724744999999878e+00
4.469083782999999954e+01 4.532673481249649972e-01 1.981805728999999960e+00
4.484653114000000329e+01 4.344222800012654817e-01 1.979320399999999980e+00
4.495928786000000343e+01 3.548381331252282167e-01 1.993867556000000096e+00
4.507235456000000084e+01 2.710892857180390303e-01 2.000223470999999975e+00
4.518948097999999902e+01 2.292963169673140900e-01 1.994012923999999964e+00
4.530164806999999882e+01 2.502090637803516260e-01 1.966736953000000065e+00
4.539361878999999789e+01 3.460605483332699905e-01 1.922678681999999917e+00
4.539345844000000341e+01 3.458810600020404413e-01 1.921901247000000090e+00
4.530110309999999885e+01 2.496259821239616428e-01 1.962975774000000007e+00
4.518861326999999761e+01 2.283832858577956870e-01 1.987774179999999946e+00
4.507140944999999732e+01 2.701268034280824293e-01 1.993539120000000109e+00
4.495865350999999777e+01 3.541398498330419753e-01 1.989779117999999958e+00
4.484698045999999749e+01 4.344333434315781339e-01 1.984600098999999895e+00
4.469240557999999908e+01 4.538262861787804026e-01 1.998225373999999999e+00
4.451508771999999681e+01 4.022783846142430897e-01 2.030109576000000082e+00
4.465754888000000022e+01 3.483205026980175645e-01 2.023334669000000030e+00
4.471163631999999666e+01 3.683891900629965854e-01 2.005806151999999898e+00
4.484086021000000244e+01 3.824762549728794037e-01 1.979263833000000083e+00
4.495909724999999924e+01 3.552956726625007833e-01 1.972722620999999954e+00
4.502987348999999995e+01 2.842406063928387128e-01 1.989421340000000038e+00
4.508048286999999732e+01 2.004880005373521901e-01 2.007216292999999929e+00
4.512748873000000316e+01 1.871065143437251610e-01 2.012609898000000008e+00
4.516561065999999869e+01 2.587095930465818650e-01 1.992964264999999902e+00
4.517644090999999662e+01 3.456459356536105143e-01 1.953583771999999996e+00
4.517639170000000348e+01 3.454681409507782130e-01 1.954348822000000041e+00
4.516550701999999973e+01 2.581205497823393924e-01 1.993841243000000096e+00
4.512739135999999718e+01 1.860972183407739733e-01 2.012613340999999778e+00
4.508056648000000166e+01 1.995999549222183533e-01 2.008138656999999938e+00
4.503046653999999904e+01 2.841215801347302672e-01 1.994586417999999917e+00
4.496053614000000209e+01 3.557722345537412956e-01 1.986441864999999973e+00
4.484257484999999832e+01 3.828893465158113574e-01 1.998377669999999995e+00
4.471264353000000114e+01 3.688970458860512114e-01 2.019072244000000182e+00
4.488440358999999802e+01 3.279792040775587059e-01 2.006864354999999822e+00
4.492354535999999854e+01 3.344988994922413750e-01 1.990142397000000063e+00
4.500985990000000214e+01 3.185969912611075205e-01 1.972649976000000027e+00
4.507136187999999777e+01 2.717791317498129411e-01 1.974651466000000077e+00
4.507966612999999967e+01 2.005916007454753291e-01 1.998368485000000083e+00
4.506065566000000189e+01 1.270861583962379360e-01 2.026315945999999979e+00
4.503790313999999739e+01 1.448995076742358168e-01 2.042226112999999899e+00
4.500990688000000262e+01 2.179599761264680857e-01 2.029834275999999882e+00
4.497639354999999739e+01 2.565249242511546401e-01 2.002489574999999800e+00
4.497640712999999835e+01 2.564831195460753333e-01 2.003424724999999906e+00
4.501000441000000052e+01 2.178482654187164358e-01 2.032236415999999934e+00
4.503811316000000176e+01 1.446957589703064262e-01 2.045097821999999788e+00
4.506111071000000123e+01 1.270429299965610548e-01 2.030845166000000201e+00
4.508063570000000198e+01 2.010805835449872569e-01 2.007700928000000218e+00
4.507299224999999865e+01 2.722871701721558679e-01 1.992074933999999908e+00
4.501165920999999770e+01 3.187865618752060426e-01 1.995438886000000078e+00
4.492469679999999954e+01 3.349577763534877795e-01 2.007375458999999918e+00
4.508539775999999932e+01 2.741828067687117620e-01 1.993640521000000110e+00
4.512282059999999717e+01 2.904008804028041513e-01 1.973465723999999977e+00
4.518251616999999953e+01 2.674958815561641612e-01 1.958818640000000055e+00
4.518734930000000105e+01 2.301463581217252363e-01 1.969713634999999963e+00
4.512526378999999821e+01 1.868241368843080175e-01 2.004068817999999919e+00
4.503626322000000215e+01 1.445945484455079255e-01 2.043481252999999942e+00
4.495681317999999749e+01 1.536369516106326771e-01 2.072203693000000069e+00
4.489037526999999983e+01 1.858868967435882424e-01 2.072457902000000018e+00
4.483814114999999845e+01 1.831580154063416344e-01 2.051247343000000001e+00
4.483816776999999831e+01 1.831798725446212028e-01 2.052211062000000030e+00
4.489049313000000296e+01 1.860240221403249850e-01 2.075113887000000101e+00
4.495698199000000272e+01 1.539339702445438329e-01 2.075630364999999866e+00
4.503662546000000333e+01 1.451659842449751769e-01 2.048888067000000035e+00
4.512614534000000077e+01 1.876776449156522253e-01 2.014945673000000159e+00
4.518890694000000252e+01 2.307223770462346057e-01 1.989688528999999928e+00
4.518431008999999676e+01 2.674634450842147126e-01 1.985831386999999948e+00
4.512396539000000217e+01 2.909138116096817162e-01 1.994304915999999928e+00
4.522868661999999773e+01 1.999911221268178274e-01 1.983035273000000043e+00
4.528007764000000179e+01 2.427054424270109756e-01 1.955313351000000033e+00
4.534010793000000206e+01 2.215260467063870642e-01 1.932445753999999960e+00
4.529788677999999891e+01 2.520945192174892657e-01 1.949654401000000092e+00
4.516103967000000097e+01 2.589133451561578814e-01 1.996117748000000081e+00
4.500555233000000044e+01 2.181197008348707833e-01 2.044697322999999844e+00
4.488720102999999995e+01 1.858627473048146128e-01 2.087372221999999944e+00
4.480800490000000025e+01 1.858200764189018306e-01 2.111833094000000077e+00
4.475474066999999678e+01 1.672480413968924218e-01 2.099834335999999801e+00
4.475475320000000323e+01 1.672934956461846201e-01 2.100812643999999896e+00
4.480798425999999779e+01 1.859808337426426816e-01 2.113932169999999999e+00
4.488702657999999701e+01 1.861521479653407141e-01 2.089407307000000102e+00
4.500543111000000351e+01 2.186796767928566310e-01 2.048371493999999959e+00
4.516140631999999755e+01 2.599232898220092403e-01 2.005590728000000045e+00
4.529913384000000320e+01 2.530885493772226935e-01 1.970181487999999925e+00
4.534179857000000169e+01 2.213319902314433152e-01 1.962756753999999937e+00
4.528102950000000249e+01 2.436634018742377672e-01 1.977881723000000092e+00
4.529920287000000201e+01 1.535483830529440763e-01 1.975666973000000048e+00
4.537568128000000200e+01 2.400626018323624156e-01 1.940630193999999920e+00
4.547453859000000165e+01 1.948229951231651436e-01 1.900281619999999894e+00
4.538731598999999761e+01 3.486030774551560074e-01 1.923473707000000088e+00
4.516979328000000038e+01 3.453297618916596479e-01 1.973749042999999981e+00
4.497012603999999669e+01 2.560596568095571124e-01 2.030445428999999802e+00
4.483248763000000281e+01 1.817818122454121499e-01 2.080679246999999954e+00
4.475082474999999960e+01 1.638057051872323644e-01 2.119697399000000093e+00
4.470728118000000251e+01 1.671060520205450706e-01 2.136052299000000154e+00
4.470724115000000154e+01 1.671326030252721362e-01 2.136737918000000125e+00
4.475055653999999805e+01 1.637425769442332479e-01 2.120325946999999989e+00
4.483195621000000131e+01 1.817528302110311966e-01 2.081030895000000047e+00
4.496951576000000017e+01 2.561803340320683575e-01 2.031940420999999830e+00
4.516938016000000289e+01 3.458762985552267244e-01 1.979500303000000017e+00
4.538772572999999966e+01 3.504487861402836857e-01 1.940971983000000067e+00
4.547605706000000225e+01 1.945089501626798278e-01 1.932660440000000035e+00
4.537620479000000273e+01 2.417238088204564928e-01 1.962137312999999939e+00
4.430354349000000269e+01 5.079757109366287438e-01 2.141933574999999923e+00
4.433737419999999929e+01 4.243194187393514727e-01 2.118771312999999878e+00
4.443680446999999845e+01 3.487301302559209781e-01 2.091110760999999929e+00
4.456763423999999674e+01 3.043385404077693090e-01 2.078763420000000028e+00
4.472242377999999974e+01 2.711155751490503807e-01 2.069841380000000175e+00
4.488625685000000232e+01 2.409270617728904440e-01 2.060613534999999885e+00
4.503466189000000242e+01 2.050864155633456420e-01 2.049910377999999866e+00
4.513903503000000228e+01 1.754966641732871313e-01 2.035009255999999933e+00
4.518443518000000125e+01 1.868073707333746947e-01 2.012677141999999808e+00
4.518393057000000113e+01 1.870058714271651823e-01 2.007795973999999983e+00
4.513743388999999695e+01 1.765636333031307958e-01 2.019625285000000048e+00
4.503199521999999888e+01 2.064763873149899898e-01 2.026043226000000086e+00
4.488272664000000134e+01 2.420284860819529038e-01 2.032098475999999820e+00
4.471835398000000339e+01 2.717696229262155927e-01 2.039805192999999850e+00
4.456335902000000004e+01 3.045824554847232357e-01 2.048903947999999975e+00
4.443260915999999838e+01 3.485288761441613925e-01 2.062463982999999779e+00
4.433417702999999932e+01 4.223735930546105855e-01 2.096873711000000196e+00
4.433734371999999979e+01 4.276670694895424174e-01 2.103518343000000179e+00
4.438669102000000066e+01 4.140089595214733187e-01 2.096052869000000207e+00
4.451227432999999678e+01 4.011956338690754187e-01 2.072594431999999820e+00
4.464824372000000352e+01 3.703845830584533982e-01 2.060948992999999785e+00
4.479242100999999820e+01 3.222755429800977511e-01 2.055687663000000054e+00
4.494410400000000294e+01 2.775005223949252309e-01 2.049786871999999871e+00
4.508722546999999992e+01 2.483299507447906673e-01 2.039402587000000100e+00
4.519780515000000065e+01 2.476587328386202491e-01 2.018926721999999785e+00
4.525745316999999801e+01 2.916258837377138091e-01 1.985827801999999975e+00
4.525703442999999737e+01 2.919272651705127619e-01 1.981171036000000107e+00
4.519635253999999946e+01 2.486245048601776475e-01 2.004056427000000085e+00
4.508471964000000298e+01 2.495654658985314023e-01 2.016618972999999926e+00
4.494081416000000218e+01 2.785676943801740912e-01 2.022667970000000093e+00
4.478870854000000179e+01 3.230956698687649786e-01 2.026673140999999845e+00
4.464443725999999657e+01 3.709865890897721674e-01 2.031372854999999866e+00
4.450883524999999707e+01 4.014157084577857360e-01 2.045981129999999926e+00
4.438460106000000138e+01 4.133165496691949548e-01 2.080768355000000014e+00
4.443980185000000205e+01 3.506660939516011988e-01 2.051837941000000054e+00
4.451507716999999786e+01 4.020810280867961883e-01 2.043363810999999863e+00
4.469248372999999930e+01 4.533447346710940407e-01 2.027435200999999854e+00
4.484833993000000163e+01 4.340052511740837837e-01 2.024344875999999793e+00
4.496060333999999870e+01 3.540065557253507245e-01 2.026111503000000091e+00
4.507337894999999861e+01 2.700773925508241913e-01 2.028525393999999871e+00
4.519025141000000190e+01 2.282547289397618973e-01 2.022103546999999946e+00
4.530211634999999859e+01 2.493934457302844632e-01 1.996589103999999892e+00
4.539367218999999665e+01 3.458931289609221138e-01 1.955590214999999965e+00
4.539337445000000315e+01 3.463269040731186688e-01 1.951177155999999968e+00
4.530084159999999827e+01 2.504434566956022512e-01 1.983659194999999986e+00
4.518801024999999782e+01 2.294786764273181456e-01 2.003108910999999992e+00
4.507048756999999739e+01 2.711227160004107128e-01 2.005747586000000027e+00
4.495736380999999682e+01 3.548326449450777131e-01 2.000391361999999784e+00
4.484499447000000316e+01 4.345913760288552252e-01 1.995486807000000029e+00
4.469029358000000229e+01 4.536293140333025886e-01 2.008230367999999988e+00
4.451415262999999811e+01 4.018667117371871322e-01 2.036822686999999910e+00
4.457157688000000206e+01 3.048093545578851038e-01 2.031944823999999983e+00
4.465212670999999744e+01 3.705131503635021306e-01 2.013878722999999926e+00
4.485182219000000003e+01 4.338669669895320324e-01 1.977680751999999931e+00
4.509014461000000296e+01 4.153272677488886733e-01 1.964110929999999922e+00
4.513394290000000098e+01 2.910768562310132590e-01 1.992165398999999892e+00
4.518086834000000351e+01 1.566008113284470260e-01 2.008094713000000198e+00
4.524354963999999768e+01 1.104365845392206585e-01 2.009965505999999902e+00
4.533295004000000006e+01 1.831448592400393982e-01 1.991093011000000024e+00
4.545281619000000006e+01 2.459044409057896396e-01 1.984240819000000045e+00
4.545230633999999981e+01 2.469460632881338158e-01 1.980608163999999949e+00
4.533179678999999851e+01 1.840587285418894270e-01 1.983294222000000051e+00
4.524184286999999927e+01 1.111509242319353302e-01 1.998784705999999911e+00
4.517883525999999961e+01 1.571288669595298226e-01 1.994671510999999953e+00
4.513185293000000087e+01 2.916397776069299952e-01 1.977671804999999949e+00
4.508824368999999876e+01 4.163386499409211794e-01 1.959990968999999916e+00
4.485215886000000296e+01 4.344443815682633714e-01 1.980340551000000060e+00
4.465212813000000125e+01 3.706838706451044407e-01 2.015527924000000137e+00
4.472639093000000088e+01 2.713029537110132616e-01 2.023747976000000115e+00
4.479608935000000258e+01 3.221052653598672766e-01 2.005770630999999860e+00
4.496370214000000232e+01 3.539833714335931525e-01 1.971766899999999989e+00
4.513602336999999665e+01 2.929651812389522658e-01 1.943551707999999989e+00
4.519682201999999904e+01 2.224978730199220767e-01 1.966722223999999963e+00
4.518576863999999915e+01 1.322744334522545917e-01 2.000404254999999853e+00
4.517980084999999946e+01 1.776768029427662765e-01 2.015128452999999986e+00
4.519416195000000158e+01 3.139430248254400646e-01 2.004335005000000169e+00
4.519861036999999726e+01 4.397900131368356891e-01 1.972644757999999943e+00
4.519852293000000287e+01 4.394446015724568499e-01 1.974138230999999966e+00
4.519377790000000061e+01 3.128295990399450610e-01 2.005840566999999908e+00
4.517915499000000068e+01 1.760279130527178104e-01 2.014204352999999781e+00
4.518528716000000145e+01 1.303443209610806175e-01 1.999946175000000048e+00
4.519736232000000342e+01 2.223913426492768186e-01 1.973343123000000032e+00
4.513803326000000027e+01 2.930615323049447496e-01 1.960998570000000107e+00
4.496487918999999778e+01 3.548175411982168459e-01 1.983588055000000017e+00
4.479648006000000038e+01 3.225647397677167683e-01 2.011683457999999813e+00
4.489002817000000078e+01 2.407060068847984569e-01 2.018690750000000200e+00
4.494746398000000198e+01 2.769177318904688656e-01 2.001747337999999932e+00
4.507603051000000249e+01 2.695887618828529120e-01 1.974106142999999980e+00
4.518247122999999732e+01 1.585460445492316295e-01 1.957194781000000106e+00
4.518604925000000350e+01 1.355650303447771265e-01 1.977206975000000089e+00
4.511483635999999819e+01 1.738096043523939815e-01 2.015653587000000080e+00
4.504068408999999917e+01 2.393178634561278217e-01 2.039963578000000055e+00
4.498196760999999810e+01 3.179134166893951008e-01 2.037976978000000106e+00
4.493750244999999666e+01 3.553528138916818291e-01 2.023004398999999953e+00
4.493752336000000014e+01 3.552999648551291023e-01 2.024334136999999867e+00
4.498201661000000229e+01 3.177008109548266068e-01 2.041323113999999883e+00
4.504070984999999894e+01 2.390247074494651625e-01 2.043668119999999977e+00
4.511518231000000156e+01 1.740777347493601690e-01 2.021186675000000044e+00
4.518736318999999924e+01 1.369061519515102909e-01 1.989529984000000029e+00
4.518445177000000257e+01 1.584860977353515499e-01 1.976168906000000058e+00
4.507736681000000090e+01 2.703811771684563880e-01 1.989877574999999954e+00
4.494798743999999857e+01 2.774617753535102427e-01 2.010438801999999914e+00
4.503813064999999938e+01 2.041937072423671840e-01 2.014594601000000207e+00
4.509036219000000045e+01 2.471422854665530633e-01 1.995976994999999921e+00
4.519275703999999649e+01 2.266931798526632680e-01 1.969338003999999920e+00
4.524490863999999846e+01 1.104735664468391998e-01 1.957523584999999899e+00
4.517931964999999650e+01 1.804115229750493654e-01 1.987418243999999889e+00
4.503953048000000337e+01 2.400367689607736388e-01 2.035830011999999911e+00
4.491133611000000059e+01 2.625085879264197897e-01 2.070769814000000153e+00
4.481577741000000259e+01 2.842913903878689919e-01 2.080576870999999883e+00
4.475428047999999848e+01 2.839447491909948829e-01 2.072495969999999854e+00
4.475430948999999714e+01 2.839794228844567670e-01 2.073716137999999987e+00
4.481584820999999863e+01 2.844182977428211800e-01 2.083772365999999820e+00
4.491137293999999969e+01 2.628540972629320738e-01 2.074763278999999905e+00
4.503984763999999785e+01 2.410854122103377184e-01 2.041903993000000028e+00
4.518059441999999848e+01 1.821375688781659286e-01 2.000322743999999986e+00
4.524679095999999845e+01 1.103218752676724951e-01 1.977696445999999941e+00
4.519401951999999767e+01 2.275256652583017847e-01 1.987751406999999970e+00
4.509083274000000330e+01 2.477066063200381030e-01 2.006667161999999838e+00
4.514208604000000236e+01 1.742884249965820365e-01 2.008175232999999782e+00
4.520071981000000250e+01 2.461415463867747122e-01 1.983366772999999972e+00
4.530469795999999860e+01 2.468874675743371327e-01 1.948730223999999955e+00
4.533420820999999989e+01 1.816556530389029922e-01 1.937954393999999914e+00
4.519116367000000167e+01 3.172641238431024302e-01 1.989353678000000070e+00
4.497813701999999836e+01 3.185012406458285761e-01 2.046985697999999854e+00
4.481296735000000098e+01 2.844778528085728508e-01 2.093209523000000072e+00
4.470356876999999685e+01 2.696882264978467947e-01 2.118047451999999886e+00
4.463987184999999869e+01 2.525743509232453721e-01 2.116547230000000113e+00
4.463986810000000105e+01 2.526292590326357224e-01 2.117667948999999883e+00
4.470344802999999700e+01 2.698630028160686756e-01 2.120453744999999834e+00
4.481259817000000112e+01 2.848665521149330027e-01 2.095611444000000212e+00
4.497784412000000032e+01 3.194784653553000564e-01 2.050673420999999941e+00
4.519182053000000110e+01 3.195234996526847837e-01 1.999525471999999970e+00
4.533601501999999783e+01 1.815991962402501991e-01 1.958674267999999996e+00
4.530564738999999719e+01 2.480926322681529239e-01 1.967704163999999922e+00
4.520092989999999844e+01 2.467467623125514375e-01 1.994638329000000043e+00
4.518704152000000107e+01 1.865655707484956960e-01 1.994569229999999971e+00
4.525998351999999869e+01 2.907696382768717447e-01 1.961185642000000007e+00
4.539604611000000034e+01 3.448834196224700444e-01 1.919952572999999996e+00
4.545409289999999913e+01 2.453242819313877499e-01 1.926576451999999939e+00
4.519245168999999862e+01 4.402147339501819578e-01 1.982083242000000078e+00
4.493155516000000205e+01 3.550001168187356670e-01 2.045783992000000051e+00
4.474905504000000178e+01 2.834541535830177872e-01 2.099165804000000080e+00
4.463653749000000204e+01 2.517827143943699442e-01 2.134945220000000088e+00
4.457815389000000295e+01 2.365715784737166538e-01 2.146779222999999792e+00
4.457807271000000071e+01 2.366076850523918806e-01 2.147582753000000011e+00
4.463610769999999661e+01 2.518383485021717383e-01 2.136005876000000026e+00
4.474821393999999941e+01 2.836002328262868799e-01 2.099810085000000104e+00
4.493058503000000314e+01 3.554495490029452864e-01 2.046990423000000003e+00
4.519186768000000143e+01 4.415641728474251626e-01 1.986332321999999984e+00
4.545585667999999657e+01 2.451444221639404175e-01 1.949207523999999969e+00
4.539613092999999822e+01 3.467327509484766646e-01 1.935408884999999968e+00
4.525969228000000300e+01 2.911473898750113753e-01 1.970903488000000037e+00
4.468484929000000250e+01 4.219128194715204838e-01 2.034402073999999949e+00
4.462704453999999998e+01 4.375184219165099142e-01 2.066376334000000092e+00
4.465363088000000147e+01 3.459898249381588853e-01 2.066011866000000197e+00
4.472194429000000326e+01 2.699250067363698768e-01 2.069168128999999912e+00
4.481239441000000312e+01 2.031285426186748566e-01 2.074894372999999792e+00
4.491036540999999715e+01 1.498184440260313111e-01 2.080437508000000157e+00
4.499725628000000199e+01 1.196568936690864393e-01 2.081912989000000103e+00
4.504935302999999891e+01 1.355330121728951787e-01 2.068170827999999961e+00
4.505699569000000082e+01 1.886765943458234007e-01 2.027980050000000034e+00
4.505656325000000351e+01 1.884881222918727561e-01 2.024437534000000039e+00
4.504785092000000191e+01 1.358042244013744626e-01 2.055475490000000072e+00
4.499475607000000110e+01 1.207147052883438265e-01 2.061289508999999853e+00
4.490711991999999952e+01 1.508724030717942810e-01 2.055250242000000060e+00
4.480865899999999868e+01 2.039817592500302867e-01 2.047585811999999894e+00
4.471795793999999802e+01 2.705957074402336460e-01 2.041142953000000038e+00
4.464963443999999981e+01 3.465557832899759383e-01 2.037937444000000209e+00
4.462349996999999746e+01 4.379719302401712810e-01 2.038909664999999816e+00
4.462976291999999745e+01 4.432496135653256619e-01 2.037462301000000142e+00
4.464190844000000169e+01 4.064224607307794779e-01 2.055135127999999867e+00
4.470935278000000324e+01 3.679525088906785424e-01 2.053600337999999859e+00
4.479195861000000178e+01 3.216109337415140601e-01 2.055064460000000093e+00
4.487705809999999929e+01 2.563852990445347757e-01 2.062727675000000094e+00
4.496329310000000135e+01 1.948034233438542817e-01 2.071045092999999948e+00
4.504119218000000302e+01 1.707821290987972807e-01 2.073133776999999789e+00
4.509133557999999908e+01 2.012707597431526996e-01 2.055065001000000002e+00
4.510063969000000128e+01 2.611377182450228540e-01 2.008214790999999888e+00
4.510028013000000158e+01 2.611004287783222910e-01 2.004835390999999856e+00
4.509003337000000045e+01 2.015753583119235526e-01 2.042943982999999797e+00
4.503895307999999886e+01 1.716107363970988120e-01 2.053409170000000117e+00
4.496037467000000021e+01 1.957975512640703353e-01 2.046787038000000170e+00
4.487373439000000275e+01 2.574019067179041942e-01 2.036036816999999832e+00
4.478848041999999907e+01 3.225726640439972592e-01 2.027557745000000189e+00
4.470610505999999873e+01 3.686634740708994995e-01 2.028313035000000042e+00
4.463972205999999687e+01 4.065976076936602679e-01 2.037329036000000038e+00
4.465757590999999849e+01 3.483539634183198674e-01 2.024162038000000052e+00
4.471252823999999748e+01 3.685633706925174891e-01 2.026727779999999868e+00
4.484242695999999739e+01 3.823044626335856400e-01 2.023020879999999799e+00
4.496095648000000011e+01 3.548500793136481479e-01 2.025874661000000021e+00
4.503149868999999939e+01 2.836885630095468125e-01 2.038203799999999788e+00
4.508181470000000246e+01 1.998538668734580193e-01 2.052996658000000085e+00
4.512851486999999651e+01 1.866440820409034085e-01 2.059002637999999941e+00
4.516619881999999819e+01 2.585517094839746011e-01 2.041850998000000139e+00
4.517648455999999868e+01 3.456224625082696678e-01 2.000615208000000145e+00
4.517616947999999866e+01 3.456506113196787799e-01 1.997320318999999955e+00
4.516503912999999670e+01 2.586387955815675488e-01 2.030933568000000022e+00
4.512648842000000116e+01 1.869145853467067409e-01 2.041735802999999905e+00
4.507920742000000303e+01 2.003876681286194394e-01 2.031300170000000183e+00
4.502860234999999989e+01 2.844969685116628400e-01 2.013141726000000187e+00
4.495810835000000338e+01 3.558781162802743814e-01 1.999992079999999950e+00
4.484027310999999827e+01 3.827839009167334217e-01 2.004170026000000160e+00
4.471140917999999687e+01 3.683616303603626241e-01 2.017420389000000203e+00
4.472641765000000191e+01 2.713002326147909704e-01 2.022234615999999985e+00
4.479640381000000104e+01 3.222283174369615644e-01 2.012344809000000012e+00
4.496438544000000093e+01 3.541640260045850197e-01 1.993791062999999975e+00
4.513746943000000300e+01 2.926566120672865479e-01 1.993774581999999906e+00
4.519821277999999865e+01 2.222127178748047882e-01 2.016145358000000165e+00
4.518672604000000348e+01 1.313453992983828755e-01 2.037232120000000091e+00
4.518056900999999925e+01 1.769256618495316236e-01 2.050998462999999994e+00
4.519474857000000156e+01 3.135707530764476059e-01 2.048388173000000201e+00
4.519879094000000208e+01 4.396855275515049732e-01 2.020094749000000078e+00
4.519845028000000298e+01 4.397003337008130175e-01 2.016907812999999994e+00
4.519352973000000162e+01 3.134396552022288840e-01 2.038836652000000083e+00
4.517861734000000240e+01 1.768122526284836016e-01 2.037428564999999914e+00
4.518435158999999857e+01 1.314016014591413151e-01 2.019716625000000043e+00
4.519566712999999680e+01 2.226748011053248655e-01 1.993368956999999941e+00
4.513587590000000205e+01 2.934333472872734383e-01 1.975225320000000062e+00
4.496375455999999815e+01 3.542511058847943595e-01 1.986696071999999980e+00
4.479604943999999733e+01 3.221331445340269717e-01 2.009857880000000208e+00
4.481705511999999914e+01 2.041778890298419913e-01 2.026686661999999917e+00
4.488171710999999675e+01 2.569963577528477927e-01 2.014090282999999815e+00
4.503595665999999653e+01 2.839861182003518558e-01 1.989718110000000095e+00
4.520264506000000182e+01 2.225343801759569473e-01 1.968114892000000005e+00
4.530923445999999899e+01 1.682934876266385105e-01 1.975547235000000068e+00
4.520528338999999818e+01 1.714958994781039803e-01 2.019759270000000217e+00
4.513620107999999931e+01 2.430731399371598711e-01 2.046889281999999977e+00
4.511900073000000333e+01 3.543841805193000960e-01 2.062969076999999984e+00
4.509976864000000063e+01 5.340835450180774213e-01 1.935462687000000015e+00
4.509971497000000085e+01 5.342178982789655972e-01 1.935901230000000028e+00
4.511787449999999922e+01 3.541805823799226149e-01 2.059645499999999796e+00
4.513464874999999665e+01 2.427920536360037573e-01 2.041360479999999811e+00
4.520361395999999843e+01 1.713555923466674458e-01 2.012560692000000095e+00
4.530775009999999980e+01 1.690767237670003365e-01 1.974768147999999890e+00
4.520337683000000339e+01 2.229870313370026502e-01 1.970716743000000104e+00
4.503630085000000349e+01 2.845313042779153423e-01 1.992032019999999903e+00
4.488174912000000205e+01 2.572059694565275723e-01 2.015578204000000095e+00
4.491502346000000045e+01 1.501463196735502714e-01 2.033528841999999948e+00
4.496791784999999919e+01 1.948712831990787875e-01 2.021246716999999915e+00
4.508638423000000017e+01 1.997454974951236861e-01 1.999181070999999976e+00
4.519153734999999728e+01 1.301850307846741661e-01 1.978641697000000033e+00
4.520960113999999663e+01 1.701022577542369851e-01 1.966434905000000066e+00
4.509582434000000006e+01 3.073001201138395588e-01 2.010493840000000088e+00
4.497044242999999852e+01 3.582306554125593290e-01 2.045543218000000163e+00
4.487949239000000290e+01 4.230661910852793750e-01 2.041257112999999901e+00
4.481441971999999652e+01 4.542354044903877397e-01 2.020356590000000008e+00
4.481444857000000326e+01 4.542606230103176101e-01 2.021699117999999906e+00
4.487952331999999700e+01 4.227453268018693811e-01 2.045219847999999896e+00
4.497017092000000105e+01 3.576848175778828964e-01 2.049366416999999885e+00
4.509590748000000104e+01 3.077877203506649839e-01 2.016244169000000142e+00
4.521122053999999935e+01 1.707379323265605653e-01 1.979238614000000007e+00
4.519277995000000203e+01 1.317709502034720703e-01 1.988439846999999983e+00
4.508701631000000276e+01 2.006500989234087928e-01 2.006047004000000022e+00
4.496808689000000214e+01 1.952186127311031916e-01 2.025041912999999916e+00
4.500165763999999768e+01 1.184575713774112943e-01 2.039204735999999851e+00
4.504562036000000091e+01 1.697705583353556757e-01 2.026024593999999901e+00
4.513306787999999869e+01 1.854201635666340442e-01 2.005364514000000042e+00
4.518564543000000100e+01 1.737635960247616296e-01 1.989346502999999933e+00
4.514069474000000071e+01 2.402193816540358351e-01 1.985776782999999934e+00
4.497020427999999725e+01 3.613228596215798949e-01 2.032746550000000152e+00
4.480210043999999669e+01 3.677535957052216475e-01 2.075483823999999977e+00
4.468139741000000242e+01 3.717924323601461967e-01 2.085510256000000062e+00
4.460526312999999732e+01 3.707827207637864886e-01 2.073581642999999808e+00
4.460528197000000006e+01 3.708492960929788973e-01 2.074786816000000034e+00
4.468142672999999832e+01 3.718447022842649718e-01 2.089002064000000214e+00
4.480191745999999853e+01 3.681514348000172743e-01 2.079530032000000084e+00
4.497034779999999898e+01 3.629173789185465293e-01 2.038878963000000155e+00
4.514217424000000278e+01 2.411379761309329350e-01 1.998125925000000080e+00
4.518674799000000064e+01 1.754734645797482728e-01 2.000093178999999832e+00
4.513360971000000177e+01 1.863640895378211038e-01 2.013986914999999822e+00
4.504573733000000146e+01 1.700585162017959340e-01 2.031130566999999942e+00
4.505299114999999688e+01 1.343681515408676752e-01 2.033895256000000096e+00
4.509505891999999960e+01 2.002985833169193264e-01 2.016713241000000156e+00
4.517021796000000222e+01 2.577879578008638317e-01 1.997003483999999940e+00
4.520001178999999780e+01 3.127651147118107877e-01 1.992769720000000078e+00
4.512365022000000181e+01 3.550894742930716386e-01 1.993679403000000017e+00
4.487508480999999705e+01 4.276548173694822430e-01 2.051293455999999793e+00
4.467757805000000104e+01 3.752043359543729695e-01 2.104402433999999822e+00
4.454991392000000161e+01 3.380292507082922615e-01 2.131351816000000010e+00
4.447581229000000036e+01 3.183499099520423758e-01 2.118157752000000116e+00
4.447580165000000108e+01 3.183675043726438836e-01 2.119376241999999966e+00
4.454963361000000077e+01 3.383052994051765627e-01 2.133816132999999837e+00
4.467676876000000163e+01 3.760449546731031156e-01 2.105969772999999989e+00
4.487423393000000260e+01 4.294454788108686971e-01 2.053347705999999828e+00
4.512491236000000328e+01 3.566073271925370158e-01 2.006248158000000004e+00
4.520042495999999943e+01 3.148160673896601702e-01 2.000142031999999848e+00
4.517030694999999696e+01 2.585865814368398241e-01 2.004198724000000098e+00
4.509493503000000203e+01 2.004415681491090173e-01 2.021714064000000199e+00
4.505952862000000181e+01 1.891440284031614683e-01 2.004535221999999894e+00
4.510321379999999891e+01 2.611715317678542370e-01 1.983165304999999989e+00
4.517928556999999756e+01 3.453448196208667165e-01 1.972005419000000037e+00
4.520269477000000080e+01 4.403916438135899170e-01 1.985375324999999913e+00
4.509257589999999993e+01 5.359786822140328866e-01 1.974989294000000006e+00
4.480689968000000079e+01 4.562747186191885018e-01 2.055004794999999884e+00
4.459822015000000306e+01 3.743123028778083117e-01 2.114513940999999786e+00
4.446997806000000253e+01 3.252955405769605290e-01 2.153719562000000032e+00
4.440749438999999654e+01 2.915156077520204003e-01 2.168041105999999996e+00
4.440731670000000264e+01 2.918529012372607645e-01 2.168864974999999973e+00
4.446906613000000164e+01 3.261591949480645014e-01 2.153528161000000107e+00
4.459667211000000009e+01 3.750908136390841974e-01 2.113530978000000005e+00
4.480498450000000332e+01 4.572597669175155755e-01 2.053261366000000088e+00
4.508969751000000059e+01 5.364170211147334388e-01 1.965832277000000072e+00
4.520181276000000281e+01 4.414383670243825497e-01 1.985666783000000102e+00
4.517865686999999753e+01 3.456450170216799345e-01 1.975181601999999925e+00
4.510273988000000145e+01 2.609835623181472886e-01 1.986414447000000028e+00
4.494319683999999882e+01 3.560389337354442074e-01 2.004893821000000020e+00
4.490477955000000065e+01 3.859513756373409432e-01 2.024450474000000000e+00
4.487874775000000227e+01 3.250447586493059315e-01 2.041214484999999801e+00
4.488441264000000075e+01 2.385222478413552005e-01 2.059768786999999879e+00
4.490924649000000102e+01 1.481383976595857799e-01 2.080075540999999806e+00
4.494197283999999826e+01 6.748545627877575170e-02 2.099612986999999986e+00
4.496937336999999957e+01 4.496081342089578575e-02 2.112746865000000085e+00
4.496994924999999910e+01 1.089826126685482927e-01 2.093482473999999982e+00
4.493985813999999834e+01 1.603108049390206680e-01 2.027991210999999794e+00
4.493951941000000261e+01 1.599159780127453190e-01 2.025620765000000212e+00
4.496865774999999843e+01 1.082208593138909575e-01 2.083760723999999787e+00
4.496717887999999874e+01 4.522706156687521933e-02 2.095972354999999787e+00
4.493917736000000218e+01 6.856534436928279908e-02 2.078573839000000145e+00
4.490605647999999661e+01 1.492101997034790406e-01 2.056465207000000017e+00
4.488101867999999683e+01 2.396462763244795180e-01 2.034806462999999788e+00
4.487541558000000208e+01 3.263675047037233878e-01 2.015925433000000044e+00
4.490206940000000202e+01 3.879595872056673111e-01 2.001252132999999933e+00
4.491142161999999871e+01 3.913305356883013952e-01 1.985120655000000012e+00
4.490345164000000011e+01 3.754282144157330969e-01 2.016979511000000169e+00
4.492024133999999691e+01 3.341770712677213373e-01 2.032868643000000031e+00
4.494236541000000074e+01 2.761644228168644299e-01 2.049194638999999984e+00
4.496217118999999940e+01 1.937628210695909459e-01 2.070805671000000014e+00
4.498094276999999863e+01 1.118822815368207824e-01 2.093099168999999815e+00
4.499513140999999905e+01 9.318881117042140949e-02 2.107671628999999935e+00
4.498806576999999862e+01 1.489077652654744455e-01 2.089278858000000128e+00
4.495717211000000191e+01 1.921665280392069186e-01 2.035121102000000182e+00
4.495685134000000005e+01 1.919281264932453102e-01 2.032605004000000104e+00
4.498692962999999878e+01 1.484113990124612537e-01 2.079943624000000213e+00
4.499320174000000350e+01 9.322794587322512372e-02 2.091811916000000160e+00
4.497848152000000255e+01 1.126685714695498802e-01 2.073001860999999835e+00
4.495937971000000033e+01 1.948972913130083418e-01 2.047833832999999881e+00
4.493941940999999929e+01 2.774314825536565721e-01 2.024708840999999815e+00
4.491746478999999681e+01 3.353748951335729367e-01 2.009455283999999953e+00
4.490160173999999671e+01 3.762144040718696791e-01 1.999592940999999957e+00
4.488444184000000092e+01 3.279863689393089921e-01 1.997014609000000052e+00
4.492438552000000129e+01 3.344958644649560497e-01 2.005785733000000182e+00
4.501119286000000130e+01 3.181032849874837476e-01 2.014427468000000054e+00
4.507288362999999976e+01 2.710674899262223714e-01 2.028837466000000145e+00
4.508105613000000034e+01 2.001418464116779539e-01 2.053138875000000141e+00
4.506184495000000112e+01 1.270452209848867975e-01 2.080719125999999974e+00
4.503885534999999862e+01 1.452012128066768326e-01 2.099610548999999882e+00
4.501046145000000109e+01 2.182208464623073829e-01 2.091169395000000097e+00
4.497648080999999820e+01 2.565402824337834620e-01 2.062085176000000075e+00
4.497614666999999855e+01 2.564125122744856378e-01 2.059552571999999859e+00
4.500939806000000232e+01 2.178040964937141555e-01 2.082889232999999951e+00
4.503710714999999709e+01 1.446442998032594074e-01 2.086031568000000114e+00
4.505968134999999819e+01 1.270455642508799554e-01 2.063029820000000125e+00
4.507872094999999746e+01 2.010697761996443067e-01 2.031898184000000107e+00
4.507058732000000134e+01 2.724696270889723770e-01 2.006178567000000079e+00
4.500932934000000074e+01 3.189064230287970148e-01 1.996022729000000107e+00
4.492339274999999787e+01 3.344908604078902781e-01 1.995531844999999915e+00
4.489005962000000238e+01 2.406962729138374391e-01 2.012003219999999981e+00
4.494779837000000100e+01 2.769702710151808467e-01 2.007903102999999856e+00
4.507668289000000073e+01 2.696341028318734456e-01 2.001794476000000156e+00
4.518357869999999821e+01 1.579828143802121387e-01 2.010593930999999834e+00
4.518730130000000145e+01 1.356346817782298486e-01 2.038630803000000213e+00
4.511589759999999671e+01 1.741781026259823784e-01 2.070721618999999958e+00
4.504157627000000019e+01 2.395878374328454241e-01 2.095514246000000025e+00
4.498259625000000028e+01 3.180800843471973671e-01 2.098790967999999868e+00
4.493772313000000196e+01 3.553195035449620565e-01 2.083674425999999968e+00
4.493736481999999910e+01 3.552030317706671436e-01 2.081507112000000159e+00
4.498150752000000097e+01 3.176734592622668663e-01 2.091964647999999816e+00
4.503986925000000241e+01 2.389083304202106739e-01 2.084614750000000072e+00
4.511390659999999997e+01 1.736084236290455773e-01 2.056027177999999900e+00
4.518542229999999904e+01 1.363377251695958303e-01 2.019906177999999830e+00
4.518228835000000032e+01 1.588851474641795325e-01 1.993608414999999967e+00
4.507595220000000324e+01 2.696343593508682690e-01 1.991942601999999951e+00
4.494741839999999655e+01 2.768655016860901985e-01 2.003589210999999981e+00
4.491503663000000302e+01 1.501516153709655521e-01 2.029771745000000127e+00
4.496797972000000243e+01 1.948460107120230933e-01 2.022386318000000127e+00
4.508651179999999670e+01 1.999042657870395423e-01 2.009337824000000161e+00
4.519187424999999791e+01 1.311592807797106186e-01 2.004313025000000081e+00
4.521060322000000298e+01 1.703692850221368016e-01 2.026038307999999954e+00
4.509680141999999847e+01 3.076316286923716503e-01 2.064527131000000182e+00
4.497126676999999972e+01 3.582343195217771448e-01 2.096162663999999953e+00
4.488022482000000224e+01 4.232016555954417614e-01 2.101621144000000108e+00
4.481474167999999736e+01 4.543193913043812038e-01 2.076719003000000008e+00
4.481438736999999861e+01 4.541369262330433587e-01 2.075354501000000074e+00
4.487906991999999917e+01 4.226649246410714711e-01 2.096394704999999803e+00
4.496948888000000011e+01 3.576883548291451831e-01 2.087845270999999947e+00
4.509482925999999736e+01 3.072533523040865133e-01 2.052802182000000197e+00
4.520953257000000036e+01 1.704162046684339904e-01 2.013509106999999965e+00
4.519182846000000353e+01 1.300525029033708369e-01 1.999027636000000108e+00
4.508654066999999799e+01 1.999294304135456612e-01 2.007110291000000046e+00
4.496792654000000056e+01 1.949441770746298541e-01 2.021658485000000116e+00
4.494782980000000094e+01 6.891785321599912251e-02 2.048338977999999866e+00
4.498685177000000124e+01 1.123418041368118292e-01 2.041335789000000123e+00
4.506777049000000090e+01 1.264892771232878910e-01 2.028970058000000076e+00
4.512203774000000323e+01 1.725243242148479239e-01 2.019546570999999791e+00
4.510344590999999781e+01 3.057307439919106362e-01 2.014502769999999998e+00
4.499602538999999979e+01 4.357466639174959466e-01 2.039537335999999978e+00
4.482678674999999657e+01 4.351623129705216031e-01 2.090069016000000168e+00
4.470514586000000179e+01 5.191118121014373088e-01 2.031713682999999993e+00
4.460681473999999724e+01 4.964722785006516759e-01 2.042203047000000105e+00
4.460666117000000241e+01 4.964655371461392241e-01 2.042487614000000118e+00
4.470483475000000340e+01 5.192885422912858484e-01 2.033792032000000027e+00
4.482538956999999868e+01 4.348540346861448080e-01 2.089495488999999928e+00
4.499453608000000315e+01 4.358042577170014309e-01 2.042287305999999969e+00
4.510382429999999943e+01 3.062964293182844910e-01 2.016447936000000052e+00
4.512248920999999768e+01 1.728731763060100957e-01 2.021501372999999990e+00
4.506805259000000063e+01 1.268643846136432163e-01 2.030864504000000181e+00
4.498691816000000188e+01 1.125715370874077331e-01 2.042589932999999913e+00
4.497489972999999708e+01 4.270686054350222860e-02 2.063722985000000065e+00
4.500075019999999881e+01 9.181302071230343365e-02 2.056988645000000115e+00
4.504467169000000126e+01 1.437833629068843710e-01 2.046852974000000103e+00
4.504790818000000030e+01 2.382685125586542219e-01 2.040445201999999902e+00
4.497850069999999789e+01 3.576188975981117180e-01 2.037277351000000181e+00
4.483248832999999678e+01 4.410279759136304656e-01 2.031256212000000172e+00
4.463998093000000011e+01 4.393863377105186596e-01 2.092501783999999976e+00
4.449774172000000050e+01 4.443415210967405771e-01 2.074417280000000030e+00
4.439857091999999739e+01 4.317308840299087791e-01 2.079693251000000132e+00
4.439845292999999771e+01 4.319619048025820085e-01 2.080206841999999945e+00
4.449773353999999870e+01 4.451089617102962914e-01 2.076876480000000136e+00
4.463934826999999927e+01 4.402782834036942372e-01 2.096722107000000168e+00
4.483277386000000320e+01 4.443518140165935160e-01 2.038740196000000005e+00
4.497876473000000175e+01 3.590550333594385579e-01 2.040448081000000080e+00
4.504821770000000214e+01 2.390562419162824415e-01 2.043463379999999940e+00
4.504486823999999956e+01 1.441691724479783332e-01 2.049923252000000140e+00
4.500077568999999755e+01 9.191919612813857776e-02 2.059100806000000006e+00
4.497394562000000207e+01 1.096084514597319010e-01 2.053987162999999949e+00
4.499224144000000081e+01 1.491419210318558064e-01 2.048562446000000037e+00
4.501513671000000016e+01 2.175668660447309666e-01 2.047800764000000218e+00
4.498799901000000290e+01 3.176604677731908466e-01 2.052584868999999923e+00
4.488541637000000151e+01 4.272136231811967111e-01 2.058626244000000050e+00
4.469683622000000156e+01 5.190259102549790171e-01 2.078591123999999901e+00
4.448884874000000167e+01 4.514355512149855199e-01 2.133536741999999986e+00
4.435527886999999936e+01 4.471365275129366434e-01 2.164953516999999827e+00
4.425623136000000102e+01 4.114554074245884707e-01 2.110148247000000143e+00
4.425591208000000165e+01 4.119344576180032358e-01 2.110425440999999847e+00
4.435365220999999991e+01 4.489877119465159883e-01 2.160966342000000040e+00
4.448693246999999928e+01 4.527196635706609018e-01 2.131232638999999818e+00
4.469427796000000086e+01 5.191148157126896923e-01 2.073102400999999873e+00
4.488454018000000190e+01 4.289904401109503884e-01 2.056621626000000091e+00
4.498768091000000169e+01 3.183835224729753555e-01 2.052950110999999911e+00
4.501495218000000165e+01 2.178275623772129577e-01 2.049096296000000095e+00
4.499208784999999722e+01 1.491072132752783996e-01 2.049899315000000222e+00
4.494182865999999876e+01 1.620405378586802225e-01 2.002403673999999967e+00
4.495961832999999785e+01 1.928836392232483321e-01 2.008732930999999944e+00
4.497989136999999715e+01 2.554571173217312641e-01 2.031535197000000181e+00
4.494181952000000280e+01 3.545435723230982994e-01 2.050669171000000013e+00
4.481632358000000238e+01 4.585549976526042126e-01 2.060080414999999832e+00
4.459906063999999759e+01 4.973579548990613719e-01 2.089250766999999787e+00
4.438928925999999819e+01 4.309559604685158640e-01 2.145547778000000072e+00
4.424809668000000329e+01 4.002583179912223010e-01 2.176191309000000018e+00
4.416441744000000114e+01 3.906468960703337046e-01 2.159074417999999884e+00
4.416376225999999861e+01 3.901294458823350575e-01 2.158606156999999914e+00
4.424623246000000165e+01 3.998779195991678526e-01 2.173381308000000178e+00
4.438678850000000153e+01 4.309159294614745561e-01 2.142100137999999987e+00
4.459603844000000095e+01 4.970719185800738793e-01 2.083812876000000092e+00
4.481419934000000183e+01 4.595353052525917303e-01 2.054317555999999989e+00
4.494072115000000167e+01 3.548931984171040388e-01 2.048386412000000156e+00
4.497920043999999962e+01 2.554658539865632405e-01 2.030503765999999821e+00
4.495923901999999828e+01 1.926553525442802894e-01 2.008411354000000149e+00
4.515738001999999796e+01 2.782345818528167425e-01 1.977934736999999998e+00
4.512972941999999676e+01 2.953952131450617302e-01 1.993858453000000086e+00
4.507778961000000351e+01 2.712310439377648708e-01 2.018668611999999918e+00
4.503085821999999894e+01 2.016374386006376807e-01 2.049023094999999905e+00
4.499429707000000178e+01 1.161598060170640073e-01 2.081062413999999805e+00
4.496739278999999812e+01 4.117376686396868879e-02 2.111629807999999997e+00
4.494679997000000071e+01 4.811966534378566557e-02 2.139152574000000140e+00
4.491212647999999774e+01 1.070038125928483991e-01 2.113241502999999799e+00
4.485081552999999843e+01 1.295394549936055573e-01 1.992480376000000053e+00
4.485058450999999735e+01 1.289674467188361706e-01 1.991274776000000024e+00
4.491108858999999853e+01 1.055801913081202692e-01 2.106299577000000145e+00
4.494502774000000045e+01 4.704290763848864576e-02 2.126924519000000124e+00
4.496522382999999934e+01 4.141847165258932123e-02 2.096287590000000201e+00
4.499187329000000091e+01 1.172364019184681111e-01 2.063132405000000169e+00
4.502834026000000023e+01 2.030285647355279666e-01 2.029606556000000062e+00
4.507545971999999779e+01 2.729231871860208769e-01 1.999647906999999947e+00
4.512813494000000247e+01 2.972287327107757116e-01 1.979576953000000028e+00
4.513867599000000297e+01 2.981369961807913693e-01 1.954736285000000073e+00
4.513440958000000336e+01 3.068506875650635068e-01 1.984566822999999980e+00
4.511794849999999713e+01 2.910290000604687233e-01 2.010509143999999804e+00
4.508365889000000237e+01 2.465020479806295517e-01 2.038978268000000149e+00
4.503825573000000304e+01 1.686622230706072700e-01 2.072488240000000204e+00
4.499314222999999657e+01 9.159731033612869555e-02 2.106572063999999855e+00
4.495556057000000294e+01 8.042613581875325546e-02 2.136807283000000002e+00
4.491238454999999874e+01 1.206823729300808279e-01 2.127299358000000140e+00
4.485817550000000153e+01 1.252624810136348243e-01 2.056774503999999837e+00
4.485790202999999821e+01 1.247842682936915748e-01 2.054962442999999972e+00
4.491143667000000050e+01 1.196951382514449547e-01 2.120252182999999846e+00
4.495402599999999893e+01 7.954523496777735070e-02 2.125434836999999799e+00
4.499126153000000272e+01 9.171441295382615211e-02 2.092133963000000207e+00
4.503615942999999788e+01 1.696528470475790196e-01 2.055119798000000220e+00
4.508146771999999913e+01 2.478873829636303039e-01 2.019554663000000083e+00
4.511591600999999940e+01 2.925338762855785868e-01 1.991355382000000063e+00
4.513313296999999835e+01 3.078574382805995269e-01 1.970411335999999958e+00
4.508545494999999903e+01 2.742341765264125208e-01 1.975359104000000032e+00
4.512347395999999833e+01 2.903732192448236771e-01 1.983139119000000061e+00
4.518346773999999755e+01 2.667542145763225347e-01 1.998423470999999951e+00
4.518835528999999696e+01 2.292689268913717660e-01 2.023142539999999823e+00
4.512616759000000144e+01 1.864816796397706089e-01 2.058957536999999949e+00
4.503705588999999776e+01 1.448646673132041041e-01 2.098627925999999810e+00
4.495749261000000274e+01 1.541965429954837430e-01 2.133007205999999822e+00
4.489082275999999894e+01 1.863102405193017841e-01 2.142161124999999888e+00
4.483823937999999742e+01 1.832642492942038182e-01 2.122508046000000093e+00
4.483793355000000247e+01 1.829418793982316438e-01 2.120565465999999955e+00
4.488991708999999730e+01 1.855814090509973480e-01 2.136107250999999874e+00
4.495610708000000244e+01 1.533185541596321366e-01 2.123616796999999945e+00
4.503543112999999920e+01 1.445468014937190682e-01 2.086273580999999933e+00
4.512451092999999958e+01 1.873172744554334190e-01 2.043035248999999887e+00
4.518678540999999882e+01 2.309056109191204298e-01 2.004534065000000087e+00
4.518217693999999796e+01 2.679176022777002841e-01 1.981745319000000061e+00
4.512281181000000174e+01 2.904847465627041214e-01 1.973676672000000076e+00
4.503816923000000116e+01 2.042266095759988076e-01 2.001632342000000175e+00
4.509055459999999727e+01 2.471353256678606169e-01 1.998351417000000074e+00
4.519311108000000132e+01 2.266686942489986312e-01 1.997351818999999917e+00
4.524555766999999662e+01 1.097276240072459635e-01 2.013862871999999804e+00
4.518013220000000274e+01 1.804105186388870741e-01 2.052601104999999926e+00
4.504024752000000120e+01 2.404828066887180205e-01 2.094698300000000124e+00
4.491197094000000334e+01 2.629741787941051734e-01 2.132004703999999862e+00
4.481627212000000071e+01 2.846266822408762831e-01 2.150163437999999871e+00
4.475448034000000064e+01 2.840240861947256890e-01 2.145190112999999954e+00
4.475416573999999770e+01 2.837569695401973568e-01 2.143624264000000057e+00
4.481536580000000214e+01 2.840071533688321992e-01 2.145424474999999997e+00
4.491062548000000021e+01 2.622539056127983770e-01 2.124657043000000023e+00
4.503875502000000353e+01 2.401549269944880660e-01 2.084554699999999983e+00
4.517887325000000232e+01 1.811401578405856527e-01 2.038416334999999968e+00
4.524479048999999975e+01 1.107239336777234573e-01 1.999044715999999999e+00
4.519268384000000083e+01 2.267078839783425726e-01 1.987368604000000039e+00
4.509034139999999979e+01 2.471002027065714035e-01 1.993749532999999907e+00
4.500169293999999809e+01 1.185099281646398023e-01 2.029504141999999955e+00
4.504560396000000111e+01 1.696741035650956297e-01 2.023715227999999922e+00
4.513304585000000202e+01 1.855616235090003230e-01 2.016217853000000115e+00
4.518578602000000188e+01 1.744279149828014130e-01 2.020559313000000135e+00
4.514138666000000200e+01 2.401155660937664416e-01 2.054255754999999795e+00
4.497090218999999678e+01 3.619336693626413193e-01 2.095287510999999991e+00
4.480270349999999979e+01 3.681914111169884429e-01 2.135843379000000208e+00
4.468195831999999967e+01 3.720834642011198734e-01 2.157025283999999932e+00
4.460553895000000324e+01 3.709358379995473798e-01 2.146121342999999904e+00
4.460523003000000131e+01 3.706398290320370714e-01 2.145053247999999968e+00
4.468102457999999899e+01 3.714583245777616227e-01 2.153348245000000105e+00
4.480131365999999815e+01 3.675764082900191965e-01 2.130138726999999843e+00
4.496941259999999829e+01 3.617922118829951517e-01 2.086969327999999901e+00
4.514064218000000039e+01 2.403686224576098707e-01 2.044072813000000099e+00
4.518575486999999669e+01 1.735654558233407085e-01 2.014839536000000209e+00
4.513312271000000209e+01 1.853513099859661062e-01 2.012898471999999828e+00
4.504562762999999848e+01 1.697400445245431932e-01 2.022263163999999946e+00
4.497494051000000326e+01 4.277705642442544698e-02 2.056580369000000186e+00
4.500071968000000311e+01 9.170158209635717594e-02 2.052121373999999943e+00
4.504460601000000253e+01 1.437437613913315482e-01 2.045857789999999898e+00
4.504784433999999749e+01 2.383995407752257101e-01 2.044568122999999904e+00
4.497849421000000092e+01 3.581308067722969724e-01 2.050279460000000054e+00
4.483330133999999845e+01 4.415489353785611026e-01 2.106016459000000118e+00
4.464044352999999887e+01 4.401700699859389387e-01 2.142796919999999883e+00
4.449821811999999710e+01 4.456894642665965023e-01 2.135908699999999882e+00
4.439867263000000008e+01 4.321930647198286013e-01 2.115038449000000043e+00
4.439847045999999864e+01 4.318666033729236520e-01 2.115029439999999816e+00
4.449747067999999928e+01 4.441475791327044731e-01 2.135350406000000145e+00
4.463896503000000138e+01 4.394890456358754305e-01 2.138957186999999927e+00
4.483187654999999694e+01 4.430825779801327302e-01 2.098822563000000141e+00
4.497858704000000074e+01 3.579299191393522372e-01 2.050505071999999984e+00
4.504810419999999738e+01 2.383357384329539697e-01 2.045047016999999911e+00
4.504483429999999800e+01 1.437457567568624361e-01 2.046298417000000036e+00
4.500082330000000042e+01 9.183379004577475746e-02 2.052414766000000057e+00
4.495411486999999795e+01 4.641094974069585183e-02 2.083445291999999949e+00
4.496294198999999736e+01 7.885029515670652356e-02 2.080654672000000094e+00
4.496497944000000047e+01 1.525642883887363688e-01 2.076741515999999788e+00
4.491969430000000330e+01 2.613765981438518904e-01 2.075968577999999898e+00
4.481081291999999650e+01 3.665833658757268188e-01 2.080201876999999921e+00
4.464946625000000324e+01 4.370346755196524158e-01 2.088791937999999959e+00
4.445244413000000350e+01 4.604311631433337104e-01 2.137175945000000077e+00
4.429559594999999916e+01 4.328228338393920738e-01 2.124283870999999824e+00
4.419207696000000141e+01 3.861492148820249160e-01 2.138508534000000072e+00
4.419190401000000179e+01 3.860334171289995786e-01 2.138778503999999803e+00
4.429519910999999865e+01 4.327432258470418347e-01 2.125963851999999932e+00
4.445117533999999893e+01 4.600075654207919640e-01 2.140441554000000135e+00
4.464925703000000112e+01 4.373587831607816945e-01 2.093287741999999785e+00
4.481082262999999699e+01 3.669726746821882490e-01 2.081553414000000046e+00
4.491985446000000337e+01 2.616525299619551492e-01 2.077366204000000049e+00
4.496514621000000034e+01 1.526733687121030192e-01 2.078135563000000019e+00
4.496301806999999684e+01 7.889760941309009734e-02 2.081596289000000155e+00
4.491640959000000066e+01 1.133244881691270606e-01 2.066537123999999892e+00
4.491748556000000292e+01 1.227861137995878149e-01 2.080230563000000199e+00
4.489696323999999805e+01 1.849507954807636245e-01 2.092927872999999828e+00
4.482290780000000296e+01 2.835484647039276385e-01 2.100005653000000194e+00
4.468796146999999763e+01 3.743447130129406442e-01 2.112223998000000158e+00
4.449467744999999752e+01 4.698515880723261318e-01 2.135784177000000117e+00
4.428635127999999810e+01 4.335095453504662633e-01 2.180146582999999971e+00
4.413866790000000151e+01 3.879576700896638641e-01 2.207465969999999889e+00
4.404225441999999902e+01 3.331666382789109648e-01 2.189280999000000172e+00
4.404192238000000259e+01 3.329717767746771528e-01 2.189342545999999778e+00
4.413740128999999968e+01 3.871728906796401137e-01 2.206024839999999987e+00
4.428446951000000098e+01 4.328308516037519538e-01 2.177465575999999903e+00
4.449262995000000132e+01 4.706714031843600154e-01 2.130523499999999792e+00
4.468726844999999770e+01 3.752195997561875718e-01 2.110638772999999802e+00
4.482264245999999730e+01 2.838814796930020923e-01 2.099686757999999820e+00
4.489685846999999796e+01 1.851021493188084177e-01 2.092834316999999889e+00
4.491744200000000120e+01 1.228391028727825879e-01 2.079995084000000105e+00
4.485098071000000175e+01 1.349160524474622425e-01 1.968333506000000011e+00
4.486026153000000249e+01 1.273897350616712276e-01 2.026656755999999948e+00
4.484273071999999871e+01 1.807374179834149719e-01 2.084626788000000008e+00
4.475962111999999848e+01 2.828863042801825212e-01 2.105755051000000044e+00
4.460819645000000122e+01 3.767402993701832736e-01 2.120760714999999852e+00
4.439236561999999964e+01 4.412035118207101037e-01 2.144224141000000028e+00
4.418330661000000248e+01 3.872383435457905088e-01 2.195712265000000052e+00
4.403622934999999927e+01 3.298787087478719515e-01 2.232517494000000102e+00
4.394985375000000261e+01 2.834019106438436242e-01 2.232565241000000089e+00
4.394933431999999840e+01 2.828330483734300405e-01 2.232188965999999830e+00
4.403466341000000028e+01 3.287230288368780395e-01 2.230637755000000055e+00
4.418106141999999892e+01 3.861934422580887150e-01 2.193050955999999996e+00
4.438979484000000042e+01 4.408625158249797615e-01 2.139886408000000184e+00
4.460655915000000249e+01 3.776673942586470378e-01 2.116610555999999921e+00
4.475874574000000194e+01 2.830446445732965888e-01 2.103584919000000220e+00
4.484219784999999803e+01 1.807562876358502491e-01 2.082727465000000056e+00
4.486000508000000053e+01 1.273657063106555798e-01 2.024746830000000219e+00
4.531161696000000205e+01 1.780316970374951069e-01 1.958386930999999942e+00
4.528601703999999728e+01 1.917265024068225965e-01 1.971940460999999978e+00
4.521947670000000130e+01 1.980252183500239571e-01 1.999819607999999915e+00
4.513311482999999669e+01 1.728167861971061925e-01 2.034307112000000028e+00
4.504398717000000119e+01 1.339149958787877459e-01 2.066545791999999881e+00
4.496487555000000214e+01 1.100390542338604838e-01 2.089427305000000068e+00
4.490729088999999874e+01 1.130609279215782637e-01 2.102999419000000092e+00
4.487592412000000053e+01 1.109188124224147476e-01 2.143620936000000032e+00
4.477330263000000343e+01 1.717126089371462383e-01 1.795473553999999972e+00
4.477327292999999742e+01 1.714820423367656443e-01 1.795777673999999990e+00
4.487519922999999977e+01 1.073462956035896171e-01 2.143910329000000115e+00
4.490628131999999795e+01 1.115765118782451742e-01 2.098861957000000000e+00
4.496360516000000018e+01 1.092340874762395830e-01 2.082255865000000039e+00
4.504253752000000333e+01 1.341845995777757594e-01 2.056618183999999960e+00
4.513162211000000212e+01 1.738636374395668982e-01 2.022819421999999978e+00
4.521817831999999981e+01 1.994854764265575620e-01 1.988965451000000106e+00
4.528523414000000002e+01 1.930233052678327899e-01 1.964934085000000108e+00
4.529598347999999675e+01 1.931728059792624796e-01 1.937392247000000012e+00
4.530800394999999980e+01 2.075758108340102215e-01 1.958126950999999893e+00
4.527342876000000160e+01 2.465124888663210723e-01 1.986086629000000103e+00
4.519218070000000154e+01 2.466919528858976529e-01 2.018684846999999838e+00
4.508600040999999692e+01 2.003176057241728980e-01 2.053510236999999794e+00
4.498304834999999713e+01 1.495743580846569110e-01 2.085300575000000212e+00
4.490811733000000316e+01 1.239360794443239433e-01 2.119498075000000092e+00
4.486180968000000036e+01 1.139171821647390614e-01 2.174791459000000149e+00
4.480245811999999717e+01 9.768768325599611058e-02 2.032294266000000071e+00
4.480230018000000314e+01 9.707778437795515358e-02 2.031665295999999898e+00
4.486116513999999711e+01 1.130465065630673754e-01 2.170715293000000212e+00
4.490721208000000075e+01 1.228835615811672832e-01 2.114869888999999947e+00
4.498193035999999978e+01 1.490380523118241818e-01 2.078671836999999911e+00
4.508471566000000053e+01 2.006369350604839674e-01 2.044184024000000210e+00
4.519082685000000055e+01 2.476847953555318949e-01 2.007016240000000007e+00
4.527221265000000017e+01 2.478947242012904395e-01 1.973833227999999940e+00
4.530732769000000104e+01 2.084981303015891463e-01 1.948647229000000092e+00
4.522879563000000047e+01 2.001137135376237497e-01 1.960179842000000061e+00
4.528049320000000222e+01 2.428757339121792869e-01 1.958988551000000022e+00
4.534061204000000345e+01 2.207875234430302924e-01 1.969144479999999975e+00
4.529829123999999752e+01 2.515353327774343950e-01 1.997948545000000076e+00
4.516133253000000281e+01 2.588557818945368405e-01 2.040372164999999960e+00
4.500578148999999684e+01 2.183868953781989142e-01 2.087364641000000187e+00
4.488741464999999664e+01 1.863337824634632434e-01 2.137452440000000120e+00
4.480818622000000317e+01 1.862249331581432854e-01 2.178086700000000153e+00
4.475476413999999892e+01 1.673821982334236513e-01 2.177182452999999906e+00
4.475457048999999898e+01 1.670661672158691990e-01 2.175943149000000076e+00
4.480762344000000041e+01 1.855263933912118524e-01 2.174743043999999959e+00
4.488657742000000184e+01 1.855449403228136285e-01 2.133043273000000184e+00
4.500480738000000258e+01 2.180290196666584690e-01 2.081600718999999877e+00
4.516038516999999786e+01 2.593152082389051927e-01 2.031923282999999802e+00
4.529753784999999766e+01 2.529635394072835552e-01 1.985868326999999933e+00
4.534009223000000333e+01 2.220983556304483575e-01 1.956371660000000068e+00
4.528025129000000248e+01 2.429621121151734342e-01 1.951950311000000049e+00
4.514217407000000293e+01 1.743617479298409934e-01 1.989071744999999947e+00
4.520072671999999869e+01 2.461465593173838284e-01 1.979078158000000087e+00
4.530469696000000113e+01 2.470317379983246464e-01 1.970992440999999928e+00
4.533444633999999951e+01 1.812242648862110173e-01 1.996243913999999897e+00
4.519144138000000055e+01 3.175154272481563456e-01 2.046864886999999911e+00
4.497826375000000354e+01 3.189179688912288091e-01 2.094465355000000084e+00
4.481308749000000091e+01 2.849265972156962423e-01 2.145929499000000185e+00
4.470372650000000192e+01 2.700444017436897659e-01 2.184740013999999952e+00
4.463994504000000063e+01 2.527039559381731304e-01 2.194057615000000183e+00
4.463976106999999871e+01 2.524479111465302017e-01 2.193101782999999916e+00
4.470319417999999700e+01 2.694498216246160593e-01 2.182154462999999822e+00
4.481229228000000120e+01 2.842717053793806792e-01 2.142362535999999817e+00
4.497737479999999977e+01 3.186501943702542139e-01 2.089587408999999951e+00
4.519076459000000057e+01 3.182013884150819982e-01 2.038566332999999897e+00
4.533431668000000059e+01 1.819959218865436212e-01 1.984783390999999897e+00
4.530472120000000302e+01 2.471282366685604581e-01 1.963057185999999898e+00
4.520073646000000167e+01 2.461679686182383919e-01 1.975536552999999973e+00
4.505309748999999897e+01 1.343593326266404320e-01 2.015292715000000179e+00
4.509496149999999659e+01 2.001315975152648807e-01 2.004727642000000198e+00
4.517003741999999988e+01 2.577863355526210376e-01 1.995716752000000094e+00
4.519987374000000102e+01 3.131812103018257187e-01 2.008657488999999963e+00
4.512406946000000119e+01 3.548893005909376508e-01 2.072942631000000091e+00
4.487500209000000240e+01 4.285133636393527179e-01 2.092055868000000096e+00
4.467751808999999952e+01 3.758783491785837594e-01 2.148735470000000092e+00
4.455003639000000248e+01 3.384300954113712012e-01 2.196201926000000082e+00
4.447594337999999681e+01 3.184570366127875141e-01 2.201045169999999995e+00
4.447576909000000001e+01 3.182007229774367896e-01 2.200337360999999881e+00
4.454949762999999763e+01 3.378961141754471820e-01 2.194201940000000128e+00
4.467671503999999771e+01 3.752919273499396580e-01 2.146313421999999971e+00
4.487411208999999701e+01 4.282848156978572018e-01 2.088625636000000174e+00
4.512381366000000327e+01 3.557761308125255151e-01 2.065399674000000019e+00
4.520001485000000230e+01 3.129547419903376815e-01 2.006415494000000077e+00
4.517020397999999659e+01 2.577050274377252759e-01 1.993894824000000066e+00
4.509507064999999670e+01 2.001664922568896221e-01 2.003732262999999847e+00
4.497409971999999811e+01 1.094778812902078985e-01 2.032023332000000071e+00
4.499223331000000314e+01 1.488907343881166745e-01 2.028267914000000172e+00
4.501501500999999905e+01 2.174594951974648527e-01 2.031061151999999925e+00
4.498775399000000164e+01 3.177959917749786367e-01 2.039652740999999825e+00
4.488493548000000288e+01 4.278062492489336233e-01 2.037439631999999889e+00
4.469585891999999916e+01 5.192629232471321910e-01 2.034644600000000025e+00
4.448819300000000254e+01 4.525857477742727397e-01 2.119924922000000045e+00
4.435453496000000229e+01 4.493360172643184325e-01 2.117587853999999936e+00
4.425609900999999979e+01 4.119983418350112725e-01 2.118337857999999851e+00
4.425602717000000297e+01 4.118210859946193625e-01 2.118601115999999784e+00
4.435420589999999663e+01 4.472414729842641989e-01 2.121216610999999919e+00
4.448748704999999859e+01 4.516278713445378012e-01 2.120939083000000114e+00
4.469521861999999857e+01 5.189083830381101548e-01 2.037752891999999871e+00
4.488507221999999786e+01 4.280209429244650199e-01 2.039755600999999974e+00
4.498796738000000062e+01 3.178266361760688219e-01 2.041200354999999966e+00
4.501520270000000323e+01 2.174998117502757178e-01 2.032020002999999964e+00
4.499234478999999709e+01 1.489871783636468328e-01 2.028623792999999953e+00
4.491660375000000016e+01 1.130607701816185029e-01 2.038765970000000038e+00
4.491758336000000185e+01 1.226073767164246736e-01 2.055501282999999901e+00
4.489692287999999820e+01 1.849895855895996311e-01 2.073918472999999985e+00
4.482274481999999693e+01 2.836378571206361610e-01 2.082688531000000065e+00
4.468761445999999893e+01 3.746402932728807311e-01 2.082767710999999800e+00
4.449382293000000033e+01 4.698081990831580179e-01 2.061877920000000142e+00
4.428563626999999769e+01 4.333140093476069987e-01 2.127199671000000070e+00
4.413804729000000293e+01 3.875184660000443038e-01 2.136842345999999893e+00
4.404208311000000009e+01 3.330922481557581083e-01 2.157023242999999812e+00
4.404201472999999822e+01 3.330088485099442219e-01 2.157352577000000160e+00
4.413788449999999841e+01 3.874345371326602394e-01 2.138440373999999977e+00
4.428511001999999763e+01 4.329675802884913050e-01 2.129509639000000121e+00
4.449351056999999798e+01 4.708888361336634465e-01 2.065086502000000213e+00
4.468771078999999702e+01 3.748815762002339902e-01 2.085095342999999879e+00
4.482291812999999792e+01 2.837955554526005453e-01 2.084528409999999887e+00
4.489708483999999800e+01 1.850630994021771059e-01 2.075507707999999951e+00
4.491765662000000248e+01 1.227307730204718061e-01 2.056406727999999795e+00
4.488520628999999929e+01 2.705782281319313309e-01 1.798484419000000001e+00
4.487068041999999934e+01 1.120528202800600559e-01 2.114927305000000146e+00
4.481706585999999959e+01 1.850476753821798104e-01 2.116992762999999833e+00
4.471277383000000327e+01 2.689190321994874844e-01 2.123247509000000033e+00
4.455942756000000315e+01 3.368783508482548483e-01 2.134592780000000189e+00
4.434878520000000179e+01 4.790924759642353203e-01 2.113747533999999817e+00
4.412982157999999799e+01 3.884574946772950677e-01 2.186747057999999910e+00
4.398992565000000354e+01 3.215975476047029935e-01 2.233333202999999934e+00
4.389955220000000224e+01 2.501805950810764290e-01 2.209381034999999827e+00
4.389942016999999908e+01 2.499962404835046614e-01 2.209808138000000088e+00
4.398929339000000027e+01 3.210353263139242852e-01 2.235092751999999905e+00
4.412886679999999728e+01 3.878306348851421892e-01 2.187429346000000052e+00
4.434765354999999687e+01 4.786705838216267495e-01 2.115277360999999967e+00
4.455930210999999730e+01 3.370531105754702161e-01 2.135578595000000135e+00
4.471277139000000034e+01 2.690852291139881336e-01 2.124130408000000081e+00
4.481712732999999815e+01 1.851320436640735700e-01 2.117854502000000139e+00
4.487073248000000092e+01 1.120553325631597485e-01 2.115463788000000012e+00
4.476811146000000008e+01 1.768246876874520201e-01 1.806676826999999985e+00
4.480224213000000333e+01 1.118622726817807139e-01 1.987279154999999964e+00
4.476142666999999875e+01 1.634844371014466946e-01 2.126449392000000049e+00
4.464722921999999983e+01 2.514579033540579323e-01 2.142462045999999898e+00
4.448052795000000259e+01 3.283830025592708313e-01 2.160901347999999889e+00
4.424606304000000279e+01 4.181810035816841409e-01 2.160561797999999811e+00
4.403144338999999974e+01 3.338116667510918067e-01 2.221209568999999995e+00
4.388942251999999655e+01 2.517941391876076240e-01 2.274853475000000014e+00
4.381080285000000174e+01 1.855206166047234650e-01 2.288663527000000197e+00
4.381045727000000056e+01 1.849602766737873938e-01 2.288426247999999941e+00
4.388842170000000209e+01 2.506743888274042820e-01 2.274082688000000019e+00
4.403003102000000268e+01 3.326585674787965186e-01 2.220646318000000008e+00
4.424433360999999820e+01 4.172758038797178548e-01 2.159124078000000058e+00
4.447960730999999868e+01 3.295974471473555600e-01 2.158434848000000184e+00
4.464682773999999910e+01 2.515377593634717246e-01 2.141776627000000044e+00
4.476119527000000176e+01 1.635203913787550423e-01 2.125588495000000133e+00
4.480206159000000099e+01 1.121793412952245966e-01 1.984525494999999973e+00
4.539263097999999985e+01 6.139465197246635197e-02 1.947988279000000045e+00
4.536544831999999872e+01 9.929983592688716720e-02 1.960041300999999958e+00
4.528902263999999889e+01 1.530268510059307474e-01 1.986749070999999978e+00
4.517706422999999916e+01 1.860511173162487930e-01 2.012960341999999958e+00
4.504991481999999792e+01 1.884316452798755759e-01 2.027008984000000069e+00
4.493283706999999794e+01 1.607096995871351297e-01 2.024986429999999782e+00
4.484347285999999855e+01 1.305320941594444173e-01 1.988294723999999958e+00
4.476750158000000113e+01 1.636045158428346968e-01 1.812106521000000026e+00
4.467960144999999983e+01 1.264854082103395450e-01 1.733024518999999986e+00
4.467959851999999898e+01 1.264906421586832197e-01 1.733283667000000028e+00
4.476746494999999726e+01 1.633557342296868553e-01 1.813257330999999972e+00
4.484324792000000315e+01 1.299605292861200079e-01 1.988575149999999958e+00
4.493250073000000100e+01 1.603037876473663581e-01 2.023890490999999958e+00
4.504949194000000290e+01 1.882565152013422616e-01 2.024536136000000042e+00
4.517659305000000103e+01 1.862599742936414116e-01 2.009502123999999945e+00
4.528861489999999890e+01 1.536176434389098788e-01 1.983412493000000110e+00
4.536521951000000286e+01 9.998410149434412697e-02 1.958042472000000034e+00
4.537599370000000221e+01 9.982935572443173144e-02 1.929296934999999991e+00
4.540864024999999771e+01 9.736422491000877588e-02 1.940327149000000029e+00
4.536753202999999957e+01 2.470802157447886671e-01 1.964427919000000022e+00
4.525033065000000221e+01 2.916233927775802037e-01 1.986363112000000042e+00
4.509368977999999828e+01 2.609338458611438760e-01 2.007365257000000014e+00
4.495031224000000236e+01 1.924699563329598795e-01 2.031828944999999997e+00
4.485114543000000253e+01 1.264736607597449214e-01 2.049529208000000047e+00
4.479462831000000023e+01 1.012020685152929533e-01 2.018540241000000179e+00
4.474501037999999653e+01 2.082352080000238470e-01 1.743705481999999973e+00
4.474500193000000081e+01 2.081835841470290605e-01 1.744033227000000075e+00
4.479451431999999755e+01 1.006486940738646890e-01 2.018799863999999999e+00
4.485092296999999917e+01 1.259169674918731718e-01 2.049040741999999860e+00
4.494995413000000184e+01 1.920432610908952009e-01 2.030670000000000197e+00
4.509314674000000167e+01 2.606612740576303433e-01 2.005282905000000060e+00
4.524962442000000351e+01 2.917264463020319831e-01 1.983132282999999996e+00
4.536687613000000141e+01 2.477050339908989929e-01 1.960396924000000096e+00
4.540836912000000325e+01 9.770586612886748845e-02 1.936583431999999938e+00
4.529940045000000026e+01 1.536416378613269795e-01 1.951053117999999920e+00
4.537597849000000139e+01 2.406561622115003241e-01 1.937427282999999889e+00
4.547484585000000124e+01 1.949784700683868666e-01 1.932897456000000069e+00
4.538732538000000005e+01 3.487933375631255273e-01 1.956446646000000067e+00
4.516962579999999861e+01 3.454479251246345139e-01 1.998999830000000033e+00
4.496986797000000280e+01 2.562251790032826215e-01 2.057965241999999861e+00
4.483221973999999932e+01 1.820290133615523054e-01 2.115756081999999871e+00
4.475062532999999831e+01 1.640293217212385746e-01 2.168698104999999821e+00
4.470714691999999957e+01 1.671831171790171822e-01 2.204406654000000021e+00
4.470713884999999976e+01 1.670469688424568444e-01 2.204027287999999807e+00
4.475056811999999695e+01 1.635999740991166129e-01 2.167854889000000007e+00
4.483206821000000275e+01 1.815068925765435937e-01 2.114719641000000205e+00
4.496958837999999758e+01 2.558537975132875175e-01 2.056650487999999832e+00
4.516921682000000260e+01 3.453753153967260014e-01 1.997069648000000086e+00
4.538697077999999863e+01 3.496518767815669504e-01 1.953055884999999936e+00
4.547492867999999788e+01 1.954753016272482158e-01 1.926849245000000099e+00
4.537596453999999824e+01 2.406193245853837648e-01 1.934316645000000001e+00
4.518722247000000181e+01 1.865926823038097926e-01 1.970662466999999918e+00
4.525990662000000242e+01 2.907777225022429857e-01 1.947768729000000087e+00
4.539587920999999682e+01 3.452334470710308190e-01 1.924224933000000082e+00
4.545425918000000109e+01 2.453953509977909730e-01 1.990269239999999940e+00
4.519208992000000080e+01 4.406725039043739578e-01 2.015419801999999816e+00
4.493104628999999761e+01 3.553246298803936498e-01 2.078062865000000148e+00
4.474857964000000266e+01 2.837053320833742287e-01 2.138404502000000207e+00
4.463622802999999806e+01 2.519485449744254257e-01 2.187689971999999816e+00
4.457800794999999994e+01 2.366292030424159976e-01 2.215838660000000182e+00
4.457802439999999677e+01 2.365373947354359185e-01 2.215533336000000020e+00
4.463623471999999737e+01 2.516624381254161102e-01 2.186936914999999981e+00
4.474851936999999680e+01 2.833115020978429488e-01 2.137422622999999966e+00
4.493089966000000146e+01 3.549992975798966777e-01 2.076777878000000133e+00
4.519191038000000304e+01 4.407135022750184872e-01 2.013202564999999833e+00
4.545468022000000019e+01 2.459290988521910248e-01 1.984327635000000090e+00
4.539606935999999848e+01 3.455621087002279102e-01 1.920710477999999943e+00
4.525995439999999803e+01 2.908061250166972811e-01 1.946331902999999919e+00
4.505972091999999662e+01 1.891081712047737728e-01 1.977430612999999893e+00
4.510311025000000029e+01 2.609495190689185007e-01 1.959610324000000015e+00
4.517903732999999988e+01 3.453132754204716326e-01 1.952726959000000040e+00
4.520228682999999847e+01 4.406949735095923026e-01 1.971102369000000021e+00
4.509143953000000238e+01 5.364498530935519760e-01 1.936992786000000022e+00
4.480597311999999732e+01 4.567883094277031542e-01 2.066912363999999780e+00
4.459742826000000093e+01 3.747352770728691329e-01 2.135088470999999988e+00
4.446946531999999763e+01 3.257041548485907212e-01 2.185575270999999820e+00
4.440732160000000306e+01 2.916780438841205525e-01 2.227943590000000196e+00
4.440734315000000265e+01 2.916538642022326600e-01 2.227661153000000116e+00
4.446946075999999692e+01 3.256037074515407692e-01 2.184998836000000111e+00
4.459736059000000097e+01 3.745329651945846217e-01 2.134449694000000175e+00
4.480581381999999735e+01 4.565980124238120941e-01 2.066159019000000097e+00
4.509094257999999655e+01 5.360738961150368631e-01 1.938064363999999928e+00
4.520235748000000342e+01 4.406975564142541213e-01 1.971309777999999957e+00
4.517912005000000164e+01 3.453115255951544893e-01 1.952474201000000020e+00
4.510316431999999764e+01 2.609764978982550554e-01 1.959319588000000056e+00
4.494204769000000255e+01 1.620035679953838736e-01 1.968047971000000063e+00
4.495960919000000189e+01 1.927017646498180303e-01 1.974905662000000062e+00
4.497965847999999767e+01 2.554579019598526290e-01 2.000461887000000161e+00
4.494134653999999784e+01 3.547172516687901456e-01 2.021089439999999904e+00
4.481543877000000009e+01 4.589873434402843566e-01 2.011570492000000154e+00
4.459773297000000269e+01 4.973765084260841629e-01 2.039396576000000127e+00
4.438813566999999694e+01 4.309566609680222649e-01 2.110813026000000203e+00
4.424725265000000007e+01 3.999868123685459409e-01 2.127311124999999858e+00
4.416417560000000009e+01 3.903691388481015934e-01 2.111212953999999975e+00
4.416414378000000340e+01 3.903221773342882561e-01 2.111414996999999794e+00
4.424714843000000286e+01 3.998589269076608943e-01 2.127689242000000203e+00
4.438797969000000165e+01 4.307437212536372462e-01 2.111139644000000093e+00
4.459746564999999663e+01 4.970509381266351445e-01 2.040373220000000209e+00
4.481532253999999682e+01 4.591264442286748237e-01 2.012738734000000029e+00
4.494144397000000168e+01 3.547228771985582174e-01 2.021899912999999938e+00
4.497975905999999924e+01 2.554261590461568421e-01 2.000968276000000046e+00
4.495965587999999968e+01 1.927427975755194312e-01 1.975034779000000018e+00
4.485121817000000277e+01 1.349547423158541648e-01 1.923624744999999914e+00
4.486033293999999927e+01 1.273868224059743204e-01 1.982629253999999897e+00
4.484255352000000272e+01 1.808630183039064421e-01 2.048190631000000206e+00
4.475923137000000196e+01 2.829964045532171180e-01 2.070425505999999860e+00
4.460749425000000201e+01 3.771130248637407645e-01 2.064479936000000126e+00
4.439123309000000006e+01 4.411869342116723769e-01 2.073774129999999882e+00
4.418228452999999689e+01 3.868195032962182256e-01 2.136878671999999924e+00
4.403553450999999797e+01 3.293176717941403986e-01 2.162085368000000063e+00
4.394966300000000103e+01 2.830926337943063809e-01 2.167799277999999941e+00
4.394963454999999897e+01 2.830491959466418517e-01 2.167965816999999795e+00
4.403545039000000116e+01 3.291742952807812372e-01 2.162555590000000194e+00
4.418215643999999998e+01 3.865764098989101782e-01 2.137477320999999986e+00
4.439105058999999898e+01 4.409892933717498575e-01 2.074923683999999824e+00
4.460745194999999796e+01 3.773357615130155107e-01 2.065537541999999949e+00
4.475933812000000245e+01 2.830610778973721153e-01 2.071266499000000039e+00
4.484266001000000301e+01 1.808245983066416041e-01 2.048877429000000028e+00
4.486035643000000306e+01 1.274187746426563850e-01 1.982903322999999940e+00
4.476826717000000144e+01 1.771311947455130320e-01 1.769766208000000063e+00
4.480237114999999903e+01 1.120700047126579058e-01 1.930563505999999929e+00
4.476134778000000125e+01 1.636567729479755651e-01 2.097108281000000130e+00
4.464703516000000150e+01 2.515061900376542869e-01 2.115781825000000005e+00
4.448014240999999913e+01 3.288096139526296424e-01 2.102750144999999904e+00
4.424532185999999712e+01 4.178938632650660567e-01 2.104965251999999953e+00
4.403082933000000310e+01 3.333576804043935082e-01 2.181714293999999832e+00
4.388899912000000114e+01 2.512981664677086946e-01 2.214326883000000024e+00
4.381069680000000233e+01 1.851947404399878205e-01 2.204627034000000041e+00
4.381066839999999729e+01 1.851288546064565887e-01 2.204791429000000136e+00
4.388891085000000203e+01 2.511059211939533076e-01 2.214662033000000196e+00
4.403068724999999972e+01 3.331190771381178362e-01 2.182078012999999928e+00
4.424514509000000118e+01 4.176937764118678342e-01 2.105770020000000020e+00
4.448011958000000021e+01 3.290879112514638605e-01 2.103626264999999940e+00
4.464712330999999779e+01 2.515787048046516095e-01 2.116445967000000206e+00
4.476143617999999691e+01 1.635977667338296693e-01 2.097736536999999846e+00
4.480233927999999821e+01 1.120563133297254182e-01 1.930865610999999982e+00
4.467460247999999723e+01 1.268772735699545684e-01 1.747998782999999889e+00
4.473991723999999692e+01 2.097230689772847934e-01 1.755896595999999921e+00
4.471696172000000047e+01 1.670268992316971679e-01 2.140474521999999880e+00
4.458789475999999752e+01 2.361883714977623672e-01 2.150918106000000218e+00
4.441783757999999693e+01 2.880784384870375692e-01 2.165894662999999998e+00
4.415481624000000238e+01 3.914696875381293295e-01 2.143000697999999815e+00
4.394019131000000300e+01 2.831052958454199908e-01 2.218950320999999892e+00
4.380181711000000178e+01 1.838401967234631340e-01 2.268432565999999984e+00
4.373491381000000189e+01 1.146803524853100831e-01 2.292851768999999873e+00
4.373483104999999682e+01 1.144211526034735471e-01 2.293086854999999868e+00
4.380157965000000075e+01 1.833858097975213375e-01 2.268625833000000203e+00
4.393982911999999885e+01 2.826811831579810752e-01 2.219170688999999808e+00
4.415437654000000123e+01 3.911448926321375308e-01 2.143358210000000152e+00
4.441777045999999984e+01 2.880974788608489656e-01 2.166627330999999934e+00
4.458787244999999899e+01 2.362356078222506706e-01 2.151234827000000127e+00
4.471697155999999751e+01 1.670620913066675484e-01 2.140765647999999910e+00
4.473980068000000188e+01 2.094665092572370324e-01 1.755532309999999985e+00
