7.396691022999999632e+01 0.000000000000000000e+00 1.281197189000000014e+00
7.396852173000000619e+01 5.515999359536068181e-03 1.286163267999999915e+00
7.397594130000000234e+01 1.809329806203478774e-02 1.299633333999999918e+00
7.399459448000000350e+01 3.843760903445471444e-02 1.318081433999999996e+00
7.402782075999999734e+01 6.001021368492445718e-02 1.337514499999999940e+00
7.407325815999999463e+01 7.328939243143893500e-02 1.354813593000000038e+00
7.412267076000000543e+01 7.105186116638477489e-02 1.368218721999999943e+00
7.416471034999999290e+01 5.153189907297325151e-02 1.377108900999999941e+00
7.418885106000000462e+01 1.881184266610138114e-02 1.381484960999999956e+00
7.396845403999999746e+01 5.319217949002734251e-03 1.285992099000000000e+00
7.396916222000000118e+01 3.832966588379254323e-03 1.290719412000000066e+00
7.397385056999999620e+01 1.383923113085594112e-02 1.303568045000000009e+00
7.398804549000000463e+01 3.596151459553190849e-02 1.321233526999999963e+00
7.401548909999999637e+01 6.218081111750887319e-02 1.339940283000000010e+00
7.405457629999999369e+01 8.411294267029206795e-02 1.356694263000000067e+00
7.409804033000000345e+01 9.588815893597064932e-02 1.369757965000000022e+00
7.413548661000000095e+01 9.746320817393924751e-02 1.378469815000000098e+00
7.415712795999999685e+01 9.476124799498047979e-02 1.382774868000000046e+00
7.397568741000000614e+01 1.774837480000912224e-02 1.299048412999999957e+00
7.397366406999999811e+01 1.344317604207181938e-02 1.303152322999999946e+00
7.397018993999999736e+01 5.072832256296556236e-03 1.314372158999999929e+00
7.397120442000000651e+01 3.058032332207684043e-02 1.329969857000000033e+00
7.398170573999999533e+01 6.691115737570353661e-02 1.346736807999999952e+00
7.400230254000000230e+01 1.050058948722301377e-01 1.362016458000000041e+00
7.402851047999999423e+01 1.376641200661965492e-01 1.374143783000000063e+00
7.405266188000000227e+01 1.604532680679467971e-01 1.382359225000000080e+00
7.406708290000000261e+01 1.718701968065255714e-01 1.386463865999999934e+00
7.399407779000000573e+01 3.801759405974920736e-02 1.317056731000000092e+00
7.398759513000000254e+01 3.549880636910125037e-02 1.320370961999999926e+00
7.397093870999999865e+01 3.013558694413729505e-02 1.329511008000000105e+00
7.395096648000000528e+01 4.049254958602431509e-02 1.342428042000000099e+00
7.393483114999999373e+01 7.680169675855562372e-02 1.356627896000000000e+00
7.392661594999999863e+01 1.238298572484982651e-01 1.369907809999999948e+00
7.392607970999999623e+01 1.692432709247611022e-01 1.380729174999999920e+00
7.392968634999999722e+01 2.042201739865357468e-01 1.388231087999999946e+00
7.393296689999999671e+01 2.230659067528789619e-01 1.392039591000000076e+00
7.402701387000000466e+01 5.958566827645333380e-02 1.336201111999999913e+00
7.401474647999999945e+01 6.172024810048781090e-02 1.338776694999999961e+00
7.398114332000000104e+01 6.643372868828115174e-02 1.345950495999999941e+00
7.393453085999999530e+01 7.649011280490113085e-02 1.356280863000000059e+00
7.388498103000000583e+01 1.013416155142397440e-01 1.367931634000000063e+00
7.384093291000000647e+01 1.410810394577881877e-01 1.379153910000000094e+00
7.380731167999999798e+01 1.849878898275993111e-01 1.388574270000000110e+00
7.378557580000000371e+01 2.213811000826112207e-01 1.395274780000000048e+00
7.377513405999999918e+01 2.417551876872204297e-01 1.398736557999999963e+00
7.407217620000000124e+01 7.291449536936839282e-02 1.353415237000000104e+00
7.405355591999999376e+01 8.370393452682822755e-02 1.355431030999999953e+00
7.400145584000000554e+01 1.045538187781364509e-01 1.361096300999999897e+00
7.392602445999999361e+01 1.234194447891803631e-01 1.369393729000000004e+00
7.384063756999999839e+01 1.408380525770030756e-01 1.378969456999999954e+00
7.375840671000000270e+01 1.623472230100897196e-01 1.388438663000000073e+00
7.368967415000000187e+01 1.885264211418480884e-01 1.396597784999999980e+00
7.364110372000000382e+01 2.129692779342842734e-01 1.402531691000000080e+00
7.361614819000000409e+01 2.276529283928315772e-01 1.405643627999999978e+00
7.412135981000000129e+01 7.076279909056494566e-02 1.366885284000000089e+00
7.409678821999999343e+01 9.556046483583596762e-02 1.368546231000000057e+00
7.402742503000000340e+01 1.372628852549039602e-01 1.373242528000000018e+00
7.392524108000000638e+01 1.688139020378854327e-01 1.380198859999999916e+00
7.380676248999999700e+01 1.846170422341083805e-01 1.388349250000000090e+00
7.368941698000000429e+01 1.883088607504379286e-01 1.396547170999999921e+00
7.358847848000000624e+01 1.868987885878645450e-01 1.403729020000000105e+00
7.351533037000000093e+01 1.856434945086374300e-01 1.409025127000000044e+00
7.347709247999999604e+01 1.855696118120351013e-01 1.411828249000000035e+00
7.416323680000000707e+01 5.135069168545328133e-02 1.375892966000000106e+00
7.413406972999999311e+01 9.722297774023309913e-02 1.377365836999999926e+00
7.405140588000000434e+01 1.601034827951225425e-01 1.381541530000000018e+00
7.392866979999999444e+01 2.037990444836212389e-01 1.387756892999999936e+00
7.378484201000000553e+01 2.209542822496325942e-01 1.395084795999999905e+00
7.364065755000000024e+01 2.126121704342678609e-01 1.402504726999999951e+00
7.351513957999999604e+01 1.854330957808299207e-01 1.409045034999999890e+00
7.342325101000000132e+01 1.504927487622547133e-01 1.413891522999999983e+00
7.337489166000000296e+01 1.239716294380516781e-01 1.416464560000000095e+00
7.418729338999999356e+01 1.875021305377585004e-02 1.380352025999999954e+00
7.415562583000000529e+01 9.458183898789830624e-02 1.381748871000000101e+00
7.406573844000000406e+01 1.715521096347131513e-01 1.385711563000000091e+00
7.393185762000000238e+01 2.226547098971667360e-01 1.391616162999999906e+00
7.377430345000000500e+01 2.413088098935273762e-01 1.398585595999999986e+00
7.361560219000000416e+01 2.272322100448637694e-01 1.405648758000000109e+00
7.347680024999999659e+01 1.852331164565587662e-01 1.411877349000000059e+00
7.337478973000000337e+01 1.237735414261471739e-01 1.416493044999999951e+00
7.332096762999999839e+01 5.774728637610345577e-02 1.418943163000000007e+00
7.396845956999999316e+01 5.335166301588526415e-03 1.286207625999999937e+00
7.396912263000000110e+01 3.753530431553372612e-03 1.290815967999999980e+00
7.397377333999999394e+01 1.383539874224253008e-02 1.303545618000000017e+00
7.398794352000000174e+01 3.600918191557789944e-02 1.321114195000000047e+00
7.401537824000000398e+01 6.226314603685540600e-02 1.339759364000000064e+00
7.405447273999999425e+01 8.421582456404617945e-02 1.356490653999999907e+00
7.409795827000000656e+01 9.599122247068785085e-02 1.369567420999999952e+00
7.413543683000000328e+01 9.753687746652114909e-02 1.378321759000000091e+00
7.415711711999999523e+01 9.477102491174996257e-02 1.382691655999999991e+00
7.415715084999999362e+01 9.470616524352654109e-02 1.382772144000000036e+00
7.413553428000000167e+01 9.737325643901534322e-02 1.378556662999999904e+00
7.409810830000000692e+01 9.578720493474945918e-02 1.369936282000000061e+00
7.405465725999999904e+01 8.401936321834925503e-02 1.356957229000000043e+00
7.401557350999999585e+01 6.210650733474464696e-02 1.340270179000000006e+00
7.398812268000000358e+01 3.591446710738332992e-02 1.321600145999999976e+00
7.397391038000000663e+01 1.383118054463063247e-02 1.303929751000000081e+00
7.396919687000000465e+01 3.901578386327577298e-03 1.291028985000000073e+00
7.396907921999999758e+01 3.664101536578680696e-03 1.290761119999999984e+00
7.396889509999999746e+01 2.017487303448339201e-04 1.295143758999999894e+00
7.397097021000000439e+01 1.323878080684633488e-02 1.307281479000000024e+00
7.398090385999999796e+01 3.695113570821727950e-02 1.324100234000000098e+00
7.400279792000000612e+01 6.673368803738632948e-02 1.342044776000000050e+00
7.403576178999999513e+01 9.502313038549783930e-02 1.358246196999999933e+00
7.407346891999999627e+01 1.157594582391839044e-01 1.370988333999999975e+00
7.410646552999999415e+01 1.271940718792337610e-01 1.379566346999999915e+00
7.412570042000000115e+01 1.314845312223758000e-01 1.383865373999999981e+00
7.412572663000000261e+01 1.314499003811164801e-01 1.383945575000000039e+00
7.410654116000000613e+01 1.271012684132509230e-01 1.379800222999999937e+00
7.407358512999999789e+01 1.156344214136163367e-01 1.371355008999999958e+00
7.403590434000000187e+01 9.489371138086853674e-02 1.358709012999999910e+00
7.400294829000000618e+01 6.662160405906868144e-02 1.342550203999999914e+00
7.398104141000000311e+01 3.686904509445041583e-02 1.324579823999999961e+00
7.397107513999999640e+01 1.319073371222041248e-02 1.307659730999999992e+00
7.396895186000000422e+01 2.930898741283791218e-04 1.295353189000000071e+00
7.397356702999999811e+01 1.351874464038343993e-02 1.303187957000000008e+00
7.397080793000000654e+01 1.294631036643625020e-02 1.306979990000000091e+00
7.396515508000000239e+01 1.807562352611098364e-02 1.317562448999999969e+00
7.396253149999999721e+01 4.119329041173808853e-02 1.332394939999999917e+00
7.396817020999999670e+01 7.714485566467520206e-02 1.348462862000000095e+00
7.398327444999999614e+01 1.171124866889614174e-01 1.363226170999999987e+00
7.400422034000000338e+01 1.530429522044989277e-01 1.375046403000000028e+00
7.402424951000000419e+01 1.792567640514436955e-01 1.383130638999999995e+00
7.403642383000000393e+01 1.928488568726354213e-01 1.387228142000000108e+00
7.403644298999999762e+01 1.928327046755644592e-01 1.387307500999999998e+00
7.402430465999999853e+01 1.792116032581664853e-01 1.383361596000000082e+00
7.400430457999999589e+01 1.529771255341804137e-01 1.375407115000000013e+00
7.398337693000000570e+01 1.170352592028766348e-01 1.363679069000000021e+00
7.396827729999999690e+01 7.706042413081193310e-02 1.348954444000000086e+00
7.396262851999999555e+01 4.109199218484548000e-02 1.332858510000000107e+00
7.396522849000000122e+01 1.793044204483700346e-02 1.317926095000000020e+00
7.397084741000000463e+01 1.283947513140696467e-02 1.307180586999999949e+00
7.398749290000000656e+01 3.561275374737939842e-02 1.320398535999999901e+00
7.398049788000000149e+01 3.657069265555234344e-02 1.323439510000000041e+00
7.396228695000000641e+01 4.090909903912706008e-02 1.332027171000000010e+00
7.393958419999999876e+01 5.788030955113729337e-02 1.344272082999999895e+00
7.391960632999999348e+01 9.302090566767763635e-02 1.357842559999999921e+00
7.390685691999999563e+01 1.386758400836334559e-01 1.370641733999999889e+00
7.390182830000000536e+01 1.839262716335766101e-01 1.381164617999999900e+00
7.390183242000000519e+01 2.194402007298647816e-01 1.388530781999999908e+00
7.390312344000000166e+01 2.387883394325782949e-01 1.392326262999999953e+00
7.390313688999999897e+01 2.387780480430866659e-01 1.392404436999999939e+00
7.390187088000000415e+01 2.194105213133845378e-01 1.388757621999999969e+00
7.390188639999999509e+01 1.838796955098970232e-01 1.381516932000000031e+00
7.390692653000000689e+01 1.386129786958324173e-01 1.371080746000000072e+00
7.391967777000000694e+01 9.293593708844553880e-02 1.358314942000000025e+00
7.393964775000000600e+01 5.776209891209600766e-02 1.344713687000000046e+00
7.396233426000000577e+01 4.077695961034055044e-02 1.332371004000000081e+00
7.398052303999999424e+01 3.648586452731188839e-02 1.323628215000000052e+00
7.401464839999999867e+01 6.184678928458992725e-02 1.338795713999999970e+00
7.400211276999999654e+01 6.632736244679932058e-02 1.341130691999999902e+00
7.396764382000000637e+01 7.676283933751930355e-02 1.347821104999999964e+00
7.391932187999999826e+01 9.278247742521678054e-02 1.357551967000000026e+00
7.386710822999999948e+01 1.199287869251263877e-01 1.368622059000000002e+00
7.381966785999999558e+01 1.587637270195701167e-01 1.379379278000000042e+00
7.378249983000000611e+01 2.012232794921052503e-01 1.388491882000000066e+00
7.375781686000000548e+01 2.366974480611596932e-01 1.395038122000000103e+00
7.374571572000000685e+01 2.566951919800287141e-01 1.398473210999999994e+00
7.374572553999999514e+01 2.566846088622015132e-01 1.398550095999999909e+00
7.375784471999999425e+01 2.366662444741707005e-01 1.395260449000000014e+00
7.378254124000000047e+01 2.011722657712121942e-01 1.388834947999999958e+00
7.381971634999999310e+01 1.586922320618006088e-01 1.379803037000000066e+00
7.386715666000000624e+01 1.198352100038189011e-01 1.369073532999999898e+00
7.391936375000000226e+01 9.267258379140673463e-02 1.357969927000000077e+00
7.396767420999999842e+01 7.665809712633356310e-02 1.348143855000000002e+00
7.400212865000000306e+01 6.625930394423749925e-02 1.341306850000000050e+00
7.405347025000000372e+01 8.383318786027263436e-02 1.355442175000000082e+00
7.403480342999999664e+01 9.464422691534642162e-02 1.357239341000000099e+00
7.398247044999999389e+01 1.167173385217589870e-01 1.362463924999999909e+00
7.390628956000000471e+01 1.383257450431925051e-01 1.370201903999999971e+00
7.381938162000000148e+01 1.585573712525016610e-01 1.379214555999999980e+00
7.373490438000000324e+01 1.813272488900516677e-01 1.388208109000000023e+00
7.366360625000000084e+01 2.071043312642317225e-01 1.396029380000000097e+00
7.361278837000000408e+01 2.305793642254479747e-01 1.401775597999999956e+00
7.358653255000000115e+01 2.446123984355735304e-01 1.404839305000000094e+00
7.358654147000000023e+01 2.445983300959538309e-01 1.404914986000000088e+00
7.361281348999999352e+01 2.305382438597739503e-01 1.401993687000000044e+00
7.366364305999999829e+01 2.070392449743126140e-01 1.396363728000000082e+00
7.373494664000000398e+01 1.812433296360305979e-01 1.388617540999999900e+00
7.381942282999999350e+01 1.584623063299943624e-01 1.379646576000000069e+00
7.390632429999999431e+01 1.382292099776821215e-01 1.370598133000000107e+00
7.398249509000000046e+01 1.166307486370898733e-01 1.362767523000000036e+00
7.403481609000000674e+01 9.458636346336560252e-02 1.357404194999999980e+00
7.409672102999999765e+01 9.568163996764779411e-02 1.368550949000000072e+00
7.407227487999999482e+01 1.154429038668468022e-01 1.370005587999999941e+00
7.400317565999999658e+01 1.526753878823522703e-01 1.374281445000000046e+00
7.390101364000000217e+01 1.835402578960117770e-01 1.380691415000000033e+00
7.378196078000000568e+01 2.008931583964871925e-01 1.388272009000000029e+00
7.366335067999999353e+01 2.069121168068344951e-01 1.395965112000000063e+00
7.356071488000000613e+01 2.074218772794348409e-01 1.402766068000000033e+00
7.348595525999999722e+01 2.071321909467756517e-01 1.407832752000000021e+00
7.344674931999999501e+01 2.073122576178484111e-01 1.410562008000000089e+00
7.344676038000000062e+01 2.072938047959974328e-01 1.410636691999999970e+00
7.348598635000000456e+01 2.070805822213355463e-01 1.408047320000000102e+00
7.356076031000000626e+01 2.073467681168109367e-01 1.403093184999999909e+00
7.366340264999999476e+01 2.068247786853569248e-01 1.396362746000000099e+00
7.378201131999999518e+01 2.008024411806875464e-01 1.388688184999999908e+00
7.390105617000000393e+01 1.834521481212205984e-01 1.381070164000000045e+00
7.400320582999999885e+01 1.525961103933829999e-01 1.374569809999999892e+00
7.407229039000000625e+01 1.153868480676428360e-01 1.370161520999999993e+00
7.413402433000000258e+01 9.732235781109910278e-02 1.377366013999999916e+00
7.410509537999999452e+01 1.269530062585355334e-01 1.378638427000000055e+00
7.402302446999999574e+01 1.789304238290311544e-01 1.382400571000000022e+00
7.390083153000000493e+01 2.190535392017702865e-01 1.388068575999999998e+00
7.375708613000000469e+01 2.363084290069893956e-01 1.394810440000000096e+00
7.361233753000000490e+01 2.302576161046459569e-01 1.401693236000000065e+00
7.348575855999999362e+01 2.069472174141071819e-01 1.407811270999999920e+00
7.339273486999999818e+01 1.771765015387803677e-01 1.412390014999999943e+00
7.334366000999999358e+01 1.555303217936558069e-01 1.414866071999999919e+00
7.334367611000000409e+01 1.555097205792049520e-01 1.414940022999999991e+00
7.339278018000000259e+01 1.771238943510808073e-01 1.412602018999999931e+00
7.348582496000000219e+01 2.068766748865742411e-01 1.408133185000000065e+00
7.361241388999999913e+01 2.301774124763373286e-01 1.402082497999999955e+00
7.375716094999999939e+01 2.362229757567598509e-01 1.395215531999999925e+00
7.390089509000000589e+01 2.189665580684836410e-01 1.388435255999999951e+00
7.402306998999999621e+01 1.788475447210603475e-01 1.382678529999999961e+00
7.410511895999999865e+01 1.268892524870580407e-01 1.378788308999999934e+00
7.415560268999999494e+01 9.464532491114173440e-02 1.381746627999999921e+00
7.412422793999999726e+01 1.313067303083133297e-01 1.382945201999999929e+00
7.403509420000000318e+01 1.925574191268414614e-01 1.386495733999999924e+00
7.390201475000000642e+01 2.384123645894288546e-01 1.391849388000000021e+00
7.374487410000000409e+01 2.562869732729297079e-01 1.398220800999999902e+00
7.358596864999999809e+01 2.442308553480677380e-01 1.404726316000000086e+00
7.344643856000000426e+01 2.070166340561437612e-01 1.410507540000000004e+00
7.334354575999999781e+01 1.553742883050727441e-01 1.414832620000000096e+00
7.328914344000000369e+01 1.105885049042427126e-01 1.417172048999999934e+00
7.328916680000000383e+01 1.105748047949352553e-01 1.417245560000000015e+00
7.334361164999999971e+01 1.553407428399492529e-01 1.415043129999999927e+00
7.344653544999999895e+01 2.069666676606891076e-01 1.410826544999999932e+00
7.358608069000000285e+01 2.441642417263996667e-01 1.405111049999999917e+00
7.374498463999999842e+01 2.562051740538215938e-01 1.398620049000000032e+00
7.390210942000000216e+01 2.383196740567008476e-01 1.392209821000000014e+00
7.403516251000000636e+01 1.924617138630858315e-01 1.386768377000000108e+00
7.412426352999999324e+01 1.312271867247973289e-01 1.383092015999999980e+00
7.397570767999999930e+01 1.777471120955845946e-02 1.299797893999999898e+00
7.397360163999999827e+01 1.346951659106269267e-02 1.303666235999999978e+00
7.397005919000000063e+01 5.172631200153546098e-03 1.314611705999999991e+00
7.397102918000000216e+01 3.064866128577261803e-02 1.329948858000000067e+00
7.398151509000000203e+01 6.699470722452702254e-02 1.346509838000000014e+00
7.400212621999999385e+01 1.050945725771706973e-01 1.361660101000000012e+00
7.402837483999999790e+01 1.377367424274071050e-01 1.373740058999999958e+00
7.405258718000000329e+01 1.604862755336432800e-01 1.381984907000000096e+00
7.406708165999999949e+01 1.718455452648824378e-01 1.386185307999999949e+00
7.406714519000000507e+01 1.717938934185535560e-01 1.386335313000000014e+00
7.405277049999999406e+01 1.603438297024275538e-01 1.382421821000000106e+00
7.402865640000000269e+01 1.375360353831286131e-01 1.374423493000000107e+00
7.400247133999999960e+01 1.048762009668650769e-01 1.362519975999999966e+00
7.398187887000000273e+01 6.679363366983170902e-02 1.347445344000000045e+00
7.397136165999999946e+01 3.047896103540413335e-02 1.330833085999999943e+00
7.397031268000000637e+01 4.962402264756550323e-03 1.315306689000000029e+00
7.397373867999999675e+01 1.346624202252493657e-02 1.304050109000000068e+00
7.397358178999999723e+01 1.354946937406743823e-02 1.303724142999999946e+00
7.397078338999999403e+01 1.293434221924804652e-02 1.307396219999999998e+00
7.396509865000000161e+01 1.804337438312996963e-02 1.317820977000000005e+00
7.396245487999999568e+01 4.118444071337355045e-02 1.332489086999999905e+00
7.396808735999999840e+01 7.715320273358833303e-02 1.348413226999999992e+00
7.398319935000000669e+01 1.171270010728506089e-01 1.363071133000000046e+00
7.400416525999999351e+01 1.530528506550283829e-01 1.374832303999999894e+00
7.402422377999999981e+01 1.792525522863842036e-01 1.382904566999999973e+00
7.403643320000000472e+01 1.928241683882950253e-01 1.387033801000000066e+00
7.403648927000000413e+01 1.927860455374809379e-01 1.387183333000000074e+00
7.402438542999999527e+01 1.791470873662066587e-01 1.383339794000000067e+00
7.400441318999999396e+01 1.529036975076574212e-01 1.375512179000000001e+00
7.398350268999999457e+01 1.169647330590816714e-01 1.363924943000000001e+00
7.396840645000000336e+01 7.700555906134222417e-02 1.349340132000000025e+00
7.396274594000000491e+01 4.106742041363849877e-02 1.333363266000000102e+00
7.396532018999999991e+01 1.796070623112152112e-02 1.318506747000000034e+00
7.397090301999999440e+01 1.290039393740935458e-02 1.307774505999999892e+00
7.396990443999999343e+01 5.306701296242189239e-03 1.314506734999999926e+00
7.396496505000000354e+01 1.804755972794054586e-02 1.317661650000000018e+00
7.395276823000000377e+01 3.634127119784375665e-02 1.326708393000000097e+00
7.393932377999999517e+01 6.253149651237573103e-02 1.339590781000000064e+00
7.393065547999999865e+01 9.980238434983387807e-02 1.353794742999999912e+00
7.392972269999999924e+01 1.436725666892625375e-01 1.367102805999999893e+00
7.393536786999999322e+01 1.858722019125196578e-01 1.377974379000000082e+00
7.394342197999999655e+01 2.185623499505293665e-01 1.385555282000000110e+00
7.394904449999999940e+01 2.362487382694560822e-01 1.389478055000000101e+00
7.394909325999999794e+01 2.362254035199827240e-01 1.389626242999999928e+00
7.394356225999999310e+01 2.184973871154643199e-01 1.385985793999999993e+00
7.393558210999999858e+01 1.857788521645450663e-01 1.378644505000000020e+00
7.392998330999999723e+01 1.435669702121001312e-01 1.367940297000000083e+00
7.393092783000000168e+01 9.969594111365391587e-02 1.354698850999999982e+00
7.393957057999999449e+01 6.242361048821314790e-02 1.340438652000000008e+00
7.395295505999999364e+01 3.622116411712651002e-02 1.327370270000000074e+00
7.396506556999999304e+01 1.791465593945999052e-02 1.318025529999999890e+00
7.397065727000000379e+01 3.044127713835843158e-02 1.329615806999999927e+00
7.396210600000000568e+01 4.102752321870999780e-02 1.332104581000000065e+00
7.393910848999999530e+01 6.241911320510235700e-02 1.339359822000000033e+00
7.390815279999999632e+01 9.026398066637478235e-02 1.349881842999999915e+00
7.387677342000000635e+01 1.273882528642742151e-01 1.361758478999999911e+00
7.385073977000000411e+01 1.722274401152350809e-01 1.373185845999999932e+00
7.383264144999999701e+01 2.174197561465950890e-01 1.382773730000000034e+00
7.382218975000000682e+01 2.538558930519622114e-01 1.389617287999999951e+00
7.381768576999999709e+01 2.740897964294116695e-01 1.393219066999999978e+00
7.381772823000000017e+01 2.740748162026248047e-01 1.393365358999999915e+00
7.382231147000000249e+01 2.538134759400474949e-01 1.390041110999999940e+00
7.383282604000000049e+01 2.173557560525736232e-01 1.383429991999999942e+00
7.385096221000000583e+01 1.721464281385244044e-01 1.374000196999999979e+00
7.387700336999999706e+01 1.272883823938193992e-01 1.362630484000000086e+00
7.390835898000000270e+01 9.013786189674044547e-02 1.350692999999999921e+00
7.393926315000000216e+01 6.226890772302007965e-02 1.339988648000000060e+00
7.396218871000000661e+01 4.089243783070569543e-02 1.332448662000000006e+00
7.398088574000000506e+01 6.670695760315861755e-02 1.346022784999999944e+00
7.396748277000000371e+01 7.690063315927757326e-02 1.347874524000000074e+00
7.393018338000000256e+01 9.957703477267559888e-02 1.353393778999999908e+00
7.387651492999999903e+01 1.272456758105223740e-01 1.361574446999999966e+00
7.381626613999999620e+01 1.601725700792573370e-01 1.371063930000000042e+00
7.375881941999999469e+01 1.988739012267572992e-01 1.380477767999999994e+00
7.371131278000000009e+01 2.389419690145734021e-01 1.388618998000000104e+00
7.367807876999999905e+01 2.723514638047873082e-01 1.394583871999999891e+00
7.366114704999999674e+01 2.913339003351628764e-01 1.397784195999999923e+00
7.366118505000000027e+01 2.913218929550265845e-01 1.397928410000000010e+00
7.367818715999999313e+01 2.723162606465875379e-01 1.395000302999999997e+00
7.371147573999999736e+01 2.388845676723866940e-01 1.389259843000000050e+00
7.375901349000000096e+01 1.987924227303636548e-01 1.381266413000000082e+00
7.381646408000000292e+01 1.600618889040001103e-01 1.371900528999999924e+00
7.387669003999999973e+01 1.271049314882208847e-01 1.362345528000000083e+00
7.393031324999999754e+01 9.942324007383687712e-02 1.353986896000000106e+00
7.396755168999999341e+01 7.678346364448805639e-02 1.348197373999999948e+00
7.400123797000000536e+01 1.047903482990465429e-01 1.361138109999999957e+00
7.398233706999999981e+01 1.168426931827219462e-01 1.362494737000000011e+00
7.392899049000000389e+01 1.433848670549400517e-01 1.366642012000000017e+00
7.385021745999999609e+01 1.719744610796525297e-01 1.372917211999999942e+00
7.375855310000000031e+01 1.987228290434184808e-01 1.380379385999999986e+00
7.366736287999999888e+01 2.246212116882107535e-01 1.387986504999999982e+00
7.358855576999999926e+01 2.498667901476231967e-01 1.394742611999999937e+00
7.353121260000000348e+01 2.712481758865532000e-01 1.399807181999999983e+00
7.350117009999999595e+01 2.837313175773047980e-01 1.402572850999999954e+00
7.350120617999999695e+01 2.837190525483438974e-01 1.402715120999999954e+00
7.353131507000000511e+01 2.712111276633226709e-01 1.400216640000000012e+00
7.358870847999999398e+01 2.498036191010927221e-01 1.395368828999999922e+00
7.366754260000000443e+01 2.245293232422287677e-01 1.388750809000000030e+00
7.375873396999999443e+01 1.986014000814131097e-01 1.381182729999999914e+00
7.385037538000000268e+01 1.718303678350170671e-01 1.373651060999999896e+00
7.392910630000000083e+01 1.432391658673131396e-01 1.367202306000000034e+00
7.398239805999999419e+01 1.167394735438250092e-01 1.362798221000000032e+00
7.402725657999999953e+01 1.374542874781451429e-01 1.373259242999999907e+00
7.400307363000000294e+01 1.527775132632348543e-01 1.374293605999999945e+00
7.393440320999999926e+01 1.855660446164204558e-01 1.377529637999999945e+00
7.383188187999999741e+01 2.171046934791478755e-01 1.382494630999999918e+00
7.371080498999999975e+01 2.386755513953729146e-01 1.388490701999999910e+00
7.358831214999999304e+01 2.497125811202406676e-01 1.394704402999999981e+00
7.348067276000000447e+01 2.537608396264396937e-01 1.400311120000000020e+00
7.340122689000000378e+01 2.548144047170601278e-01 1.404572971999999975e+00
7.335919787000000269e+01 2.550757564933131549e-01 1.406929399000000025e+00
7.335923506999999688e+01 2.550625286120939417e-01 1.407070073999999948e+00
7.340133217000000343e+01 2.547739502153151259e-01 1.404976666000000041e+00
7.348082859999999528e+01 2.536914536711086243e-01 1.400925215000000001e+00
7.358849390999999684e+01 2.496135873689978024e-01 1.395448618000000085e+00
7.371098607999999786e+01 2.385501576291897408e-01 1.389266840999999975e+00
7.383203847000000053e+01 2.169627872438773530e-01 1.383198346999999995e+00
7.393451713999999697e+01 1.854279551006725590e-01 1.378063634000000093e+00
7.400313330999999550e+01 1.526820465690156559e-01 1.374581682999999943e+00
7.405128953999999908e+01 1.602447874785877524e-01 1.381540540000000039e+00
7.402295309000000145e+01 1.790069769219132800e-01 1.382399589000000040e+00
7.394227553999999714e+01 2.182635430040852920e-01 1.385128283000000016e+00
7.382124410000000125e+01 2.535159265938028428e-01 1.389335433000000064e+00
7.367738076999999919e+01 2.720166431514966510e-01 1.394436146999999959e+00
7.353077607000000171e+01 2.709775072184433253e-01 1.399740243000000106e+00
7.340103295000000116e+01 2.546640809071026301e-01 1.404541153999999903e+00
7.330470151999999473e+01 2.324689236834071027e-01 1.408202426999999979e+00
7.325353585999999950e+01 2.165394459419240913e-01 1.410238257000000051e+00
7.325357726000000014e+01 2.165279787633307695e-01 1.410377795000000045e+00
7.330481842000000370e+01 2.324323834894142238e-01 1.408602018000000067e+00
7.340120532999999625e+01 2.545983454488059960e-01 1.405146651999999996e+00
7.353097615000000076e+01 2.708808326954220691e-01 1.400470314999999966e+00
7.367757908999999472e+01 2.718927709347933042e-01 1.395193318000000016e+00
7.382141479000000572e+01 2.533756309081839353e-01 1.390018353000000095e+00
7.394239926999999568e+01 2.181271943408033265e-01 1.385644287000000086e+00
7.402301776000000189e+01 1.789124434212889247e-01 1.382677187999999946e+00
7.406567006000000220e+01 1.716473738891998169e-01 1.385701301999999968e+00
7.403504877000000306e+01 1.926128682983333229e-01 1.386487913000000072e+00
7.394778300999999487e+01 2.359677153353527124e-01 1.389002332000000006e+00
7.381662292999999408e+01 2.737477003866465308e-01 1.392878250999999956e+00
7.366032982000000118e+01 2.909714912794999497e-01 1.397568912999999968e+00
7.350061300999999503e+01 2.834013305744383926e-01 1.402433276000000006e+00
7.335888294999999459e+01 2.548324545801229357e-01 1.406822977999999891e+00
7.325341498999999601e+01 2.164239603009214252e-01 1.410163346000000040e+00
7.319731452000000615e+01 1.870955734473273568e-01 1.412022510999999980e+00
7.319736267999999768e+01 1.870922306778442235e-01 1.412161417999999946e+00
7.325355088000000592e+01 2.164051681446184094e-01 1.410560701000000083e+00
7.335908315000000357e+01 2.547839236209382685e-01 1.407423886999999985e+00
7.350084513999999558e+01 2.833158646871603570e-01 1.403155930999999912e+00
7.366055971999999485e+01 2.908517053293513954e-01 1.398316279999999967e+00
7.381682071000000178e+01 2.736056090800080276e-01 1.393550542999999919e+00
7.394792637000000468e+01 2.358260076018643125e-01 1.389509220000000100e+00
7.403512372000000141e+01 1.925129490458787895e-01 1.386760231000000010e+00
7.399411766999999429e+01 3.804708381161509695e-02 1.318410671000000089e+00
7.398752776000000608e+01 3.558023191680840386e-02 1.321400952999999934e+00
7.397078353000000561e+01 3.023816090968844614e-02 1.330117196000000002e+00
7.395075461999999789e+01 4.055052733553703853e-02 1.342589373000000030e+00
7.393460048000000029e+01 7.682721323928781709e-02 1.356394609999999945e+00
7.392640552999999670e+01 1.238448075104131435e-01 1.369379815999999916e+00
7.392592467000000056e+01 1.692443286608414088e-01 1.380032045000000096e+00
7.392961400000000083e+01 2.041965671189128473e-01 1.387496652000000052e+00
7.393299414000000525e+01 2.230088250864975530e-01 1.391393097999999995e+00
7.393307982000000322e+01 2.229799996187944722e-01 1.391592362999999999e+00
7.392986073999999519e+01 2.041170160660069344e-01 1.388075261000000005e+00
7.392630217999999331e+01 1.691319068987537366e-01 1.380931812999999897e+00
7.392686584000000494e+01 1.237195876931934113e-01 1.370502737000000026e+00
7.393508278000000189e+01 7.669636396533857647e-02 1.357604825999999987e+00
7.395119282999999655e+01 4.038892460781191851e-02 1.343722346000000067e+00
7.397111599000000126e+01 3.006762228447396740e-02 1.331000286999999949e+00
7.398770688999999834e+01 3.548554898405189423e-02 1.321885943999999924e+00
7.398752734999999348e+01 3.564652064228417128e-02 1.321547256999999975e+00
7.398046535999999662e+01 3.659443653835426497e-02 1.324373921000000065e+00
7.396220083999999417e+01 4.090203037993839913e-02 1.332650064000000079e+00
7.393946488000000272e+01 5.784795314167115454e-02 1.344544576999999963e+00
7.391947781999999734e+01 9.298601091648070471e-02 1.357783348999999973e+00
7.390674337999999466e+01 1.386438372437792388e-01 1.370313896000000087e+00
7.390175098000000276e+01 1.838926070902034138e-01 1.380658308999999972e+00
7.390180757000000256e+01 2.193988178050194082e-01 1.387947741999999929e+00
7.390316090999999687e+01 2.387353590938928738e-01 1.391768585999999974e+00
7.390323933999999895e+01 2.387135516556846415e-01 1.391967396000000079e+00
7.390203327999999772e+01 2.193391063564010812e-01 1.388524655999999968e+00
7.390209599000000651e+01 1.838097954709029813e-01 1.381554350999999903e+00
7.390716355000000704e+01 1.385550057229857079e-01 1.371430316000000094e+00
7.391991749000000311e+01 9.289980749488092882e-02 1.358984262000000109e+00
7.393986388000000431e+01 5.775445227246059354e-02 1.345666677000000089e+00
7.396250324999999748e+01 4.079380936142039393e-02 1.333523220000000009e+00
7.398062821000000611e+01 3.651432208923665462e-02 1.324852906000000052e+00
7.397067715000000021e+01 3.047499633555938309e-02 1.330242157000000036e+00
7.396209643000000256e+01 4.102952904946897267e-02 1.332632912000000003e+00
7.393907595999999671e+01 6.239973176722152931e-02 1.339731216999999974e+00
7.390810677999999712e+01 9.023391362665771076e-02 1.350065513999999967e+00
7.387672473000000650e+01 1.273552661485665149e-01 1.361754018999999927e+00
7.385069903000000124e+01 1.721953006360376626e-01 1.373018945000000102e+00
7.383261776999999881e+01 2.173891139020499852e-01 1.382488546000000040e+00
7.382218994999999495e+01 2.538264594742651314e-01 1.389268380999999941e+00
7.381771380000000704e+01 2.740616784998670674e-01 1.392864623999999996e+00
7.381778490000000659e+01 2.740490604215823911e-01 1.393062156000000051e+00
7.382239423000000045e+01 2.537921901224446941e-01 1.389840602999999897e+00
7.383292894999999589e+01 2.173419234096311548e-01 1.383374416000000107e+00
7.385107628000000091e+01 1.721433648293523300e-01 1.374117830000000096e+00
7.387711751999999876e+01 1.272986530109127823e-01 1.362930106000000086e+00
7.390846152999999674e+01 9.016156068122702094e-02 1.351158859000000101e+00
7.393934376999999358e+01 6.230308018932190217e-02 1.340578279000000039e+00
7.396224028000000317e+01 4.093369554516684827e-02 1.333096193999999901e+00
7.395046347000000253e+01 4.069184154145050192e-02 1.342641460000000064e+00
7.393917817000000525e+01 5.792624578644528510e-02 1.344458896999999986e+00
7.390792494999999462e+01 9.022887967680630339e-02 1.349992504999999898e+00
7.386322649999999612e+01 1.259496201639343504e-01 1.358216330000000083e+00
7.381346444000000417e+01 1.655782971993031150e-01 1.367752716000000035e+00
7.376650510000000338e+01 2.093369141125350774e-01 1.377201050000000038e+00
7.372811448000000212e+01 2.528037269868255721e-01 1.385363617999999963e+00
7.370155499000000532e+01 2.882619890543949293e-01 1.391348027000000043e+00
7.368814781000000380e+01 3.082123040289492244e-01 1.394580232000000031e+00
7.368821235000000058e+01 3.082060912516680906e-01 1.394775945999999989e+00
7.370173984999999561e+01 2.882445786403977084e-01 1.391913535000000035e+00
7.372839449999999317e+01 2.527770176879307051e-01 1.386234889000000026e+00
7.376684204999999395e+01 2.092992168723644408e-01 1.378274824000000010e+00
7.381381235000000629e+01 1.655213875261180023e-01 1.368893466000000059e+00
7.386353818000000615e+01 1.258630220208991068e-01 1.359269068999999996e+00
7.390815868999999338e+01 9.011294868228404698e-02 1.350803006999999889e+00
7.393930317000000230e+01 5.781242300037603421e-02 1.344900302999999964e+00
7.393408182999999667e+01 7.675305747918559351e-02 1.356428382000000044e+00
7.391896622999999522e+01 9.291914117189252476e-02 1.357681224000000020e+00
7.387631792000000530e+01 1.272635695973747816e-01 1.361651219000000079e+00
7.381323845000000006e+01 1.655041665805536133e-01 1.367710305999999987e+00
7.373965509999999313e+01 2.041769839166245881e-01 1.374954718999999992e+00
7.366624493999999856e+01 2.430479262596492718e-01 1.382373156000000103e+00
7.360262819999999806e+01 2.799922698677225208e-01 1.388990597999999910e+00
7.355623584999999309e+01 3.099031382323748640e-01 1.393977967000000096e+00
7.353190675000000454e+01 3.268091817859900550e-01 1.396731640999999913e+00
7.353196631999999511e+01 3.268060212680491405e-01 1.396925339999999904e+00
7.355640585000000442e+01 3.098925702967070817e-01 1.394535956999999993e+00
7.360288386999999943e+01 2.799700205645672124e-01 1.389845419000000026e+00
7.366654968999999653e+01 2.430052259603765752e-01 1.383418676000000014e+00
7.373996644000000344e+01 2.041029929837850365e-01 1.376055983999999954e+00
7.381351453999999990e+01 1.653941630064306445e-01 1.368718105999999990e+00
7.387652319999999406e+01 1.271300289897835389e-01 1.362421636999999963e+00
7.391907539000000327e+01 9.280753581402802210e-02 1.358098808999999907e+00
7.392565127999999675e+01 1.236559038023925805e-01 1.369478050999999974e+00
7.390599842999999680e+01 1.384720072465562002e-01 1.370275764000000063e+00
7.385005780000000186e+01 1.720128760725118944e-01 1.372961000000000098e+00
7.376604220999999484e+01 2.091677501289644914e-01 1.377180899999999930e+00
7.366600621999999987e+01 2.429415310781957160e-01 1.382382492999999934e+00
7.356385545000000548e+01 2.718459456588969148e-01 1.387879740999999889e+00
7.347326400000000035e+01 2.958889743122392613e-01 1.392932730000000063e+00
7.340588184000000638e+01 3.140530919882086880e-01 1.396841820999999983e+00
7.337005885000000660e+01 3.240846970331006660e-01 1.399051448000000031e+00
7.337011585999999852e+01 3.240824020230455571e-01 1.399243234999999919e+00
7.340604385999999693e+01 3.140428169260341407e-01 1.397392616000000087e+00
7.347350588000000471e+01 2.958613455095381317e-01 1.393771724999999906e+00
7.356414094000000148e+01 2.717889817377199257e-01 1.388898149000000082e+00
7.366629471999999623e+01 2.428472466214828540e-01 1.383446175000000000e+00
7.376629534999999294e+01 2.090396768429787777e-01 1.378146365000000095e+00
7.385024439000000029e+01 1.718727935727873135e-01 1.373694028000000067e+00
7.390609707000000128e+01 1.383686266062336134e-01 1.370671286000000100e+00
7.392495474999999772e+01 1.690052884404214251e-01 1.380230191000000106e+00
7.390079203000000518e+01 1.836667186203082003e-01 1.380718724999999925e+00
7.383176088000000448e+01 2.171458233253120707e-01 1.382510429999999957e+00
7.372743255999999690e+01 2.525559621948722522e-01 1.385399100000000105e+00
7.360216732000000661e+01 2.797822961302986466e-01 1.389037246000000003e+00
7.347304022999999518e+01 2.957660655573582931e-01 1.392962035000000043e+00
7.335745359999999948e+01 3.021727723498351947e-01 1.396640193000000085e+00
7.327079643000000431e+01 3.029887765567989555e-01 1.399538409000000039e+00
7.322447431999999878e+01 3.022166524716308200e-01 1.401214060000000039e+00
7.322453174000000331e+01 3.022151146379862263e-01 1.401404262000000012e+00
7.327095907999999724e+01 3.029780761557275270e-01 1.400083192000000087e+00
7.335769487999999683e+01 3.021389178644111606e-01 1.397465927000000052e+00
7.347332265999999379e+01 2.956964763437703314e-01 1.393957820000000014e+00
7.360245012999999403e+01 2.796737520372861163e-01 1.390069833000000088e+00
7.372767854999999315e+01 2.524185556731929903e-01 1.386329893000000091e+00
7.383194090000000642e+01 2.170056242787368472e-01 1.383213122999999989e+00
7.390088674999999796e+01 1.835699784990459105e-01 1.381096462999999996e+00
7.392846923000000459e+01 2.039441336879540823e-01 1.387750389000000029e+00
7.390067485999999519e+01 2.191540512000370033e-01 1.388062636999999988e+00
7.382115777999999295e+01 2.535533177124759119e-01 1.389331097999999987e+00
7.370069479000000001e+01 2.879651114837763481e-01 1.391405781000000008e+00
7.355559370000000285e+01 3.096167875164191341e-01 1.394031215000000046e+00
7.340547483000000284e+01 3.138243845122389297e-01 1.396868704000000072e+00
7.327061252000000025e+01 3.028629518451589342e-01 1.399532905000000049e+00
7.316919239000000630e+01 2.848156283313308390e-01 1.401643734000000086e+00
7.311486390999999685e+01 2.711811722098928512e-01 1.402887975000000065e+00
7.311492490000000544e+01 2.711830926175874401e-01 1.403077047000000022e+00
7.316936474000000601e+01 2.848109267942058875e-01 1.402184228000000088e+00
7.327086712000000546e+01 3.028311353191929234e-01 1.400349196999999934e+00
7.340577124000000708e+01 3.137516273651839160e-01 1.397848474999999979e+00
7.355588876000000198e+01 3.095029888256670136e-01 1.395041975999999906e+00
7.370095003999999506e+01 2.878242133378641210e-01 1.392312455999999976e+00
7.382134374999999693e+01 2.534135227732839946e-01 1.390012854999999936e+00
7.390077243999999723e+01 2.190601819354079383e-01 1.388428167999999907e+00
7.393173032999999350e+01 2.227634657284588149e-01 1.391589804000000097e+00
7.390190984000000185e+01 2.384931952554845691e-01 1.391826038999999904e+00
7.381656266999999616e+01 2.737818633183831118e-01 1.392863339999999894e+00
7.368716738999999905e+01 3.078948951928429101e-01 1.394564799999999938e+00
7.353114315999999917e+01 3.264834950581757544e-01 1.396703647999999909e+00
7.336952979999999513e+01 3.237940222203948837e-01 1.398992130999999972e+00
7.322416839000000266e+01 3.020067740983278792e-01 1.401120345000000045e+00
7.311474221999999656e+01 2.710839383245923773e-01 1.402799421999999963e+00
7.305608583000000067e+01 2.477439094963843624e-01 1.403801470999999967e+00
7.305615312999999844e+01 2.477539454047673340e-01 1.403989935000000022e+00
7.311493222999999375e+01 2.710961456316385854e-01 1.403337631000000085e+00
7.322444860999999605e+01 3.019898913246811256e-01 1.401931669000000102e+00
7.336985531999999921e+01 3.237298437149815356e-01 1.399963569999999935e+00
7.353146649999999340e+01 3.263723182444907556e-01 1.397703163000000082e+00
7.368744655000000421e+01 3.077529360166530448e-01 1.395459154000000090e+00
7.381676575999999557e+01 2.736398758126958874e-01 1.393534472000000024e+00
7.390201629999999966e+01 2.383979372199358793e-01 1.392185401999999961e+00
7.402707381999999825e+01 5.961270592406649194e-02 1.338017985000000021e+00
7.401469063000000403e+01 6.183397338349021222e-02 1.340223079000000039e+00
7.398099369999999908e+01 6.655251508459418541e-02 1.346860444000000046e+00
7.393432158999999615e+01 7.653910008013226074e-02 1.356581070999999916e+00
7.388475354000000550e+01 1.013113587185846681e-01 1.367643653000000015e+00
7.384073039999999821e+01 1.410120662895305022e-01 1.378378048999999939e+00
7.380717355000000168e+01 1.849074850712223994e-01 1.387465055000000058e+00
7.378553286000000355e+01 2.212978295778796900e-01 1.394015679000000008e+00
7.377520509999999376e+01 2.416709743921145181e-01 1.397518237999999968e+00
7.377530208999999672e+01 2.416722080903827008e-01 1.397740055000000092e+00
7.378581144999999708e+01 2.213033284569999315e-01 1.394657339000000107e+00
7.380759772999999768e+01 1.849189100278427755e-01 1.388455741000000021e+00
7.384124429000000589e+01 1.410193618924324988e-01 1.379602411000000028e+00
7.388528807999999515e+01 1.012761557775596205e-01 1.368948470999999945e+00
7.393480384000000072e+01 7.640863415913064227e-02 1.357788980999999895e+00
7.398135741000000110e+01 6.635159273823526549e-02 1.347792936999999913e+00
7.401488584000000515e+01 6.167741579092197307e-02 1.340731877999999933e+00
7.401470310000000552e+01 6.187833539989884279e-02 1.340421687999999945e+00
7.400208806999999922e+01 6.637624743502958113e-02 1.342488641000000094e+00
7.396755674999999997e+01 7.678395482849587061e-02 1.348749347000000043e+00
7.391919744999999864e+01 9.274916015428419369e-02 1.357962434000000052e+00
7.386697565000000054e+01 1.198506352539552289e-01 1.368507772999999927e+00
7.381955650999999818e+01 1.586676899151635567e-01 1.378805590000000025e+00
7.378243564000000276e+01 2.011273282222541814e-01 1.387578398999999907e+00
7.375781945999999323e+01 2.366092804240061132e-01 1.393937787999999900e+00
7.374579654999999434e+01 2.566185527502669039e-01 1.397352887999999904e+00
7.374588661999999317e+01 2.566229591505288510e-01 1.397574424999999954e+00
7.375807810999999958e+01 2.366235201711343050e-01 1.394578268999999926e+00
7.378282923999999809e+01 2.011513139125171712e-01 1.388566194000000031e+00
7.382003306000000009e+01 1.586911074881746098e-01 1.380024590000000106e+00
7.386747105000000602e+01 1.198425923695199402e-01 1.369804699999999986e+00
7.391964418000000592e+01 9.267056654795843840e-02 1.359161022999999968e+00
7.396789355999999316e+01 7.664332236875909254e-02 1.349673297999999910e+00
7.400226881999999762e+01 6.625542845824766713e-02 1.342992277000000012e+00
7.398092633999999634e+01 6.674230903593340869e-02 1.347157276999999986e+00
7.396747836000000120e+01 7.691357424950323596e-02 1.348851073999999928e+00
7.393014501000000394e+01 9.955823513357588139e-02 1.354089566999999938e+00
7.387645804999999655e+01 1.271963204403210312e-01 1.361911722000000102e+00
7.381620802999999853e+01 1.601013736142788135e-01 1.371019266000000014e+00
7.375877676000000349e+01 1.987938441034976245e-01 1.380081093999999897e+00
7.371129962999999918e+01 2.388646543552312984e-01 1.387944749999999949e+00
7.367810523999999361e+01 2.722850584235987914e-01 1.393737730000000008e+00
7.366121846000000062e+01 2.912840139424985320e-01 1.396888694000000042e+00
7.366130146000000423e+01 2.912924900393502603e-01 1.397109471000000047e+00
7.367834324000000379e+01 2.723096774687230881e-01 1.394375029999999960e+00
7.371166089000000454e+01 2.389006921025179087e-01 1.388924789999999909e+00
7.375921268999999825e+01 1.988273568872750141e-01 1.381285794999999927e+00
7.381665959999999416e+01 1.601072896849676797e-01 1.372295271000000039e+00
7.387686394000000689e+01 1.271508699535132680e-01 1.363085733999999993e+00
7.393045026999999436e+01 9.946494412256699780e-02 1.354991105000000085e+00
7.396764192000000548e+01 7.682347030494171558e-02 1.349341206999999931e+00
7.393410292000000084e+01 7.677667373330820944e-02 1.356959693999999939e+00
7.391897011999999734e+01 9.292089397653309490e-02 1.358149352000000087e+00
7.387630964999999605e+01 1.272472427227648584e-01 1.361992303000000071e+00
7.381322470000000635e+01 1.654745847023111893e-01 1.367878434000000087e+00
7.373964300000000094e+01 2.041383297423075283e-01 1.374928335999999973e+00
7.366624099999999942e+01 2.430054636808251234e-01 1.382157708999999901e+00
7.360263750999999388e+01 2.799519468341256090e-01 1.388616960000000011e+00
7.355626166999999782e+01 3.098704319981563371e-01 1.393497280999999921e+00
7.353195030000000543e+01 3.267883223444934537e-01 1.396208004000000003e+00
7.353202684999999406e+01 3.267995858692465672e-01 1.396427695999999941e+00
7.355648062000000209e+01 3.099011462326168864e-01 1.394129994000000039e+00
7.360296836999999925e+01 2.799919270788918113e-01 1.389585768999999971e+00
7.366663794000000109e+01 2.430366330462866431e-01 1.383341745999999928e+00
7.374005160999999475e+01 2.041389754787741595e-01 1.376174285000000053e+00
7.381358982999999796e+01 1.654307180384072262e-01 1.369017404000000049e+00
7.387658297000000118e+01 1.271656264740041453e-01 1.362862116999999929e+00
7.391911611999999820e+01 9.284148322141567988e-02 1.358620471999999912e+00
7.388434152000000665e+01 1.014241340392610657e-01 1.368161622999999993e+00
7.386655761000000098e+01 1.199330123238288581e-01 1.368835022000000068e+00
7.381586912000000211e+01 1.601079715215645294e-01 1.371226776000000092e+00
7.373945177999999601e+01 2.041121616021955854e-01 1.375042684999999931e+00
7.364799358000000495e+01 2.451404327957043272e-01 1.379803149000000007e+00
7.355406813000000454e+01 2.815423652730617565e-01 1.384890387000000000e+00
7.347031545999999480e+01 3.124799463819878942e-01 1.389614769000000027e+00
7.340774188999999694e+01 3.358923740070500208e-01 1.393305529000000043e+00
7.337438487000000009e+01 3.487433839356107179e-01 1.395418633000000019e+00
7.337445639999999969e+01 3.487558318182276684e-01 1.395637100000000075e+00
7.340794583999999645e+01 3.359241738832549617e-01 1.393933010000000028e+00
7.347062185999999429e+01 3.125155538439161051e-01 1.390570708000000044e+00
7.355443295000000603e+01 2.815605651689351285e-01 1.386050820999999988e+00
7.364836605000000702e+01 2.451226697814397337e-01 1.381015032000000087e+00
7.373978203999999437e+01 2.040519377538911328e-01 1.376142310999999951e+00
7.381611478000000659e+01 1.600179049561428202e-01 1.372061291000000072e+00
7.386668830000000696e+01 1.198535324600998042e-01 1.369285124999999992e+00
7.384011227999999960e+01 1.409619451150154468e-01 1.379099273000000014e+00
7.381893479999999386e+01 1.586170852864509928e-01 1.379334940999999981e+00
7.375823370000000523e+01 1.987085156271273245e-01 1.380471529999999891e+00
7.366584376999999506e+01 2.429052557767478471e-01 1.382432287999999954e+00
7.355386067999999966e+01 2.814706612769633520e-01 1.385037421999999907e+00
7.343721118999999931e+01 3.110029145562370756e-01 1.387985247999999894e+00
7.333173707000000263e+01 3.314669492218641489e-01 1.390865151999999938e+00
7.325200114000000440e+01 3.441339180124892150e-01 1.393216921000000053e+00
7.320915008999999429e+01 3.501894673054689600e-01 1.394629357999999986e+00
7.320921884999999918e+01 3.502022664098223270e-01 1.394846636000000029e+00
7.325219651999999826e+01 3.441639303770867020e-01 1.393839274999999933e+00
7.333202878000000169e+01 3.314933125150661408e-01 1.391808458000000082e+00
7.343755570000000432e+01 3.110026894474472448e-01 1.389122635999999966e+00
7.355420931000000451e+01 2.814295214663312672e-01 1.386216346999999960e+00
7.366615029999999820e+01 2.428239814085038362e-01 1.383494251999999980e+00
7.375846013999999684e+01 1.986063425387449288e-01 1.381272580999999944e+00
7.381905473000000484e+01 1.585369663773505133e-01 1.379765254000000052e+00
7.380636131999999350e+01 1.847425357306304861e-01 1.388393119000000064e+00
7.378162177000000099e+01 2.009715692863854597e-01 1.388312811999999896e+00
7.371056344999999510e+01 2.386903601689347454e-01 1.388521547000000078e+00
7.360204459999999926e+01 2.797671814680361968e-01 1.389053478999999980e+00
7.346990986000000134e+01 3.123176786171141806e-01 1.389904830999999952e+00
7.333153762999999969e+01 3.313684746072010912e-01 1.390999681000000043e+00
7.320574748999999315e+01 3.374739149097216728e-01 1.392179789000000056e+00
7.311020607000000382e+01 3.354127289294091541e-01 1.393230304000000030e+00
7.305869088999999406e+01 3.318975998683517115e-01 1.393936909000000002e+00
7.305875976000000094e+01 3.319115812512432595e-01 1.394153173999999940e+00
7.311040119000000459e+01 3.354424532368447398e-01 1.393848277000000024e+00
7.320603717000000188e+01 3.374924103313520218e-01 1.393112310000000020e+00
7.333187728000000050e+01 3.313519783219720516e-01 1.392117526999999910e+00
7.347025084999999933e+01 3.122567482860040822e-01 1.391056078000000085e+00
7.360234219999999539e+01 2.796692813253084386e-01 1.390084137000000108e+00
7.371078196000000560e+01 2.385800223199916748e-01 1.389295033000000013e+00
7.378173703999999589e+01 2.008921038689787941e-01 1.388726927000000000e+00
7.378455784000000506e+01 2.210679704144272728e-01 1.395066233000000100e+00
7.375684416999999371e+01 2.363894470417975402e-01 1.394793382000000026e+00
7.367720672999999465e+01 2.720479840830172247e-01 1.394422129999999926e+00
7.355550420000000145e+01 3.096172879753599783e-01 1.394022607999999996e+00
7.340716942000000245e+01 3.356486243042973161e-01 1.393668031999999890e+00
7.325163333000000421e+01 3.439376076896440426e-01 1.393414088999999967e+00
7.311003721999999527e+01 3.353029237465816603e-01 1.393289425000000081e+00
7.300234503000000075e+01 3.174459696864799785e-01 1.393297275999999973e+00
7.294421943000000397e+01 3.030684468727957159e-01 1.393422340999999953e+00
7.294429153000000099e+01 3.030867314237521981e-01 1.393637876000000109e+00
7.300254886000000454e+01 3.174826190894136646e-01 1.393912084999999967e+00
7.311033863999999483e+01 3.353224108863122610e-01 1.394214183000000107e+00
7.325198489999999651e+01 3.439146040595827403e-01 1.394517956999999919e+00
7.340752041999999733e+01 3.355774916095806693e-01 1.394799646000000060e+00
7.355580894000000569e+01 3.095104444988387993e-01 1.395031252000000110e+00
7.367742954999999938e+01 2.719335249985756486e-01 1.395176377999999939e+00
7.375696139999999446e+01 2.363105237628250477e-01 1.395196247999999972e+00
7.377411331000000416e+01 2.414127306733531431e-01 1.398533999999999944e+00
7.374470531000000051e+01 2.563690141068016293e-01 1.398173152000000030e+00
7.366020380999999873e+01 2.910141110414143917e-01 1.397531096000000028e+00
7.353107592000000636e+01 3.264952107460444286e-01 1.396681773000000071e+00
7.337369476000000645e+01 3.484479261080792867e-01 1.395720808999999951e+00
7.320866440000000352e+01 3.499263614897035746e-01 1.394760438000000047e+00
7.305840442000000223e+01 3.317059551011601881e-01 1.393927337000000044e+00
7.294410222999999860e+01 3.029774454272687323e-01 1.393353040000000043e+00
7.288240000999999779e+01 2.805817149198150950e-01 1.393147654000000069e+00
7.288247812999999553e+01 2.806085004794066640e-01 1.393362808000000008e+00
7.294432283000000439e+01 3.030312998599776764e-01 1.393966196999999907e+00
7.305872999000000334e+01 3.317396995159962447e-01 1.394848051000000089e+00
7.320904319999999643e+01 3.499105368886319956e-01 1.395857061000000066e+00
7.337407197000000281e+01 3.483779941997296459e-01 1.396842307000000005e+00
7.353140263000000232e+01 3.263864851600315475e-01 1.397679142000000097e+00
7.366044223999999474e+01 2.908975703695978465e-01 1.398275541000000066e+00
7.374483060999999395e+01 2.562893628134104707e-01 1.398570306000000096e+00
7.407225370999999825e+01 7.293615300611717978e-02 1.355473806000000003e+00
7.405352526999999441e+01 8.383322420475650127e-02 1.357114554999999889e+00
7.400133923999999297e+01 1.046751324078818990e-01 1.362178595999999908e+00
7.392585492000000613e+01 1.234649584251269333e-01 1.369742277999999924e+00
7.384045500000000573e+01 1.407870382292391309e-01 1.378558917999999966e+00
7.375825295999999298e+01 1.622235019374307363e-01 1.387346508000000034e+00
7.368958763999999917e+01 1.883770274940237133e-01 1.394986983999999985e+00
7.364111431000000607e+01 2.128325087162093177e-01 1.400625277000000057e+00
7.361627317999999320e+01 2.275499678311956042e-01 1.403695632000000026e+00
7.361636851999999465e+01 2.275850314972496236e-01 1.403910274000000014e+00
7.364138739000000555e+01 2.129297786186690744e-01 1.401243712000000086e+00
7.369000130999999953e+01 1.885076090204210741e-01 1.395934671000000016e+00
7.375875071000000105e+01 1.623291039424515636e-01 1.388505931999999943e+00
7.384096882999999423e+01 1.407947956176858195e-01 1.379780457999999932e+00
7.392631513000000609e+01 1.233403397292121007e-01 1.370860428000000075e+00
7.400168426000000466e+01 1.044572024938554833e-01 1.363033630000000107e+00
7.405370972999999424e+01 8.363696083665118908e-02 1.357578135000000019e+00
7.405354275999999913e+01 8.386000913776761601e-02 1.357327202000000010e+00
7.403480027999999891e+01 9.470373171242650601e-02 1.358844844000000052e+00
7.398240979999999922e+01 1.167500403199217551e-01 1.363569299999999984e+00
7.390619692999999302e+01 1.382971391236356429e-01 1.370662703000000038e+00
7.381928630000000169e+01 1.584614476594151389e-01 1.378979932000000019e+00
7.373483561000000464e+01 1.811855924478725510e-01 1.387322653000000017e+00
7.366358950999999422e+01 2.069527243329887800e-01 1.394621832999999977e+00
7.361284231999999861e+01 2.304485465439840008e-01 1.400038083000000100e+00
7.358666689000000360e+01 2.445213936617835482e-01 1.403001307999999892e+00
7.358675574999999469e+01 2.445561192905298942e-01 1.403215893999999908e+00
7.361309681999999555e+01 2.305444751809236081e-01 1.400656039000000019e+00
7.366397499999999354e+01 2.070816622208017932e-01 1.395567878999999900e+00
7.373529944999999941e+01 1.812955234438975161e-01 1.388478579999999907e+00
7.381976518000000453e+01 1.584916299115329552e-01 1.380195998999999896e+00
7.390662593999999785e+01 1.382181715342077066e-01 1.371774205999999996e+00
7.398273154000000318e+01 1.165916906504980838e-01 1.364418166000000099e+00
7.403497233999999594e+01 9.455874005395126236e-02 1.359304676000000045e+00
7.400129705000000513e+01 1.048234176729785361e-01 1.362572413999999954e+00
7.398235121000000447e+01 1.168610990559783014e-01 1.363752628999999938e+00
7.392897288000000344e+01 1.433696116327257686e-01 1.367542038999999932e+00
7.385018555000000617e+01 1.719177114569242493e-01 1.373327589999999931e+00
7.375852575999999772e+01 1.986279851208452296e-01 1.380235988999999996e+00
7.366735771999999827e+01 2.245033368463820456e-01 1.387301107999999950e+00
7.358858684999999866e+01 2.497483804478710934e-01 1.393600036000000042e+00
7.353128900999999473e+01 2.711512154335353753e-01 1.398352242999999939e+00
7.350129518999999334e+01 2.836717475376859809e-01 1.400990023999999945e+00
7.350137743999999884e+01 2.837047934687353945e-01 1.401204515000000095e+00
7.353152437999999336e+01 2.712411126841246523e-01 1.398969088000000083e+00
7.358894273999999314e+01 2.498669537657269568e-01 1.394541975000000100e+00
7.366778501000000290e+01 2.246067232293830485e-01 1.388448083000000111e+00
7.375896597999999926e+01 1.986720962682402281e-01 1.381437954999999995e+00
7.385057922000000019e+01 1.718824450310935947e-01 1.374421949999999892e+00
7.392926774999999395e+01 1.432748597599529383e-01 1.368375016000000111e+00
7.398250878999999713e+01 1.167708688978154052e-01 1.364202818999999955e+00
7.392569152999999460e+01 1.236867218281461622e-01 1.370349390999999972e+00
7.390601893000000189e+01 1.384755925261527132e-01 1.371060490999999937e+00
7.385006645999999364e+01 1.719883116045132221e-01 1.373536438999999998e+00
7.376604878000000554e+01 2.091186503722597678e-01 1.377448631999999895e+00
7.366602050999999562e+01 2.428735702014510889e-01 1.382282672999999962e+00
7.356388563999999519e+01 2.717685666439217385e-01 1.387401848999999965e+00
7.347331551999999988e+01 2.958152016483680535e-01 1.392119206000000053e+00
7.340595688000000507e+01 3.139967293686357630e-01 1.395782996999999970e+00
7.337015655000000436e+01 3.240566413550529656e-01 1.397872738000000004e+00
7.337023279999999659e+01 3.240878411444441110e-01 1.398087105999999968e+00
7.340617464000000325e+01 3.140798806154784795e-01 1.396398244000000011e+00
7.347364367000000129e+01 2.959215316567212484e-01 1.393055171000000092e+00
7.356427797000000623e+01 2.718599720797658104e-01 1.388535821999999920e+00
7.366642294000000390e+01 2.429176303510699464e-01 1.383464280000000102e+00
7.376640725999999404e+01 2.091029502255430383e-01 1.378518424999999992e+00
7.385033416999999645e+01 1.719278396779012896e-01 1.374346810999999891e+00
7.390616172999999378e+01 1.384153872907177840e-01 1.371497036000000058e+00
7.384013185000000590e+01 1.409799955800254967e-01 1.379460920999999951e+00
7.381895056000000466e+01 1.586172705380183567e-01 1.379670946000000065e+00
7.375824887000000274e+01 1.986937354864143634e-01 1.380722903999999973e+00
7.366586194999999293e+01 2.428797477866232735e-01 1.382547197999999922e+00
7.355388505000000521e+01 2.814382309619838374e-01 1.384978773000000052e+00
7.343724378000000286e+01 3.109682181330956641e-01 1.387738225000000103e+00
7.333177838999999665e+01 3.314358941997935237e-01 1.390441972999999942e+00
7.325205013999999437e+01 3.441127964668553862e-01 1.392656786999999952e+00
7.320920460000000674e+01 3.501832203483653538e-01 1.393993159999999953e+00
7.320927618999999709e+01 3.502127960768470771e-01 1.394207377999999942e+00
7.325225407000000644e+01 3.441894522870919126e-01 1.393270138000000102e+00
7.333208430000000533e+01 3.315292064016615581e-01 1.391370924999999925e+00
7.343760738999999660e+01 3.110434376557977831e-01 1.388857089000000045e+00
7.355425571000000673e+01 2.814706378411923060e-01 1.386136974000000022e+00
7.366619025999999337e+01 2.428629257515366735e-01 1.383589053999999985e+00
7.375849295000000438e+01 1.986420099381107918e-01 1.381507819000000081e+00
7.381908038000000261e+01 1.585672580253681407e-01 1.380092230999999892e+00
7.375775511999999878e+01 1.623005800429845324e-01 1.388609796999999979e+00
7.373432708999999363e+01 1.812431712276757478e-01 1.388371162999999964e+00
7.366690737999999783e+01 2.245012175867523441e-01 1.388124044000000001e+00
7.356355179999999905e+01 2.717253317689057868e-01 1.387977776999999913e+00
7.343706713000000263e+01 3.109247230486802405e-01 1.388035224000000012e+00
7.330387290000000178e+01 3.371088086305348286e-01 1.388336288000000085e+00
7.318214312000000632e+01 3.502852530553905996e-01 1.388827540999999943e+00
7.308927859000000637e+01 3.541651093808084738e-01 1.389374933999999895e+00
7.303906245000000297e+01 3.541289469464622419e-01 1.389816396000000065e+00
7.303913149999999632e+01 3.541576691950153455e-01 1.390030439000000007e+00
7.308947474999999372e+01 3.542367001030762297e-01 1.389986313999999945e+00
7.318243587000000616e+01 3.503660571188698669e-01 1.389749386999999947e+00
7.330421855999999536e+01 3.371657461114055399e-01 1.389440073999999914e+00
7.343741701999999805e+01 3.109387807492527966e-01 1.389170377999999983e+00
7.356385967999999309e+01 2.716953927306161032e-01 1.388992462999999900e+00
7.366713506000000677e+01 2.244436211011371918e-01 1.388884460999999959e+00
7.373444777999999644e+01 1.811926322657596011e-01 1.388777866999999944e+00
7.368892112999999711e+01 1.883165574380606666e-01 1.396598892999999952e+00
7.366291388999999867e+01 2.068889310294418360e-01 1.396014939999999926e+00
7.358796839000000034e+01 2.496513736194608257e-01 1.394746507000000024e+00
7.347281112000000292e+01 2.956922048649348045e-01 1.392991831000000014e+00
7.333142884999999467e+01 3.313162008833909766e-01 1.391014637999999914e+00
7.318196901999999682e+01 3.502070469461850410e-01 1.389093512999999946e+00
7.304481767000000048e+01 3.524375118645831084e-01 1.387480451999999920e+00
7.293980682999999487e+01 3.441881001188272782e-01 1.386373913999999985e+00
7.288287492000000611e+01 3.357780296037947698e-01 1.385902732999999998e+00
7.288294419999999718e+01 3.358080515593801496e-01 1.386116600999999893e+00
7.294000309999999843e+01 3.442592832170963124e-01 1.386983510999999947e+00
7.304510915000000182e+01 3.525103407239050246e-01 1.388396049000000021e+00
7.318231104000000187e+01 3.502486484965035007e-01 1.390184247000000095e+00
7.333177274999999895e+01 3.313122709809356858e-01 1.392130104999999896e+00
7.347311186000000305e+01 2.956466886182262943e-01 1.393983581000000083e+00
7.358818967999999927e+01 2.495839177723129243e-01 1.395486444999999964e+00
7.366303082000000302e+01 2.068349306649102382e-01 1.396409534000000008e+00
7.364030261999999993e+01 2.126634382493023667e-01 1.402468057999999962e+00
7.361202265999999383e+01 2.302843951141630430e-01 1.401659162999999930e+00
7.353052558999999633e+01 2.709674696897809154e-01 1.399711208999999901e+00
7.340530542999999852e+01 3.137929953224367075e-01 1.396847120000000109e+00
7.325155137999999511e+01 3.439095599397682390e-01 1.393402339000000101e+00
7.308895386000000371e+01 3.539952873831984648e-01 1.389802254999999986e+00
7.293965575000000001e+01 3.440890214753767329e-01 1.386530918000000057e+00
7.282526274999999316e+01 3.223982567903370677e-01 1.384076839000000003e+00
7.276320707000000709e+01 3.043572788127479334e-01 1.382846024000000007e+00
7.276327954999999292e+01 3.043927954811129766e-01 1.383059760000000082e+00
7.282546770000000436e+01 3.224783838711720585e-01 1.384685117999999937e+00
7.293995900000000177e+01 3.441642951863149169e-01 1.387441947999999980e+00
7.308930800999999633e+01 3.540311815364259873e-01 1.390883539000000058e+00
7.325190566000000558e+01 3.438953073194353505e-01 1.394503685000000104e+00
7.340561379999999758e+01 3.137369523523664272e-01 1.397822563000000073e+00
7.353075164000000541e+01 2.708927163478540567e-01 1.400436693000000066e+00
7.361214180000000340e+01 2.302276872664733021e-01 1.402045253000000047e+00
7.361535399000000268e+01 2.273154618965157470e-01 1.405564851999999920e+00
7.358574045000000297e+01 2.442946749770312509e-01 1.404647401999999934e+00
7.350042478000000301e+01 2.834298772383059273e-01 1.402366090999999981e+00
7.336939737000000150e+01 3.237949506953127776e-01 1.398942815999999922e+00
7.320859740999999588e+01 3.499167554805818758e-01 1.394734152999999921e+00
7.303862904000000356e+01 3.538863573823060049e-01 1.390231854000000045e+00
7.288261540000000593e+01 3.355950575355603482e-01 1.386044258999999945e+00
7.276309901999999852e+01 3.042656131265870645e-01 1.382829513999999982e+00
7.269826960999999699e+01 2.788750050850038464e-01 1.381164107999999890e+00
7.269834796000000665e+01 2.789205755885246774e-01 1.381377799000000017e+00
7.276332030999999745e+01 3.043655103046097321e-01 1.383437167999999939e+00
7.288294215999999892e+01 3.356863910043749177e-01 1.386952983000000028e+00
7.303900966999999866e+01 3.539304607883138609e-01 1.391308299999999942e+00
7.320897714999999550e+01 3.499041213476726253e-01 1.395828252999999908e+00
7.336972706000000244e+01 3.237368290029422058e-01 1.399909907999999925e+00
7.350066596000000629e+01 2.833523076709775768e-01 1.403084194000000062e+00
7.358586741000000586e+01 2.442364813907241805e-01 1.405029158999999916e+00
7.412145094000000256e+01 7.077816493096304729e-02 1.369002287999999901e+00
7.409679298000000358e+01 9.568447031387911084e-02 1.370317950000000007e+00
7.402736380000000338e+01 1.373646288302521612e-01 1.374393363000000035e+00
7.392514251000000058e+01 1.688468609804352483e-01 1.380539128999999976e+00
7.380666057000000535e+01 1.845638007469912467e-01 1.387798502000000100e+00
7.368934710000000621e+01 1.881750064113578425e-01 1.395143553999999897e+00
7.358847267999999531e+01 1.867186581389728151e-01 1.401624261999999899e+00
7.351541263999999387e+01 1.854728825074511700e-01 1.406464777999999916e+00
7.347727492999999299e+01 1.854596134777564131e-01 1.409119049000000068e+00
7.347735523000000057e+01 1.855269704164661804e-01 1.409297545000000040e+00
7.351564206999999840e+01 1.856443115604953509e-01 1.406977198999999956e+00
7.358881857999999454e+01 1.869144699720861613e-01 1.402404159000000039e+00
7.368976071999999533e+01 1.883059324989622974e-01 1.396089061999999936e+00
7.380708466000000101e+01 1.845757534518769338e-01 1.388784594999999955e+00
7.392551987999999596e+01 1.687349960294110829e-01 1.381432914999999984e+00
7.402764523999999824e+01 1.371644183235044556e-01 1.375071251000000050e+00
7.409694294000000525e+01 9.548075279994747144e-02 1.370683499999999944e+00
7.409680744000000630e+01 9.570322569197348139e-02 1.370510622999999928e+00
7.407230407999999500e+01 1.154942058436757152e-01 1.371709810999999890e+00
7.400316474000000255e+01 1.526981675025465002e-01 1.375461072000000007e+00
7.390098500999999942e+01 1.835073832195845411e-01 1.381147050999999903e+00
7.378193924999999354e+01 2.007961151904951447e-01 1.387900263999999995e+00
7.366336010000000556e+01 2.067603517768618615e-01 1.394773172999999922e+00
7.356077494000000172e+01 2.072462624430692624e-01 1.400872190000000073e+00
7.348607880999999509e+01 2.069784229714151380e-01 1.405451286999999994e+00
7.344694072999999435e+01 2.072212899750677517e-01 1.407974424999999918e+00
7.344701499999999328e+01 2.072831526727253459e-01 1.408153017999999923e+00
7.348629105000000550e+01 2.071370346890842873e-01 1.405963749000000096e+00
7.356109506999999326e+01 2.074320861299304430e-01 1.401651482999999976e+00
7.366374317999999732e+01 2.068951107821153379e-01 1.395716862000000003e+00
7.378233240000000137e+01 2.008304256803015997e-01 1.388883169000000084e+00
7.390133525000000247e+01 1.834351746176257625e-01 1.382036771000000108e+00
7.400342621000000065e+01 1.525524721211488910e-01 1.376135096000000058e+00
7.407244350999999938e+01 1.153531655113648052e-01 1.372072986000000050e+00
7.402733026999999311e+01 1.374840122714948987e-01 1.374807934999999981e+00
7.400311741999999526e+01 1.527906683044879255e-01 1.375683755000000064e+00
7.393443009000000643e+01 1.855451686943774547e-01 1.378531189999999906e+00
7.383190749999999980e+01 2.170424359661814462e-01 1.382922801999999951e+00
7.371084514000000354e+01 2.385733621900900658e-01 1.388231806999999929e+00
7.358838013999999816e+01 2.495825372181134927e-01 1.393735511000000038e+00
7.348077739999999380e+01 2.536269694233678762e-01 1.398708006999999975e+00
7.340137149999999622e+01 2.547081013897111168e-01 1.402502686000000054e+00
7.335938031000000592e+01 2.550242239980571313e-01 1.404627539000000036e+00
7.335944856999999786e+01 2.550766399226442327e-01 1.404806513000000034e+00
7.340156645000000424e+01 2.548431770895053239e-01 1.403015627000000043e+00
7.348107118999999443e+01 2.537891015811332696e-01 1.399486280999999943e+00
7.358873137999999869e+01 2.497101711839212757e-01 1.394675141000000007e+00
7.371120535000000018e+01 2.386263457517233399e-01 1.389207152000000001e+00
7.383222827999999538e+01 2.170140967959863221e-01 1.383802664999999932e+00
7.393466954999999530e+01 1.854619749185075217e-01 1.379195766999999906e+00
7.400324512999999627e+01 1.527117661526118941e-01 1.376041105999999958e+00
7.392501043999999411e+01 1.690374867160338579e-01 1.381259610000000082e+00
7.390084018000000299e+01 1.836677077831708749e-01 1.381674398999999998e+00
7.383180994999999314e+01 2.171142556862620254e-01 1.383220625999999953e+00
7.372749163000000294e+01 2.524959171318250650e-01 1.385713847999999970e+00
7.360224424000000454e+01 2.797007738052600390e-01 1.388849766000000097e+00
7.347313975999999514e+01 2.956745867969739483e-01 1.392229694999999934e+00
7.335757635999999593e+01 3.020880925411352225e-01 1.395397891000000001e+00
7.327093892000000608e+01 3.029303381664636974e-01 1.397898773999999955e+00
7.322463005000000180e+01 3.022002279280664450e-01 1.399352680000000015e+00
7.322469293999999707e+01 3.022456097011193554e-01 1.399532234000000042e+00
7.327111831999999936e+01 3.030470664785989143e-01 1.398412466999999992e+00
7.335784610000000328e+01 3.022294700118277055e-01 1.396174744999999939e+00
7.347346136999999544e+01 2.957914635762409206e-01 1.393163504000000108e+00
7.360257319000000109e+01 2.797617592605254333e-01 1.389814284000000066e+00
7.372778391999999315e+01 2.524950817603946462e-01 1.386579682000000036e+00
7.383202780000000587e+01 2.170706799098209849e-01 1.383871851999999958e+00
7.390095626000000095e+01 1.836227646548574954e-01 1.382023562999999955e+00
7.380639693999999906e+01 1.847697539449570936e-01 1.388944055000000066e+00
7.378166396000000304e+01 2.009705288369232346e-01 1.388847992000000087e+00
7.371061645999999712e+01 2.386654743689722580e-01 1.388932524999999973e+00
7.360211209999999937e+01 2.797259560762366815e-01 1.389237770999999899e+00
7.346999379999999746e+01 3.122676436868031535e-01 1.389780186000000084e+00
7.333163720999999668e+01 3.313183265156549595e-01 1.390521010000000057e+00
7.320585868999999946e+01 3.374338390664924914e-01 1.391352858999999942e+00
7.311032221000000675e+01 3.353928489761111575e-01 1.392116595000000068e+00
7.305880410000000325e+01 3.319046500864050731e-01 1.392646612000000061e+00
7.305886297000000695e+01 3.319456310684466005e-01 1.392826821999999964e+00
7.311048981999999796e+01 3.354971031003821103e-01 1.392631093999999958e+00
7.320610981000000095e+01 3.375587835960217609e-01 1.392127933999999900e+00
7.333193531000000576e+01 3.314225231521994997e-01 1.391447929999999999e+00
7.347029734000000190e+01 3.123264944950308597e-01 1.390732134999999925e+00
7.360238074000000097e+01 2.797353182772079894e-01 1.390087550000000061e+00
7.371081607000000702e+01 2.386399453441366836e-01 1.389568648000000017e+00
7.378177010999999652e+01 2.009408537719147292e-01 1.389187968999999967e+00
7.368893746999999905e+01 1.883320789160558562e-01 1.396801626000000018e+00
7.366293980000000374e+01 2.068887607828018838e-01 1.396226420000000079e+00
7.358800510999999744e+01 2.496397016057252116e-01 1.394917081000000003e+00
7.347285904000000301e+01 2.956744610876252399e-01 1.393071230999999965e+00
7.333148706999999433e+01 3.312970902002144724e-01 1.390958517000000061e+00
7.318203495000000203e+01 3.501911762807559669e-01 1.388872450999999897e+00
7.304488695999999948e+01 3.524293326392660686e-01 1.387088499000000086e+00
7.293987387999999328e+01 3.441908884084026732e-01 1.385833285999999998e+00
7.288293398999999795e+01 3.357924064404190223e-01 1.385262203999999997e+00
7.288299089999999580e+01 3.358315158919362164e-01 1.385443028999999937e+00
7.294003548000000592e+01 3.442881527662348118e-01 1.386348458999999922e+00
7.304512805999999614e+01 3.525421141507502631e-01 1.387861588000000035e+00
7.318231959999999958e+01 3.502822032703908350e-01 1.389792292999999956e+00
7.333177526000000057e+01 3.313468961285166436e-01 1.391897879999999921e+00
7.347311277000000018e+01 2.956814205305444698e-01 1.393905206999999979e+00
7.358819287999999403e+01 2.496170487202407640e-01 1.395538528999999972e+00
7.366303938999999446e+01 2.068626933680891566e-01 1.396557545000000067e+00
7.358792004000000020e+01 1.867712911315327351e-01 1.403783838000000062e+00
7.356021241999999916e+01 2.072790801606602396e-01 1.402820015000000087e+00
7.348025848000000337e+01 2.536058944556230932e-01 1.400359665000000087e+00
7.335714887000000317e+01 3.020221706459449429e-01 1.396679221999999942e+00
7.320555917000000079e+01 3.373515678380546445e-01 1.392206306999999921e+00
7.304473622999999805e+01 3.523681020848080658e-01 1.387493236999999935e+00
7.289659704999999690e+01 3.469889191486051905e-01 1.383175217000000012e+00
7.278278145000000166e+01 3.290499363117827536e-01 1.379896954999999981e+00
7.272091930000000559e+01 3.132925798274689977e-01 1.378197915000000107e+00
7.272097682999999790e+01 3.133335522282209573e-01 1.378379240999999977e+00
7.278294445999999596e+01 3.291481834848098420e-01 1.380412607000000014e+00
7.289683920999999600e+01 3.470967668844227583e-01 1.383946416999999984e+00
7.304502055999999754e+01 3.524494605145577220e-01 1.388406790999999973e+00
7.320584537000000580e+01 3.373909113461059928e-01 1.393134746999999951e+00
7.335739949999999965e+01 3.020208724014322721e-01 1.397499692000000016e+00
7.348044315999999299e+01 2.535780376028648475e-01 1.400968712999999921e+00
7.356031009999999526e+01 2.072503037180306318e-01 1.403143714999999903e+00
7.351473563000000411e+01 1.853986982644979797e-01 1.408987629000000075e+00
7.348539246999999364e+01 2.068966292752206226e-01 1.407757327999999974e+00
7.340072736999999847e+01 2.545916554371321361e-01 1.404494238999999922e+00
7.327038369999999645e+01 3.027801737984509023e-01 1.399495849000000014e+00
7.310989245999999753e+01 3.352282670338244674e-01 1.393264223999999940e+00
7.293959126000000026e+01 3.440430928859591897e-01 1.386518531999999970e+00
7.278264896999999678e+01 3.289577427316235370e-01 1.380172152000000096e+00
7.266199785000000588e+01 2.991164576340559766e-01 1.375230766000000049e+00
7.259638703000000248e+01 2.739972868359763503e-01 1.372588499999999989e+00
7.259644799999999520e+01 2.740462618993451116e-01 1.372770194999999971e+00
7.266217025999999635e+01 2.992283302775302078e-01 1.375746769000000036e+00
7.278290418000000273e+01 3.290730153168617278e-01 1.380941962999999939e+00
7.293988957000000539e+01 3.441241404060709219e-01 1.387427505000000005e+00
7.311019129999999677e+01 3.352625262464788980e-01 1.394184773000000099e+00
7.327064423999999576e+01 3.027721587092007116e-01 1.400306645999999988e+00
7.340091866999999581e+01 2.545575499376719342e-01 1.405094470999999956e+00
7.348549343000000533e+01 2.068636413854869627e-01 1.408075774999999918e+00
7.347650570000000414e+01 1.852828106248895490e-01 1.411759415999999989e+00
7.344616256999999848e+01 2.070466999357008508e-01 1.410395375000000007e+00
7.335864379000000213e+01 2.548292531238275371e-01 1.406724370000000057e+00
7.322398135000000252e+01 3.019785874561493610e-01 1.401041836999999957e+00
7.305827981000000193e+01 3.316680083129792123e-01 1.393873729999999922e+00
7.288255624999999327e+01 3.355660579013075573e-01 1.386017921000000097e+00
7.272069168000000161e+01 3.131117162780581720e-01 1.378538900999999983e+00
7.259629214000000275e+01 2.738997168261594339e-01 1.372652838000000042e+00
7.252865355999999508e+01 2.407520586281751418e-01 1.369469038999999944e+00
7.252872039000000370e+01 2.408152386110242182e-01 1.369650983000000100e+00
7.259648090000000309e+01 2.740379060099636388e-01 1.373169169000000078e+00
7.272097048999999913e+01 3.132482384877305903e-01 1.379308168999999973e+00
7.288288124999999695e+01 3.356594902962558580e-01 1.386924685000000101e+00
7.305860443000000259e+01 3.317072166921344323e-01 1.394790331000000050e+00
7.322426360999999417e+01 3.019705948875909818e-01 1.401847741999999952e+00
7.335885059000000297e+01 2.547926856563796916e-01 1.407320130000000002e+00
7.344627155000000585e+01 2.070112003745867568e-01 1.410711156000000077e+00
7.416333710000000679e+01 5.135977448967554704e-02 1.377975707999999910e+00
7.413411612000000162e+01 9.731305905113307730e-02 1.379157729000000110e+00
7.405141546999999491e+01 1.601627090630532713e-01 1.382730161000000013e+00
7.392866453999999976e+01 2.038069414001480451e-01 1.388104240000000100e+00
7.378484661000000244e+01 2.209021183642358721e-01 1.394457574999999894e+00
7.364069655999999497e+01 2.125006393144172612e-01 1.400895696000000079e+00
7.351523383999999339e+01 1.852769573231672628e-01 1.406580927999999897e+00
7.342341410000000224e+01 1.503294309675836660e-01 1.410822119000000097e+00
7.337512734999999964e+01 1.238697357656424053e-01 1.413130605000000095e+00
7.337518090999999743e+01 1.239601048088566360e-01 1.413248601000000049e+00
7.342356680999999696e+01 1.505170676873746893e-01 1.411159918999999929e+00
7.351546324999999626e+01 1.854486383951742257e-01 1.407092406000000073e+00
7.364096958999999742e+01 2.125982581790313297e-01 1.401511562000000044e+00
7.378512512000000356e+01 2.209079887539910081e-01 1.395095039999999953e+00
7.392891118000000006e+01 2.037277729570872720e-01 1.388677860000000042e+00
7.405159869999999955e+01 1.600206492140635872e-01 1.383162631000000031e+00
7.413421350999999504e+01 9.714975675212701722e-02 1.379390026000000047e+00
7.413412017000000276e+01 9.733944067292969737e-02 1.379303441000000019e+00
7.410516404999999907e+01 1.269745134237712236e-01 1.380370904999999926e+00
7.402308030000000372e+01 1.789219335090503626e-01 1.383622633000000102e+00
7.390089111000000344e+01 2.190038567046554974e-01 1.388533959999999956e+00
7.375716595999999470e+01 2.362148086764303268e-01 1.394364737999999937e+00
7.361245148999999799e+01 2.301256080089661149e-01 1.400299694999999955e+00
7.348591562999999383e+01 2.067947195002612648e-01 1.405563778999999958e+00
7.339293761999999788e+01 1.770395607619326406e-01 1.409506960000000086e+00
7.334390437999999790e+01 1.554609865904767740e-01 1.411662331999999909e+00
7.334395227999999634e+01 1.555344671535089374e-01 1.411780435000000056e+00
7.339307429999999499e+01 1.772037251633784005e-01 1.409844920999999918e+00
7.348612124000000279e+01 2.069578091207238124e-01 1.406075085999999974e+00
7.361269670000000076e+01 2.302306688935027990e-01 1.400914683999999966e+00
7.375741669999999317e+01 2.362413544699132062e-01 1.395000500000000088e+00
7.390111373999999955e+01 2.189565167574504256e-01 1.389105322999999892e+00
7.402324608000000694e+01 1.788236002601101826e-01 1.384052920000000020e+00
7.410525230999999735e+01 1.268734192399436078e-01 1.380601849000000048e+00
7.405137326000000542e+01 1.602715612039951887e-01 1.383097145000000028e+00
7.402303433999999527e+01 1.790029614069457986e-01 1.383843624000000050e+00
7.394236515000000054e+01 2.182239621006799857e-01 1.386193132999999911e+00
7.382135286000000463e+01 2.534433708971756127e-01 1.389790786999999916e+00
7.367751721999999859e+01 2.719170780983338198e-01 1.394119566999999948e+00
7.353094443999999896e+01 2.708623191282606979e-01 1.398587041000000086e+00
7.340123185000000205e+01 2.545525739180165004e-01 1.402603964999999953e+00
7.330492413999999712e+01 2.323887450021417389e-01 1.405652324999999925e+00
7.325377154000000246e+01 2.165184185415272855e-01 1.407343406000000074e+00
7.325381398000000388e+01 2.165725236207385884e-01 1.407461963999999899e+00
7.330504528000000164e+01 2.325182200213972705e-01 1.405991216000000099e+00
7.340141416999999535e+01 2.546937124271134723e-01 1.403115638999999915e+00
7.353116203000000439e+01 2.709661479446343058e-01 1.399200800000000022e+00
7.367774000999999373e+01 2.719617088485206668e-01 1.394752095000000081e+00
7.382155097000000410e+01 2.534301501224218711e-01 1.390357467999999930e+00
7.394251289999999699e+01 2.181728941297996494e-01 1.386618724999999941e+00
7.402311308999999540e+01 1.789529661677742856e-01 1.384071614000000006e+00
7.392853565000000060e+01 2.039759056009572136e-01 1.388822731999999949e+00
7.390075880999999924e+01 2.191459510812390210e-01 1.389103288000000047e+00
7.382126610999999627e+01 2.535102542184292651e-01 1.390131229000000079e+00
7.370083261000000618e+01 2.878976200552431641e-01 1.391770983000000017e+00
7.355576259000000050e+01 3.095363777784954085e-01 1.393808135000000004e+00
7.340567126999999914e+01 3.137446674849580508e-01 1.395975208999999939e+00
7.327082738000000006e+01 3.028002012101095319e-01 1.397982102000000060e+00
7.316941215999999315e+01 2.847867081835483982e-01 1.399552265999999934e+00
7.311507351000000199e+01 2.711970723118533599e-01 1.400462955999999926e+00
7.311511126999999988e+01 2.712403503250063186e-01 1.400582213999999937e+00
7.316951987999999574e+01 2.848932903806331018e-01 1.399892622000000086e+00
7.327098934999999358e+01 3.029224642694432479e-01 1.398494482000000039e+00
7.340586441000000661e+01 3.138429071126353498e-01 1.396587417000000109e+00
7.355596020999999496e+01 3.095907328674604719e-01 1.394436285999999914e+00
7.370100829999999803e+01 2.879070766373279522e-01 1.392331270999999981e+00
7.382139714000000197e+01 2.534892570106464516e-01 1.390550420000000065e+00
7.390082866000000195e+01 2.191214613502039943e-01 1.389327261999999896e+00
7.378460479000000305e+01 2.210991004879148403e-01 1.395688008000000035e+00
7.375692091000000516e+01 2.363840441053007280e-01 1.395438817000000054e+00
7.367731639000000143e+01 2.720148232636804275e-01 1.394945214999999905e+00
7.355564714000000492e+01 3.095695596752132128e-01 1.394277229000000062e+00
7.340734206999999856e+01 3.355989171237723223e-01 1.393527077999999975e+00
7.325182721999999558e+01 3.438982624506328190e-01 1.392794789000000089e+00
7.311023898000000543e+01 3.352854010161585574e-01 1.392176823000000008e+00
7.300253804000000457e+01 3.174579028325006935e-01 1.391756741000000019e+00
7.294438719999999421e+01 3.031092584953684055e-01 1.391594503000000094e+00
7.294442166999999699e+01 3.031466189348136497e-01 1.391714573000000010e+00
7.300263624000000107e+01 3.175503910274546926e-01 1.392098781999999924e+00
7.311038627000000645e+01 3.353932787792236470e-01 1.392689988000000101e+00
7.325200234000000421e+01 3.439886315192962618e-01 1.393405180000000021e+00
7.340752073999999539e+01 3.356549915211848312e-01 1.394150218000000052e+00
7.355580559000000562e+01 3.095895283459256797e-01 1.394830304999999937e+00
7.367743434000000491e+01 2.720088956027316707e-01 1.395357272000000037e+00
7.375698371000000009e+01 2.363714691052901662e-01 1.395658352000000102e+00
7.364033064999999567e+01 2.126886081557803065e-01 1.402757505000000071e+00
7.361208231000000524e+01 2.302831718265319350e-01 1.401995411999999996e+00
7.353061728000000130e+01 2.709491868717216478e-01 1.400006776999999980e+00
7.340542666000000338e+01 3.137695814925630100e-01 1.397008612000000038e+00
7.325169619999999782e+01 3.438913024698903587e-01 1.393341626000000000e+00
7.308911242000000641e+01 3.539911175022970591e-01 1.389453370000000021e+00
7.293981458000000373e+01 3.441054108724757032e-01 1.385867815999999975e+00
7.282540641999999309e+01 3.224360079251099021e-01 1.383125428000000046e+00
7.276332118999999921e+01 3.044081931737637192e-01 1.381684638999999937e+00
7.276335437999999556e+01 3.044431515196070470e-01 1.381805498999999937e+00
7.282550077000000499e+01 3.225213275590515516e-01 1.383469084999999987e+00
7.293995556999999508e+01 3.442035762982217362e-01 1.386381652000000075e+00
7.308927923999999621e+01 3.540733065088587095e-01 1.390061833999999941e+00
7.325186555000000510e+01 3.439437504903601894e-01 1.393959739999999892e+00
7.340557617000000334e+01 3.137910303442308924e-01 1.397554610999999891e+00
7.353072817000000327e+01 2.709478465443979633e-01 1.400411934999999941e+00
7.361214121999999804e+01 2.302745009066509974e-01 1.402210696000000034e+00
7.351474745000000155e+01 1.854131440070736492e-01 1.409079908000000048e+00
7.348542580999999529e+01 2.068978774442692958e-01 1.407887190000000066e+00
7.340078151999999534e+01 2.545864060996393397e-01 1.404623761000000082e+00
7.327045597999999416e+01 3.027758123459647344e-01 1.399582126000000093e+00
7.310997801999999979e+01 3.352305888085318486e-01 1.393263927000000013e+00
7.293968302999999764e+01 3.440566795822193602e-01 1.386395582000000015e+00
7.278273796999999945e+01 3.289850369044483580e-01 1.379906681000000024e+00
7.266207429000000673e+01 2.991551642152702750e-01 1.374826319000000074e+00
7.259644226999999717e+01 2.740374422424536882e-01 1.372074178000000089e+00
7.259647667000000126e+01 2.740747600425262887e-01 1.372195716000000010e+00
7.266217183999999918e+01 2.992428509483325838e-01 1.375171346999999988e+00
7.278288308000000484e+01 3.290815272364444044e-01 1.380421037000000073e+00
7.293985376000000542e+01 3.441345270736697604e-01 1.387002309000000100e+00
7.311015029000000709e+01 3.352786777929160356e-01 1.393877674000000066e+00
7.327060720999999432e+01 3.027943823158066317e-01 1.400122078999999964e+00
7.340089319999999873e+01 2.545835305514648761e-01 1.405023096000000082e+00
7.348548497000000168e+01 2.068881416750805446e-01 1.408098912999999897e+00
7.342282493000000443e+01 1.503659004928980802e-01 1.413815840999999907e+00
7.339234487000000229e+01 1.770467301000303029e-01 1.412318130000000060e+00
7.330436871000000565e+01 2.323366461258527527e-01 1.408138966000000103e+00
7.316893242000000441e+01 2.846837627065408882e-01 1.401592168999999943e+00
7.300216562999999326e+01 3.173254961898376858e-01 1.393259631999999915e+00
7.282516130999999859e+01 3.223053753706753843e-01 1.384053560999999988e+00
7.266195992999999476e+01 2.990672331410626494e-01 1.375220622999999920e+00
7.253641403999999682e+01 2.571948355130894148e-01 1.368209473999999926e+00
7.246809385999999620e+01 2.208330105760774043e-01 1.364358618000000023e+00
7.246813208000000373e+01 2.208816556968004885e-01 1.364480686000000054e+00
7.253652216000000408e+01 2.573011215165253440e-01 1.368555584999999963e+00
7.266212011000000359e+01 2.991761356336284372e-01 1.375735453000000108e+00
7.282534879000000672e+01 3.223886181265270268e-01 1.384659110999999942e+00
7.300235376000000542e+01 3.173743958951692479e-01 1.393870291999999900e+00
7.316909674000000052e+01 2.847006773633513066e-01 1.402127836000000016e+00
7.330448954999999955e+01 2.323307265874806349e-01 1.408534186000000021e+00
7.339240870999999800e+01 1.770334897012828812e-01 1.412527343999999907e+00
7.337446563999999682e+01 1.237785852568112632e-01 1.416346552999999897e+00
7.334323904999999399e+01 1.553594236086097702e-01 1.414692105000000089e+00
7.325314242999999692e+01 2.163801833046346268e-01 1.410037591999999895e+00
7.311451841999999601e+01 2.710185537987130910e-01 1.402695591999999936e+00
7.294393780000000049e+01 3.029021950016254072e-01 1.393275985000000050e+00
7.276299797999999441e+01 3.041965395230964431e-01 1.382781140000000075e+00
7.259624938000000327e+01 2.738562300043294040e-01 1.372631480999999987e+00
7.246801537000000337e+01 2.207256654408394636e-01 1.364519935999999989e+00
7.239824536999999793e+01 1.717050084611508320e-01 1.360037195999999948e+00
7.239828955000000121e+01 1.717775351510978377e-01 1.360159630000000064e+00
7.246814018999999973e+01 2.208687855819399248e-01 1.364866848999999993e+00
7.259643379000000607e+01 2.739929247840516280e-01 1.373146863000000106e+00
7.276321305999999822e+01 3.042972853344612649e-01 1.383386376999999889e+00
7.294415279999999768e+01 3.029604720104112081e-01 1.393885290999999915e+00
7.311470554000000277e+01 2.710389902389279126e-01 1.403229221999999998e+00
7.325327964999999608e+01 2.163736787372048942e-01 1.410430802999999900e+00
7.334331142000000625e+01 1.553431538529926603e-01 1.414900081999999948e+00
7.418739827999999648e+01 1.875321131039495506e-02 1.382393317000000010e+00
7.415571576000000675e+01 9.460555931487459047e-02 1.383569792000000076e+00
7.406582634000000098e+01 1.715522077220816566e-01 1.386975963000000034e+00
7.393195719999999937e+01 2.226286834491723321e-01 1.392050886999999904e+00
7.377442770000000394e+01 2.412570869111690108e-01 1.398015301000000044e+00
7.361576162999999440e+01 2.271588373635315683e-01 1.404025139999999894e+00
7.347700093000000265e+01 1.851461585681334066e-01 1.409296574999999940e+00
7.337503173000000345e+01 1.236849598801567363e-01 1.413192790999999948e+00
7.332124459000000627e+01 5.768084616932004499e-02 1.415273706000000020e+00
7.332126338999999859e+01 5.775820406233409671e-02 1.415314943000000047e+00
7.337508527999999330e+01 1.237754748157579299e-01 1.413310666000000104e+00
7.347708122000000230e+01 1.852136656619841337e-01 1.409474560000000043e+00
7.361585694000000046e+01 2.271940381215781235e-01 1.404238668000000079e+00
7.377452465999999731e+01 2.412584516032048321e-01 1.398235431000000029e+00
7.393204285000000198e+01 2.225999939170262287e-01 1.392248213000000012e+00
7.406588983999999698e+01 1.715007018934728289e-01 1.387124266999999911e+00
7.415574947000000350e+01 9.454085049303646848e-02 1.383649289999999921e+00
7.415570332000000064e+01 9.465960418925817299e-02 1.383648879999999970e+00
7.412433900000000619e+01 1.312800712560091010e-01 1.384710925999999898e+00
7.403522614000000601e+01 1.925019260686588740e-01 1.387795973000000016e+00
7.390217631999999526e+01 2.383362372661534667e-01 1.392403524999999975e+00
7.374507065999999611e+01 2.561968838113533042e-01 1.397833341999999979e+00
7.358620050999999762e+01 2.441353747933950880e-01 1.403320217999999953e+00
7.344670023999999842e+01 2.069273646314801207e-01 1.408146440999999971e+00
7.334382644999999457e+01 1.553079693886550150e-01 1.411722656000000020e+00
7.328942892000000597e+01 1.105724720119679177e-01 1.413637245999999958e+00
7.328944230999999832e+01 1.106139929234749020e-01 1.413678470000000020e+00
7.334386473000000706e+01 1.553839725775599812e-01 1.411840431999999979e+00
7.344675802999999803e+01 2.069955841595566559e-01 1.408324101000000050e+00
7.358626975999999331e+01 2.441806803722528785e-01 1.403533069999999938e+00
7.374514184999999600e+01 2.562154164251593813e-01 1.398052437999999897e+00
7.390223989000000415e+01 2.383303549425639101e-01 1.392599617999999984e+00
7.403527370999999846e+01 1.924784989384348277e-01 1.387943147999999960e+00
7.412436442000000625e+01 1.312525127043419060e-01 1.384789743000000017e+00
7.406575893000000121e+01 1.716724002455902454e-01 1.387238680999999918e+00
7.403517116999999814e+01 1.925822285421370794e-01 1.387978582999999988e+00
7.394794618000000241e+01 2.358984933774098125e-01 1.390156101999999949e+00
7.381683040000000062e+01 2.736593749592262648e-01 1.393431281000000022e+00
7.366057963999999458e+01 2.908794498599930334e-01 1.397318993000000065e+00
7.350089644999999905e+01 2.833200234824536090e-01 1.401276643000000099e+00
7.335918454999999483e+01 2.547763722958896748e-01 1.404782634000000030e+00
7.325371465999999998e+01 2.164064144281324931e-01 1.407397951999999952e+00
7.319759141000000113e+01 1.871221239399582237e-01 1.408808719999999903e+00
7.319759978999999817e+01 1.871465820786868128e-01 1.408850080999999976e+00
7.325373876000000450e+01 2.164620082653979094e-01 1.407515990999999911e+00
7.335922136000000648e+01 2.548361172057612145e-01 1.404960328000000036e+00
7.350094126000000472e+01 2.833680494138488548e-01 1.401488955999999897e+00
7.366062653000000182e+01 2.909095275176409312e-01 1.397536853000000079e+00
7.381687297999999942e+01 2.736715395788894556e-01 1.393625652000000104e+00
7.394797850000000494e+01 2.358973059646700954e-01 1.390301578999999954e+00
7.403518859999999790e+01 1.925763848969771763e-01 1.388056340000000111e+00
7.393180232000000274e+01 2.227946726905298824e-01 1.392661943000000013e+00
7.390203365000000701e+01 2.384702073952024715e-01 1.392929939000000061e+00
7.381674196000000165e+01 2.737217236463132530e-01 1.393766389999999911e+00
7.368740058000000204e+01 3.078204924113751573e-01 1.395039853000000107e+00
7.353142201999999372e+01 3.264145702668581062e-01 1.396558960999999988e+00
7.336983845999999687e+01 3.237474416366514784e-01 1.398107828999999969e+00
7.322448407000000259e+01 3.019954682457712258e-01 1.399480566000000037e+00
7.311503826000000572e+01 2.711126346452796265e-01 1.400508148999999980e+00
7.305633690999999885e+01 2.478026102120439444e-01 1.401073422000000068e+00
7.305634118999999771e+01 2.478195407375685111e-01 1.401115029999999928e+00
7.311505074999999465e+01 2.711540893333072577e-01 1.400626719999999992e+00
7.322450365999999633e+01 3.020446163895839642e-01 1.399658575999999988e+00
7.336986308999999551e+01 3.237919263909397327e-01 1.398319746999999946e+00
7.353144865999999524e+01 3.264480480856246092e-01 1.396775525000000018e+00
7.368742550000000335e+01 3.078412558864236370e-01 1.395232274999999911e+00
7.381676131000000396e+01 2.737315025972708593e-01 1.393909894999999954e+00
7.390204423000000133e+01 2.384730674290258812e-01 1.393006452999999922e+00
7.377416617000000088e+01 2.414452398232979913e-01 1.399171503000000039e+00
7.374482070000000533e+01 2.563556453971987947e-01 1.398895926000000012e+00
7.366038197999999682e+01 2.909720028891619736e-01 1.398169202999999916e+00
7.353131111000000431e+01 3.264471498354403756e-01 1.397057066999999986e+00
7.337397420000000636e+01 3.484136643970162095e-01 1.395669017999999983e+00
7.320896786000000134e+01 3.499216229430274216e-01 1.394162211999999901e+00
7.305870523000000105e+01 3.317398755039571157e-01 1.392739275999999915e+00
7.294437078999999358e+01 3.030466666661920661e-01 1.391627487999999913e+00
7.288260956000000590e+01 2.806649854729084126e-01 1.391031853000000096e+00
7.288261122999999486e+01 2.806771273350552875e-01 1.391073768999999904e+00
7.294437587000000178e+01 3.030772658454817248e-01 1.391746742000000037e+00
7.305871374000000174e+01 3.317779638179642054e-01 1.392917771000000027e+00
7.320897938000000238e+01 3.499584231281014368e-01 1.394373866000000017e+00
7.337398751000000630e+01 3.484439097586287670e-01 1.395884351000000079e+00
7.353132422999999562e+01 3.264685535747822720e-01 1.397247557999999890e+00
7.366039254999999741e+01 2.909846441138121964e-01 1.398310737000000081e+00
7.374482661000000405e+01 2.563611337527509915e-01 1.398971197000000055e+00
7.361538815000000113e+01 2.273449866970444766e-01 1.405880001999999962e+00
7.358583767999999736e+01 2.442902082161751975e-01 1.405069778999999963e+00
7.350058287000000234e+01 2.834081373302356210e-01 1.402784240999999987e+00
7.336960815999999852e+01 3.237764005685562219e-01 1.399231887000000008e+00
7.320884628000000305e+01 3.499182408213583617e-01 1.394769782000000014e+00
7.303889483999999754e+01 3.539203300393903295e-01 1.389912338000000025e+00
7.288287169999999549e+01 3.356664768556570921e-01 1.385315413999999912e+00
7.276331752000000108e+01 3.043649878984844293e-01 1.381703812999999892e+00
7.269842568999999344e+01 2.789722854027848475e-01 1.379725579999999896e+00
7.269842678999999919e+01 2.789811656601312584e-01 1.379767820999999950e+00
7.276332093000000611e+01 3.043873227179612617e-01 1.381823800999999907e+00
7.288287760000000048e+01 3.356944624456372761e-01 1.385494482999999999e+00
7.303890305999999555e+01 3.539478262013859289e-01 1.390123857000000074e+00
7.320885597999999561e+01 3.499413874145312353e-01 1.394984065000000051e+00
7.336961786000000529e+01 3.237932887032695661e-01 1.399420668999999950e+00
7.350059075000000064e+01 2.834185137020109879e-01 1.402924019000000078e+00
7.358584208999999987e+01 2.442949259718767419e-01 1.405143943999999978e+00
7.347652376000000629e+01 1.853057862958748248e-01 1.411881903000000049e+00
7.344623264000000518e+01 2.070483830061409514e-01 1.410615208000000065e+00
7.335876276000000473e+01 2.548246730824140771e-01 1.406979693000000031e+00
7.322414114999999413e+01 3.019836629517480553e-01 1.401258678999999896e+00
7.305846732000000543e+01 3.316948395978546738e-01 1.393973106000000017e+00
7.288275344999999561e+01 3.356230809293153650e-01 1.385928492999999984e+00
7.272087686000000417e+01 3.132009367526234489e-01 1.378212777000000111e+00
7.259644276999999590e+01 2.740095201092814237e-01 1.372079775000000001e+00
7.252875075999999410e+01 2.408475963145285392e-01 1.368683185000000080e+00
7.252875371000000371e+01 2.408557786384338817e-01 1.368725745000000105e+00
7.259645134000000155e+01 2.740289384680579254e-01 1.372200499000000073e+00
7.272089017999999783e+01 3.132236812998874798e-01 1.378392480999999892e+00
7.288276999999999362e+01 3.356440420329008800e-01 1.386140050000000068e+00
7.305848498000000291e+01 3.317113001787754811e-01 1.394186641999999976e+00
7.322415745000000697e+01 3.019946150479930758e-01 1.401446143000000033e+00
7.335877526999999532e+01 2.548305024681606357e-01 1.407118091999999931e+00
7.344623943000000565e+01 2.070505154087097510e-01 1.410688500000000012e+00
7.337447188999999526e+01 1.237918909429927966e-01 1.416377951999999940e+00
7.334327528000000029e+01 1.553624367923721050e-01 1.414782967999999919e+00
7.325320632999999759e+01 2.163836461672352385e-01 1.410164046000000004e+00
7.311460477999999341e+01 2.710313261573428778e-01 1.402826764999999920e+00
7.294403853000000026e+01 3.029305825279459685e-01 1.393376476000000030e+00
7.276310232999999528e+01 3.042449875830181005e-01 1.382815872999999973e+00
7.259634477000000174e+01 2.739258775837150606e-01 1.372572436000000007e+00
7.246808912000000191e+01 2.208097307485613059e-01 1.364353125000000055e+00
7.239828726000000358e+01 1.717754430516349462e-01 1.359767364000000089e+00
7.239829448999999784e+01 1.717899599401175870e-01 1.359810229000000037e+00
7.246810969999999941e+01 2.208391177157581486e-01 1.364474578000000049e+00
7.259637557000000641e+01 2.739554360800183774e-01 1.372752852999999940e+00
7.276313887000000591e+01 3.042686872944434517e-01 1.383027709999999910e+00
7.294407571000000701e+01 3.029464561138144330e-01 1.393589683999999940e+00
7.311463768999999502e+01 2.710395368563046636e-01 1.403013438999999973e+00
7.325323079999999720e+01 2.163857916460200093e-01 1.410301559999999954e+00
7.334328829999999755e+01 1.553614316726122657e-01 1.414855686999999973e+00
7.332063406999999700e+01 5.769513199329096703e-02 1.418780276999999979e+00
7.328882658999999933e+01 1.105344824714042939e-01 1.417014725000000031e+00
7.319703026000000534e+01 1.870243320359887274e-01 1.411880245000000089e+00
7.305584829999999386e+01 2.476548269722582962e-01 1.403682045999999906e+00
7.288221987999999385e+01 2.804821288693332137e-01 1.393056253999999994e+00
7.269815140000000042e+01 2.787780105532350339e-01 1.381102593999999906e+00
7.252859279000000470e+01 2.406747703958239948e-01 1.369435395000000000e+00
7.239822707000000435e+01 1.716644198319073611e-01 1.360025285000000084e+00
7.232729166000000021e+01 9.416375644375640785e-02 1.354755139999999969e+00
7.232730506999999420e+01 9.420833853973643868e-02 1.354798281000000104e+00
7.239826499000000126e+01 1.717270724267385140e-01 1.360147428000000103e+00
7.252864889999999320e+01 2.407289032338695844e-01 1.369616592999999938e+00
7.269821697999999799e+01 2.788179135034196676e-01 1.381314984999999940e+00
7.288228558999999507e+01 2.805070992958188514e-01 1.393269633999999924e+00
7.305590562000000432e+01 2.476666621404753077e-01 1.403868558000000100e+00
7.319707239000000243e+01 1.870262557573079409e-01 1.412017456999999920e+00
7.328884883000000627e+01 1.105308454589620931e-01 1.417087221999999924e+00
