4.378058974999999720e+01 0.000000000000000000e+00 2.220782792000000061e+00
4.388527009999999962e+01 2.863360862491017289e-01 2.178060901999999910e+00
4.412545321999999715e+01 4.062117920949956940e-01 2.110533420999999965e+00
4.440958919999999921e+01 4.302182936917492428e-01 2.058358550999999981e+00
4.469299326000000150e+01 4.112411806171344386e-01 2.016212250000000150e+00
4.495209121999999979e+01 3.560858429589704999e-01 1.984365853999999985e+00
4.516636472999999796e+01 2.783806184444683196e-01 1.958631258000000042e+00
4.532071254000000238e+01 1.781696079969992130e-01 1.939845067000000034e+00
4.540180012999999803e+01 6.145073898619841241e-02 1.929814941000000061e+00
4.387624513000000093e+01 2.874601038001476927e-01 2.202642898000000127e+00
4.393910891000000163e+01 3.110478062442532110e-01 2.136870323000000127e+00
4.417251187000000101e+01 4.276076866396599785e-01 2.091296095000000133e+00
4.445815703000000241e+01 4.632942330717974566e-01 2.049887604999999891e+00
4.475062150000000116e+01 4.586764256871554979e-01 2.014470864000000194e+00
4.502385801999999870e+01 4.294519795084320024e-01 1.978032202999999933e+00
4.525728517999999667e+01 3.882502670966940794e-01 1.941725173000000026e+00
4.543254643000000215e+01 3.499776565554969521e-01 1.910583058000000056e+00
4.553220574000000198e+01 3.345987087953232741e-01 1.890394434999999929e+00
4.411708112000000170e+01 4.070033955002091419e-01 2.135270443000000018e+00
4.416593587999999926e+01 4.328936420235369176e-01 2.141510826000000201e+00
4.434313111000000163e+01 5.133721249842081447e-01 2.106842889000000163e+00
4.461706314999999989e+01 5.354893646783185357e-01 2.047114257000000048e+00
4.490914427999999958e+01 5.210055897693453009e-01 1.995757970999999964e+00
4.518752231999999935e+01 4.817208943140378063e-01 1.947605680999999977e+00
4.543238562999999886e+01 4.220125029056434052e-01 1.901654044000000043e+00
4.562268516999999690e+01 3.312381474693815164e-01 1.857254715000000056e+00
4.571146244999999908e+01 1.277292624583729018e-02 1.730361991000000099e+00
4.440157204999999863e+01 4.305702639039950541e-01 2.083490535000000143e+00
4.445449623999999744e+01 4.691826730140691848e-01 2.085247412000000189e+00
4.461627401999999876e+01 5.381201188323113671e-01 2.057936030000000027e+00
4.486011111999999912e+01 5.550476408253330884e-01 2.010812120999999841e+00
4.512680799000000320e+01 5.210893215767458120e-01 1.963151241000000047e+00
4.537715038000000334e+01 4.415128899997871614e-01 1.916517398000000094e+00
4.558207408999999899e+01 3.004551953704758249e-01 1.867320469000000038e+00
4.568912488000000138e+01 8.451798431467721917e-02 1.785916462000000093e+00
4.559810966999999948e+01 2.857279780598807051e-01 1.677761419999999948e+00
4.469443695999999733e+01 5.802751903402887379e-01 2.028118191999999986e+00
4.475003586999999783e+01 4.630301279511150336e-01 2.031974518000000174e+00
4.490939671000000288e+01 5.228097267689979510e-01 2.002477691000000171e+00
4.512718018999999714e+01 5.216273572730124597e-01 1.964555548000000096e+00
4.535156097000000130e+01 4.450470648762282488e-01 1.923239442999999937e+00
4.553162658000000107e+01 2.661060587926276644e-01 1.876140512000000093e+00
4.560904836000000273e+01 9.986682427286179553e-02 1.810860077000000068e+00
4.553702003000000076e+01 3.735855203228372612e-01 1.732978380999999901e+00
4.542394808000000239e+01 2.970538652084956932e-01 1.718417362000000059e+00
4.495334127000000279e+01 3.561857368438299254e-01 2.010079537999999832e+00
4.502514649999999818e+01 4.308448056432314099e-01 1.984229303000000000e+00
4.518881142000000040e+01 4.827885831754697987e-01 1.950154404000000063e+00
4.537829149000000228e+01 4.423588287529758856e-01 1.916387386000000026e+00
4.553241026999999974e+01 2.668647021273631847e-01 1.874771683000000078e+00
4.557186629000000266e+01 8.603123960021445693e-02 1.814182350000000055e+00
4.545930797999999839e+01 3.949329125861026357e-01 1.749196374999999914e+00
4.530367296000000010e+01 4.000378799358019766e-01 1.734919450999999890e+00
4.522886642999999651e+01 3.033092550351513816e-01 1.779402299000000021e+00
4.516764729999999872e+01 2.784388452072482090e-01 1.982774867999999913e+00
4.525903759999999920e+01 3.884906216776680687e-01 1.945479364000000100e+00
4.543436636999999934e+01 4.227849360705135395e-01 1.902464563999999969e+00
4.558423633000000308e+01 3.020085373098035375e-01 1.864270770999999938e+00
4.561122093000000177e+01 1.003444984572711279e-01 1.804184513999999906e+00
4.546094139000000212e+01 3.940433457752295920e-01 1.742652413999999927e+00
4.523998560999999796e+01 4.403113221666504207e-01 1.714432638999999980e+00
4.507612149999999929e+01 3.522309753209175165e-01 1.753903098999999965e+00
4.502742995999999920e+01 2.923789601012252715e-01 1.868734023000000022e+00
4.532201040000000347e+01 1.782005321867556058e-01 1.962738257999999902e+00
4.543424747000000252e+01 3.500717047421710304e-01 1.915097564000000085e+00
4.562495376999999763e+01 3.324532504478861505e-01 1.857774151999999956e+00
4.569248807000000312e+01 8.357831278135310904e-02 1.774634048000000019e+00
4.554088706000000286e+01 3.721510506729849843e-01 1.715070105999999983e+00
4.530784854000000195e+01 3.978682022734529866e-01 1.714841339999999992e+00
4.508057420000000093e+01 3.488687196412873504e-01 1.733979517000000081e+00
4.489073805999999678e+01 2.885932226525066979e-01 1.736226806999999983e+00
4.486487289000000089e+01 1.578357805593335328e-01 2.070385943999999867e+00
4.540310427000000004e+01 6.146099868888976747e-02 1.951966228999999942e+00
4.553382850999999931e+01 3.345329996256996008e-01 1.896081767000000085e+00
4.571421217000000325e+01 1.021686607361595341e-02 1.715480751999999942e+00
4.560180357000000129e+01 2.848236327402644541e-01 1.651741064000000092e+00
4.542855269999999734e+01 2.955652244686651775e-01 1.689942704999999989e+00
4.523448649000000188e+01 3.016333219544530819e-01 1.745686618999999995e+00
4.503417086000000324e+01 2.906233131470906117e-01 1.826145169999999984e+00
4.487053085000000152e+01 1.672061088855827660e-01 2.015975271999999929e+00
4.481379214999999760e+01 3.879712999532018008e-02 2.124446142000000037e+00
4.387650984999999793e+01 2.873476891872444594e-01 2.206316893999999973e+00
4.393988793999999842e+01 3.054797702631097955e-01 2.194662258999999782e+00
4.417236090000000104e+01 4.268260914636019532e-01 2.128419198000000012e+00
4.445775004000000052e+01 4.628762816436802208e-01 2.065162056000000135e+00
4.475020813999999802e+01 4.588754502048333905e-01 2.004951968999999945e+00
4.502372370999999873e+01 4.298323834787793896e-01 1.952280467000000019e+00
4.525738924000000196e+01 3.884076958617637687e-01 1.912759987999999911e+00
4.543269989000000209e+01 3.499364560802571966e-01 1.883981530000000015e+00
4.553230549999999965e+01 3.344747302248295973e-01 1.866365703999999903e+00
4.553239027000000050e+01 3.346554252263825857e-01 1.866767121000000085e+00
4.543273107000000266e+01 3.500312625053276228e-01 1.886136692000000004e+00
4.525740858999999716e+01 3.882656546583054258e-01 1.917591237999999976e+00
4.502394226999999916e+01 4.293717467445545832e-01 1.961136693999999903e+00
4.475072379000000211e+01 4.585588558837779272e-01 2.017467012000000004e+00
4.445824712999999662e+01 4.633869847014985832e-01 2.077981630000000024e+00
4.417248504999999881e+01 4.280312804961771689e-01 2.138500067999999921e+00
4.393862992999999761e+01 3.151907603352959164e-01 2.197831282000000108e+00
4.394146268000000077e+01 2.909378477332185131e-01 2.146244899000000039e+00
4.403960682000000304e+01 3.913859305363446839e-01 2.116406356000000155e+00
4.427257396000000256e+01 4.834270635480266698e-01 2.060490923000000141e+00
4.455649326000000343e+01 5.105520464320179030e-01 2.010980961000000011e+00
4.484451981000000131e+01 4.989614745581278932e-01 1.969482693000000006e+00
4.511016356999999743e+01 4.620928421856941859e-01 1.933050707999999895e+00
4.533388453999999967e+01 4.064046049213075884e-01 1.900702391000000047e+00
4.549830392999999873e+01 3.400910410078292201e-01 1.873885022999999928e+00
4.558693457999999765e+01 2.855828266119067038e-01 1.857458789999999915e+00
4.558711957999999953e+01 2.856298937125041348e-01 1.857869315999999937e+00
4.549878613999999999e+01 3.402890175564693975e-01 1.874977139000000070e+00
4.533452532999999818e+01 4.067501955406682690e-01 1.902176560000000016e+00
4.511083342999999957e+01 4.625338139040839347e-01 1.934632286000000034e+00
4.484510208999999747e+01 4.994553782537850539e-01 1.970931586999999929e+00
4.455688733000000212e+01 5.110435020401227213e-01 2.012013414000000111e+00
4.427272531999999927e+01 4.838073793001168021e-01 2.060433143000000022e+00
4.403953600999999907e+01 3.932313748915304830e-01 2.107660738999999950e+00
4.417041371999999910e+01 4.246217045495844222e-01 2.134547056000000165e+00
4.426861009999999652e+01 4.874855604138226828e-01 2.104821296999999980e+00
4.443181933000000328e+01 5.395283081520516610e-01 2.072729350999999998e+00
4.470106733000000077e+01 5.525278456880942102e-01 2.009050794999999834e+00
4.498847382000000295e+01 5.286583998490492764e-01 1.960282094000000086e+00
4.525616933999999958e+01 4.735230717486996754e-01 1.918826901000000085e+00
4.548202592999999894e+01 3.901552864389438713e-01 1.882068966999999926e+00
4.564714638000000235e+01 2.770133270657203495e-01 1.847099894999999936e+00
4.570925120999999791e+01 7.318373865553695623e-02 1.724934057000000021e+00
4.570945680999999894e+01 7.459599976506749164e-02 1.726167500000000077e+00
4.564757755000000117e+01 2.772235611643079078e-01 1.846518074000000009e+00
4.548236921000000166e+01 3.904484274881274142e-01 1.881054191000000042e+00
4.525629913000000215e+01 4.739422935868256026e-01 1.918142314000000015e+00
4.498830371999999755e+01 5.290422373585502713e-01 1.959593083999999985e+00
4.470048858999999908e+01 5.525949143556730947e-01 2.006712645999999989e+00
4.443038391000000331e+01 5.387438394183136081e-01 2.061593621000000098e+00
4.426626077000000237e+01 4.864829212398986136e-01 2.074930446999999845e+00
4.445423403000000206e+01 4.595969477478779597e-01 2.081050541999999837e+00
4.455351748999999728e+01 5.118098219012743311e-01 2.054693678000000023e+00
4.470036955999999861e+01 5.540812694596322086e-01 2.034179260000000156e+00
4.492615862000000249e+01 5.559817352503919619e-01 1.991667701999999984e+00
4.518248419999999754e+01 5.097914212329773820e-01 1.945999406000000098e+00
4.541919264999999939e+01 4.111849627886123293e-01 1.903270892999999964e+00
4.560196526000000006e+01 2.479361502545471274e-01 1.859150711000000067e+00
4.568593266999999969e+01 1.023665076934225232e-01 1.786080724999999925e+00
4.560812136999999922e+01 2.470388623542044138e-01 1.687610942999999919e+00
4.560818347000000017e+01 2.473457551033686752e-01 1.687541395000000000e+00
4.568631744999999711e+01 1.026949737143927482e-01 1.785641500000000104e+00
4.560199318000000090e+01 2.484596026185589002e-01 1.857296478000000084e+00
4.541879119000000031e+01 4.114740810631534185e-01 1.900435799000000037e+00
4.518166389000000294e+01 5.099042280896833867e-01 1.941353611999999895e+00
4.492483432000000221e+01 5.558801994473283603e-01 1.982497509999999963e+00
4.469841968000000065e+01 5.534194239904017820e-01 2.014915423000000150e+00
4.455124630000000252e+01 5.115376650675588222e-01 2.023247261999999935e+00
4.474450413000000282e+01 4.556439547611632612e-01 2.033551727999999947e+00
4.484194175999999743e+01 4.996621154836708989e-01 2.013148208000000050e+00
4.498842546000000198e+01 5.296390917061026826e-01 1.987159327999999947e+00
4.518290918999999661e+01 5.102733201793563378e-01 1.954706406999999979e+00
4.538916437999999687e+01 4.161556354162751492e-01 1.915848251999999974e+00
4.554820434999999890e+01 2.177772395698051588e-01 1.871031308999999920e+00
4.560439789000000133e+01 1.201626675841983988e-01 1.810532846999999945e+00
4.554128747000000033e+01 3.243260889754819298e-01 1.743748239999999949e+00
4.545922739000000234e+01 2.719638829718383777e-01 1.728661419000000032e+00
4.545925408000000090e+01 2.721743002078722551e-01 1.727700824000000024e+00
4.554133552999999779e+01 3.247472534981397652e-01 1.741543837000000039e+00
4.560420026999999976e+01 1.204203929599799439e-01 1.807850139999999994e+00
4.554754212999999652e+01 2.181765991370830660e-01 1.867052635999999932e+00
4.538807168000000303e+01 4.162970308763966898e-01 1.909022728000000058e+00
4.518138903999999911e+01 5.101906575699892699e-01 1.942305887999999925e+00
4.498644972999999680e+01 5.291559030417134490e-01 1.964621648000000054e+00
4.483976760000000183e+01 4.993859681828634600e-01 1.980405651999999961e+00
4.501617518999999845e+01 4.286743013588052431e-01 1.989988518000000095e+00
4.510773529000000082e+01 4.625892379905255924e-01 1.976603437000000074e+00
4.525673754000000315e+01 4.742085593651655939e-01 1.944329900999999916e+00
4.542036525999999697e+01 4.119618010123652918e-01 1.913441793999999918e+00
4.554905566000000050e+01 2.185296967043865168e-01 1.873056169999999909e+00
4.556746685000000241e+01 1.115480814397168396e-01 1.815750318999999946e+00
4.546000008000000037e+01 3.523266412646871015e-01 1.758211439999999959e+00
4.533215652999999890e+01 3.580295426054176944e-01 1.744214512999999966e+00
4.527920310999999742e+01 3.204986291702342505e-01 1.774564800000000053e+00
4.527914649000000225e+01 3.206340799393381236e-01 1.773369787999999891e+00
4.533191764000000035e+01 3.582421294225207609e-01 1.740952341000000070e+00
4.545956598000000071e+01 3.523826367205477594e-01 1.754108994000000088e+00
4.556675546999999682e+01 1.111945364421156046e-01 1.810914402999999950e+00
4.554795767000000239e+01 2.188636425807123365e-01 1.865506166999999937e+00
4.541888746000000054e+01 4.120249398891512871e-01 1.899835045999999972e+00
4.525485557999999742e+01 4.739115475175068037e-01 1.920153549999999987e+00
4.510563101000000330e+01 4.622863290959184357e-01 1.942505962000000030e+00
4.524909251999999782e+01 3.886004130714644789e-01 1.952666712999999943e+00
4.533146820999999704e+01 4.068382184977147320e-01 1.943853550999999902e+00
4.548312387000000001e+01 3.910716550030754468e-01 1.905212380000000039e+00
4.560411368999999837e+01 2.494436313037019792e-01 1.866940244000000027e+00
4.560663150999999971e+01 1.203464084921516963e-01 1.808421201999999894e+00
4.546165819000000141e+01 3.514950695287226701e-01 1.752696325000000055e+00
4.526607177000000348e+01 3.904017197420229235e-01 1.725533908999999921e+00
4.512297462000000081e+01 3.500536858890573311e-01 1.749563336000000024e+00
4.507495958999999885e+01 3.372044525859721475e-01 1.821151946000000077e+00
4.507482209999999867e+01 3.372105605038145937e-01 1.820188324000000080e+00
4.512254044000000164e+01 3.500149720889532134e-01 1.746332932000000060e+00
4.526553125000000222e+01 3.903301514151019669e-01 1.720976231999999939e+00
4.546107828000000239e+01 3.511463152268279320e-01 1.747068285999999970e+00
4.560581464999999923e+01 1.198739377799421107e-01 1.800587721000000085e+00
4.560288364000000172e+01 2.499377896342766525e-01 1.853516149000000057e+00
4.548143264000000130e+01 3.910471149597586904e-01 1.881099695999999932e+00
4.532941282000000172e+01 4.065012653347948590e-01 1.908702190000000076e+00
4.542425885000000108e+01 3.505559249539757505e-01 1.922895886999999915e+00
4.549583075999999693e+01 3.405622415434624295e-01 1.916355744000000083e+00
4.564868657000000240e+01 2.789673418315886111e-01 1.867016940999999930e+00
4.568924583999999811e+01 1.009488761942594626e-01 1.784868648000000002e+00
4.554524136999999939e+01 3.227743931274569822e-01 1.729102691000000025e+00
4.533640762999999652e+01 3.563476200286635476e-01 1.723621719000000052e+00
4.512694066000000248e+01 3.484098905457877482e-01 1.730055705999999915e+00
4.495069500999999690e+01 3.235212511656986867e-01 1.731122649000000013e+00
4.488011318000000216e+01 2.713594263639725890e-01 1.895530611999999948e+00
4.487994471999999746e+01 2.711040373897388722e-01 1.895247721999999913e+00
4.495021083999999689e+01 3.231743004254471474e-01 1.728825862999999963e+00
4.512657755000000037e+01 3.483374748330352877e-01 1.727230695999999899e+00
4.533619977000000034e+01 3.562417191713065923e-01 1.718833821999999900e+00
4.554504880999999727e+01 3.221039658922305593e-01 1.721404246000000082e+00
4.568863773999999722e+01 1.000939554660289221e-01 1.772447447000000009e+00
4.564724978000000277e+01 2.795864779498548613e-01 1.844789344000000053e+00
4.549377756999999889e+01 3.401417669730853466e-01 1.880796533999999909e+00
4.552379481999999911e+01 3.352846594278561243e-01 1.904316236000000107e+00
4.558438736000000091e+01 2.861859858919585387e-01 1.899178787000000090e+00
4.571172492000000176e+01 6.867851669259350533e-02 1.722728904000000005e+00
4.561180747000000224e+01 2.457908549454122515e-01 1.665794345999999981e+00
4.546401172000000201e+01 2.706708973171245147e-01 1.699551846999999949e+00
4.528502277999999848e+01 3.194096107406441676e-01 1.739553797999999984e+00
4.508163717000000048e+01 3.356835330015091046e-01 1.782076149999999970e+00
4.488792641999999944e+01 2.674420429663947330e-01 1.851700477000000067e+00
4.478744071999999932e+01 8.978038514941633075e-02 2.118738248000000102e+00
4.478743735999999842e+01 8.979940234627023510e-02 2.119251747999999935e+00
4.488770463000000177e+01 2.669651833500265581e-01 1.853043283999999957e+00
4.508148348999999655e+01 3.358605108693472063e-01 1.781336024000000018e+00
4.528516736000000265e+01 3.199417484053044824e-01 1.736396658999999953e+00
4.546445109999999801e+01 2.710088734604790273e-01 1.693395868999999943e+00
4.561226491000000038e+01 2.449542490420000274e-01 1.656776252000000005e+00
4.571139802999999802e+01 6.297493208017021504e-02 1.708375242000000016e+00
4.558222701999999771e+01 2.856264858520982108e-01 1.863750916999999951e+00
4.411733944000000207e+01 4.070174997028006558e-01 2.135347969000000123e+00
4.416598467000000028e+01 4.321450001854059142e-01 2.133567771000000057e+00
4.434254377999999974e+01 5.141999821502962753e-01 2.103010612999999918e+00
4.461671307999999669e+01 5.360526421244518058e-01 2.038847778000000055e+00
4.490895145000000355e+01 5.215180415433099403e-01 1.978027690000000005e+00
4.518750913000000224e+01 4.821321054178229759e-01 1.923123868000000014e+00
4.543252374000000060e+01 4.221778889802922374e-01 1.875146305999999985e+00
4.562280458000000039e+01 3.309715267113373383e-01 1.833228301999999976e+00
4.571125250000000051e+01 1.311079823513636514e-02 1.719612311999999976e+00
4.571177079999999648e+01 1.351072660365698966e-02 1.716685368999999906e+00
4.562286009000000320e+01 3.314166337684711361e-01 1.837499986000000085e+00
4.543239228000000196e+01 4.220332083154115232e-01 1.884963112000000107e+00
4.518742061999999748e+01 4.816118143915673611e-01 1.937483327999999894e+00
4.490902249999999896e+01 5.207563786626043800e-01 1.995541836999999985e+00
4.461704223000000269e+01 5.350851726175640533e-01 2.058823658000000112e+00
4.434346206000000024e+01 5.126750755591168440e-01 2.126481409000000156e+00
4.416633215000000234e+01 4.333841250710725457e-01 2.145238308000000149e+00
4.417057001999999954e+01 4.242500196637412069e-01 2.088850537999999979e+00
4.426755302000000114e+01 4.868901009773082822e-01 2.064779745000000055e+00
4.443049402999999842e+01 5.395246288377577581e-01 2.055108509000000083e+00
4.470020425999999958e+01 5.525619681617753853e-01 1.999282728999999925e+00
4.498780946000000114e+01 5.287525998344572153e-01 1.947422438000000033e+00
4.525567411000000106e+01 4.736398830483300459e-01 1.902445316000000108e+00
4.548171800000000076e+01 3.902271750978275056e-01 1.863478992999999972e+00
4.564697784999999897e+01 2.769103436623652770e-01 1.828777985000000106e+00
4.570904578999999757e+01 7.298046127591494014e-02 1.717619994000000094e+00
4.570936226999999974e+01 7.419913988104388791e-02 1.714527259000000026e+00
4.564747058999999751e+01 2.766403326804777740e-01 1.832295945999999898e+00
4.548243140000000295e+01 3.900049873182857008e-01 1.870614097000000031e+00
4.525655503000000124e+01 4.736373755066451419e-01 1.911897109000000095e+00
4.498871762999999646e+01 5.288852572558028209e-01 1.958884996000000100e+00
4.470109444999999937e+01 5.525865093947601725e-01 2.013759909000000015e+00
4.443162494999999979e+01 5.388068321556269691e-01 2.075311215000000153e+00
4.426781668000000280e+01 4.862952536093007594e-01 2.071646342000000196e+00
4.434005508999999989e+01 5.086325055582623378e-01 2.106376079999999984e+00
4.442702968999999769e+01 5.349477852209622020e-01 2.071238947999999969e+00
4.456788423999999793e+01 5.047576805281811518e-01 2.010250108999999785e+00
4.484414169000000072e+01 5.236890758481788088e-01 1.957522573000000099e+00
4.512405687999999770e+01 4.900719851872590849e-01 1.919058965000000061e+00
4.537433278999999686e+01 4.116289058612304652e-01 1.885816780000000081e+00
4.557024410999999731e+01 2.923529857616016803e-01 1.857183951999999971e+00
4.569557912999999871e+01 1.517632421404402354e-01 1.833825127000000110e+00
4.574496008999999930e+01 3.926803148858324932e-01 1.644451705999999902e+00
4.574447191000000146e+01 3.923676487451386308e-01 1.643981576999999916e+00
4.569634007999999881e+01 1.512284402682597950e-01 1.834993137000000107e+00
4.557132665999999688e+01 2.922149268025084901e-01 1.858941286999999942e+00
4.537550429000000207e+01 4.118637400902073753e-01 1.887963679999999922e+00
4.512508391000000074e+01 4.905749616922966405e-01 1.921359293999999940e+00
4.484483348999999919e+01 5.243152859552476786e-01 1.959636243000000055e+00
4.456810055999999776e+01 5.056537477702099936e-01 2.002332650000000047e+00
4.442603202000000095e+01 5.340558236719014085e-01 2.064209498999999948e+00
4.461178134000000028e+01 5.330489119548584842e-01 2.057173839999999920e+00
4.469571157000000028e+01 5.508990391504757778e-01 2.032227615000000043e+00
4.484155269000000033e+01 5.242491067574746033e-01 2.001973103000000087e+00
4.503288708000000184e+01 5.020056438382098918e-01 1.966537750000000084e+00
4.527114102000000173e+01 4.353817196940117373e-01 1.923848959999999941e+00
4.547982781000000330e+01 3.087352080108842212e-01 1.889658005000000029e+00
4.561934667999999959e+01 1.457944131517406594e-01 1.857382327999999916e+00
4.567112087000000287e+01 1.484249987376705937e-01 1.811303689999999911e+00
4.563460273999999828e+01 1.807722589711082961e-01 1.721226812999999911e+00
4.563496140000000167e+01 1.813849746942511054e-01 1.720425064999999920e+00
4.567179044000000232e+01 1.488329880999923194e-01 1.809884580999999937e+00
4.561994236000000313e+01 1.458294433639229226e-01 1.854824365999999891e+00
4.548017919000000120e+01 3.087591583527352079e-01 1.885533732000000073e+00
4.527090857000000312e+01 4.355853542674048562e-01 1.916129924000000040e+00
4.503131203000000227e+01 5.024130288445863846e-01 1.948501569999999905e+00
4.483866181999999867e+01 5.242536949498299848e-01 1.971719318999999970e+00
4.469410734000000218e+01 5.502122679808194583e-01 2.016417643000000037e+00
4.490275874000000300e+01 5.196806861748315409e-01 2.003643777000000181e+00
4.498302015000000154e+01 5.280865346437328967e-01 1.986483057999999913e+00
4.512174960000000112e+01 4.902778305666092296e-01 1.963304055000000048e+00
4.527082576000000103e+01 4.358818887738227787e-01 1.945321867000000093e+00
4.543550900000000325e+01 3.208910922573747215e-01 1.914048218000000023e+00
4.555219366000000036e+01 1.287532690241626199e-01 1.876338687999999921e+00
4.557759130000000170e+01 1.602969615856998931e-01 1.829418729999999993e+00
4.554075192999999899e+01 2.365979030215535350e-01 1.782696097000000091e+00
4.552511681000000010e+01 2.058610787667203845e-01 1.756568620999999997e+00
4.552528797000000083e+01 2.062437545965647434e-01 1.753598374999999931e+00
4.554091843999999867e+01 2.373488074645425661e-01 1.777151413999999985e+00
4.557749951000000266e+01 1.609399348842676936e-01 1.823738136000000010e+00
4.555167534999999646e+01 1.289175053059428699e-01 1.868613102999999942e+00
4.543428102000000024e+01 3.212378774352521726e-01 1.900621290999999990e+00
4.526856160999999901e+01 4.363432903568100762e-01 1.921561566999999915e+00
4.511905852000000294e+01 4.903254593773939130e-01 1.932685857999999923e+00
4.498129809999999651e+01 5.276793426323144187e-01 1.966761656000000080e+00
4.518042891999999711e+01 4.814343985074820420e-01 1.953136318999999954e+00
4.525054294000000255e+01 4.732721594595017400e-01 1.944882702999999990e+00
4.537206347000000051e+01 4.113821417772987599e-01 1.929505068000000101e+00
4.547969070999999985e+01 3.093379031042968186e-01 1.915834266999999924e+00
4.555258315999999752e+01 1.299508412736231355e-01 1.884353672999999896e+00
4.553914071999999891e+01 1.503685731978859352e-01 1.837084643000000073e+00
4.545229010999999986e+01 2.646823969794062092e-01 1.794325962999999913e+00
4.537734800999999862e+01 2.668497137014178011e-01 1.780596926999999940e+00
4.536344163999999779e+01 2.924939393876275218e-01 1.788335089000000044e+00
4.536334334000000013e+01 2.927682979616515468e-01 1.785275713000000097e+00
4.537699040999999767e+01 2.673557275040392978e-01 1.773416435999999985e+00
4.545169420999999943e+01 2.650177435800201153e-01 1.786279031999999933e+00
4.553821348000000313e+01 1.503001725210227069e-01 1.827905968000000048e+00
4.555105849000000262e+01 1.304732853429670103e-01 1.869984606999999910e+00
4.547742822000000018e+01 3.098222003934426039e-01 1.891653851000000053e+00
4.536956375999999835e+01 4.115467533635761566e-01 1.898719067000000038e+00
4.524884311999999653e+01 4.731931342967889420e-01 1.922933750000000108e+00
4.542497859000000204e+01 4.226949080055274477e-01 1.906528400000000012e+00
4.547615351000000317e+01 3.897821022341988462e-01 1.906647975999999911e+00
4.556776715000000166e+01 2.916211052515189639e-01 1.899795238000000053e+00
4.561953214999999773e+01 1.472774951908929209e-01 1.882373984000000000e+00
4.557898718999999943e+01 1.602441243681587135e-01 1.834811366999999915e+00
4.545371570999999733e+01 2.637183198381714555e-01 1.790039616999999916e+00
4.530787774000000212e+01 2.834595204394729229e-01 1.768958350999999984e+00
4.519956495999999646e+01 2.902204883673937807e-01 1.780019660000000004e+00
4.515503061999999801e+01 3.255278901668062219e-01 1.809717545000000039e+00
4.515474091000000101e+01 3.256301373226673235e-01 1.807315379999999916e+00
4.519882948000000056e+01 2.903080697117481623e-01 1.773529592999999904e+00
4.530704121000000129e+01 2.834864037532067171e-01 1.760692461999999958e+00
4.545279976999999860e+01 2.633553528815203437e-01 1.780556881000000091e+00
4.557762155999999720e+01 1.597537856358538788e-01 1.821341770999999943e+00
4.561746834000000206e+01 1.478835904985909000e-01 1.859709942000000060e+00
4.556546477999999922e+01 2.918757536436694111e-01 1.869531679999999918e+00
4.547459563000000315e+01 3.901521005745029469e-01 1.884232045999999938e+00
4.561547414000000344e+01 3.340196807578832972e-01 1.862289834000000033e+00
4.564115283000000289e+01 2.773608240325386443e-01 1.868954312999999923e+00
4.569272468999999859e+01 1.508664277556996669e-01 1.874874442999999946e+00
4.567219744999999875e+01 1.459328686388020324e-01 1.828005391000000035e+00
4.554427581000000202e+01 2.338716637085598293e-01 1.772110204999999938e+00
4.538156517000000179e+01 2.657965149947507655e-01 1.758758790999999988e+00
4.520289692000000059e+01 2.906316989314450816e-01 1.761696530999999899e+00
4.504236110000000082e+01 2.768972195262860425e-01 1.777642822000000011e+00
4.495470619000000312e+01 2.649888242044509679e-01 1.814579759999999986e+00
4.495430599000000171e+01 2.647899040212990940e-01 1.812878541999999982e+00
4.504147317999999700e+01 2.766297579061209322e-01 1.773221646999999956e+00
4.520214226000000224e+01 2.908005487942946776e-01 1.755873103999999962e+00
4.538109828999999706e+01 2.657812483014353466e-01 1.751114368999999948e+00
4.554366561999999874e+01 2.329187351160777186e-01 1.760712711000000041e+00
4.567063430000000324e+01 1.451022286562165808e-01 1.808357087000000085e+00
4.569054994999999764e+01 1.509663124628933262e-01 1.846057752999999968e+00
4.563985830000000021e+01 2.786151026128425578e-01 1.847980200000000073e+00
4.570903505999999794e+01 2.046706811006624230e-02 1.725959280000000096e+00
4.570722642999999863e+01 5.012031868145179481e-02 1.730218229999999968e+00
4.574597931999999645e+01 3.080568930870983269e-01 1.672069993000000032e+00
4.563816598999999741e+01 1.739444171754199187e-01 1.705997578999999931e+00
4.553076048999999870e+01 2.046393547442230954e-01 1.723489468999999996e+00
4.536986830000000026e+01 2.923383591443284857e-01 1.750675358000000070e+00
4.516116406999999811e+01 3.265708584352846611e-01 1.775266229000000084e+00
4.495896075000000280e+01 2.683196524018756079e-01 1.793240692999999997e+00
4.483610336999999646e+01 1.324723347854035449e-01 1.809599876000000052e+00
4.483568205000000262e+01 1.315885773565557693e-01 1.808619519000000064e+00
4.495813737000000287e+01 2.681474483598641489e-01 1.791367694000000066e+00
4.516057871000000290e+01 3.271270677751043632e-01 1.772167073000000093e+00
4.536988569999999754e+01 2.931201877899950459e-01 1.745091922999999934e+00
4.553132524000000103e+01 2.049033901817290670e-01 1.714390379999999992e+00
4.563842394000000269e+01 1.704721294193902448e-01 1.692331704999999964e+00
4.574491620999999952e+01 1.243965547317224390e-01 1.768975106000000075e+00
4.570711531999999977e+01 4.440000438745278499e-02 1.715862261999999916e+00
4.440184574999999967e+01 4.306155869369369116e-01 2.081161247999999908e+00
4.445438278000000309e+01 4.689785159495555855e-01 2.070074806000000045e+00
4.461615133000000100e+01 5.386357794039784430e-01 2.040613426999999813e+00
4.486015289000000195e+01 5.554910203643060873e-01 1.992233922000000046e+00
4.512693600000000060e+01 5.213819362557030601e-01 1.941342115999999951e+00
4.537731903000000244e+01 4.416319114623972197e-01 1.891691272000000090e+00
4.558221014000000082e+01 3.002043946560240539e-01 1.841325536999999901e+00
4.568895767000000063e+01 8.498599776509872805e-02 1.764355879000000016e+00
4.559792264000000017e+01 2.853289231131870274e-01 1.668809379999999898e+00
4.559824002999999948e+01 2.859082007087848654e-01 1.666757572000000076e+00
4.568933531999999786e+01 8.454919446296244034e-02 1.767716296999999992e+00
4.558197217000000023e+01 3.007337047430628796e-01 1.853339268999999900e+00
4.537687418000000150e+01 4.414998489179429719e-01 1.907844604000000110e+00
4.512650512999999819e+01 5.209039677932005841e-01 1.959420275999999905e+00
4.485995039000000162e+01 5.546904391068170348e-01 2.011336099000000210e+00
4.461649263999999704e+01 5.376088143965548349e-01 2.059805900999999828e+00
4.445505647000000238e+01 4.692817598994741823e-01 2.083383820999999969e+00
4.445421575000000303e+01 4.591836042053325517e-01 2.047701909000000153e+00
4.455256875999999977e+01 5.117037781186755119e-01 2.010883192000000097e+00
4.469940404999999828e+01 5.538784309723535637e-01 2.000436184999999867e+00
4.492530960999999934e+01 5.560218992717137487e-01 1.964755290999999904e+00
4.518180818999999815e+01 5.098228817665632073e-01 1.921765229000000019e+00
4.541866121000000334e+01 4.111947891580133851e-01 1.879020582000000106e+00
4.560156768000000227e+01 2.478916753834586595e-01 1.834774107999999959e+00
4.568558847999999983e+01 1.026967252810188358e-01 1.766068395000000013e+00
4.560798702000000304e+01 2.466712003371271944e-01 1.679215134999999970e+00
4.560816319999999990e+01 2.469617439828837580e-01 1.677310279999999931e+00
4.568591458000000216e+01 1.027648722669332881e-01 1.769166577000000018e+00
4.560179645000000193e+01 2.477469213565354211e-01 1.845018692000000016e+00
4.541894357000000326e+01 4.109501293564521984e-01 1.892786281000000015e+00
4.518212118000000288e+01 5.096292989243482729e-01 1.937581758999999959e+00
4.492565785000000034e+01 5.557535600896654771e-01 1.982058169999999953e+00
4.469975594999999657e+01 5.536078324435466103e-01 2.015713933999999874e+00
4.455266499999999752e+01 5.115527235565816566e-01 2.017032912999999983e+00
4.461165138999999868e+01 5.329554302121163323e-01 2.046322840999999837e+00
4.469503879999999896e+01 5.507628009228815458e-01 2.007062864999999974e+00
4.484013946999999689e+01 5.242273033479178945e-01 1.957104788000000095e+00
4.503144679999999767e+01 5.021668766082455493e-01 1.926958460000000040e+00
4.527021313000000191e+01 4.353446521512383538e-01 1.899322986000000046e+00
4.547913205999999775e+01 3.086303547596761510e-01 1.870471525999999995e+00
4.561877487999999659e+01 1.458497008022368036e-01 1.839889893999999915e+00
4.567066501000000045e+01 1.488773850149666955e-01 1.795772539999999973e+00
4.563451483000000053e+01 1.804167167608619060e-01 1.713306014000000044e+00
4.563446496000000252e+01 1.802815270738766795e-01 1.712746141000000000e+00
4.567099205000000239e+01 1.494888737903162790e-01 1.798930898000000056e+00
4.561961104000000233e+01 1.450038878782800578e-01 1.846361501000000072e+00
4.548033052000000254e+01 3.081367934633910677e-01 1.879252015999999914e+00
4.527155487000000278e+01 4.352431653348712848e-01 1.910707876000000027e+00
4.503278089999999878e+01 5.021162900059586987e-01 1.941914692999999970e+00
4.484043659000000304e+01 5.244040941049614712e-01 1.964201947999999920e+00
4.469478432999999740e+01 5.504263540624981799e-01 2.009539694999999959e+00
4.485388864000000098e+01 5.531161073003756368e-01 2.010820445999999873e+00
4.491924628999999669e+01 5.544478091472088144e-01 1.990385905999999983e+00
4.502660983999999900e+01 5.010421728546927689e-01 1.966480905999999917e+00
4.509567580000000220e+01 4.162354498714445072e-01 1.952348066000000104e+00
4.532312237000000010e+01 3.253816082348537364e-01 1.914786525000000017e+00
4.549148515000000259e+01 1.912291462675080045e-01 1.891997836000000044e+00
4.557467250999999919e+01 1.794323672517723622e-01 1.872918960000000022e+00
4.558001301000000183e+01 3.116151105229131302e-01 1.857756232999999924e+00
4.555622736000000117e+01 3.900961473994901674e-01 1.849512146999999995e+00
4.555635628000000281e+01 3.903464601651776555e-01 1.849847443999999896e+00
4.558049434000000133e+01 3.122039132519996429e-01 1.858539932000000006e+00
4.557559473999999966e+01 1.797365898486005253e-01 1.874236624999999989e+00
4.549269533999999737e+01 1.910363188518790500e-01 1.893837685999999909e+00
4.532429338000000030e+01 3.256442814792804286e-01 1.916905279000000073e+00
4.509647994000000182e+01 4.173164005337236526e-01 1.944119849000000011e+00
4.502505843000000141e+01 5.014297972306964724e-01 1.953841316000000106e+00
4.491837012999999956e+01 5.542712544140584452e-01 1.985568725000000034e+00
4.512003632999999780e+01 5.202782399448512285e-01 1.965414291999999952e+00
4.517549711000000201e+01 5.089170278954203708e-01 1.953932349000000013e+00
4.526507095000000191e+01 4.340548867744604689e-01 1.944654295999999949e+00
4.532013340999999684e+01 3.248265943833175684e-01 1.959761568000000009e+00
4.540790310999999946e+01 2.316068321923336615e-01 1.942021548999999903e+00
4.547940143000000290e+01 1.847616289803287182e-01 1.913138993000000010e+00
4.547530698999999998e+01 2.961249639202058748e-01 1.890762041999999976e+00
4.543609705000000076e+01 3.709780959006610535e-01 1.886052099999999898e+00
4.544059462999999965e+01 4.445500583452124399e-01 1.914633440000000020e+00
4.544039912000000214e+01 4.454255703366290509e-01 1.909733683000000015e+00
4.543585805000000022e+01 3.724154748971870155e-01 1.878044309999999939e+00
4.547525679999999682e+01 2.970787507793137272e-01 1.884273120000000024e+00
4.547926633000000152e+01 1.845917727897916361e-01 1.905431196999999965e+00
4.540680680999999907e+01 2.317323929533317561e-01 1.926234986000000093e+00
4.531748832000000249e+01 3.253527108808526580e-01 1.932593884999999956e+00
4.526310418999999996e+01 4.347634858951864301e-01 1.925009882999999977e+00
4.517444695999999738e+01 5.090226954038815643e-01 1.945313067000000062e+00
4.537022956999999934e+01 4.416213210577497605e-01 1.917857184000000048e+00
4.541228075000000075e+01 4.107323347236720434e-01 1.912992754000000017e+00
4.547380753000000198e+01 3.069113329488742381e-01 1.914658798000000051e+00
4.548812056999999953e+01 1.907064516922680475e-01 1.935739276000000064e+00
4.547834465999999765e+01 1.873950437870305075e-01 1.931945295000000007e+00
4.543633768000000117e+01 2.764573358108394219e-01 1.904742257000000105e+00
4.535670046999999983e+01 3.527024111671383522e-01 1.888021549000000077e+00
4.528776496999999779e+01 4.144297316722398428e-01 1.897239327000000086e+00
4.526466650999999786e+01 4.930557118878223788e-01 1.917772841999999978e+00
4.526427168000000023e+01 4.934594068716033344e-01 1.914270877000000093e+00
4.528683621999999787e+01 4.154201714595686656e-01 1.888604729999999954e+00
4.535571142999999950e+01 3.536797380453811090e-01 1.878125891000000047e+00
4.543521060999999861e+01 2.767920364163771185e-01 1.893402803000000079e+00
4.547650569000000331e+01 1.875885725829590789e-01 1.913774161000000085e+00
4.548577668000000074e+01 1.910498019909701861e-01 1.910376872000000059e+00
4.547205749999999824e+01 3.079141390074146001e-01 1.893889168999999928e+00
4.541132764999999694e+01 4.112370923260581512e-01 1.902663669999999918e+00
4.557553709999999825e+01 3.023323352376574569e-01 1.865537129000000016e+00
4.559537947999999830e+01 2.489152948795356202e-01 1.866128299999999962e+00
4.561306959000000205e+01 1.451215377452380328e-01 1.880382808000000017e+00
4.557062030000000163e+01 1.813347378403730448e-01 1.914489396000000010e+00
4.547439778999999760e+01 2.975170039104129693e-01 1.908568065999999952e+00
4.535750205000000079e+01 3.521835768456930693e-01 1.885750274999999920e+00
4.522422912999999767e+01 4.068490258077201993e-01 1.880941870000000016e+00
4.510663291000000186e+01 4.576308533701983206e-01 1.897949920000000068e+00
4.504447462000000257e+01 4.965965880575434199e-01 1.922274132999999940e+00
4.504396109000000337e+01 4.967332342982746507e-01 1.919859817000000080e+00
4.510537417999999832e+01 4.580673107982314307e-01 1.891381908000000056e+00
4.522284674000000138e+01 4.075137366699939090e-01 1.872333451999999898e+00
4.535610996999999855e+01 3.524534243951656931e-01 1.875502564999999899e+00
4.547246040000000278e+01 2.975546056149490082e-01 1.892850447999999908e+00
4.556848801000000293e+01 1.812780653913293460e-01 1.891939425999999980e+00
4.561175723000000204e+01 1.461718369923893646e-01 1.860505464000000053e+00
4.559476469999999892e+01 2.499921458768986360e-01 1.855396835000000078e+00
4.568500329999999821e+01 8.134478671712985776e-02 1.774320866000000052e+00
4.568150772999999987e+01 9.886845785765312200e-02 1.783117003999999950e+00
4.566555930999999902e+01 1.488217417128855358e-01 1.825658596000000022e+00
4.557529800999999736e+01 3.139074213883467079e-01 1.896850244999999990e+00
4.543763497999999856e+01 3.704031828117060332e-01 1.884556997000000012e+00
4.529149922999999944e+01 4.138144992632366570e-01 1.874927140000000048e+00
4.510967310000000197e+01 4.576978258428751611e-01 1.879223799000000028e+00
4.494014640999999699e+01 4.546068935146344026e-01 1.896559512999999919e+00
4.484361546000000232e+01 4.378195128333791097e-01 1.923122009999999937e+00
4.484302608000000134e+01 4.377415005122481939e-01 1.921479144000000083e+00
4.493878093000000007e+01 4.547031043368555125e-01 1.892503692000000015e+00
4.510829111999999697e+01 4.583042763955016419e-01 1.874206212999999899e+00
4.529036273999999906e+01 4.144461597400920239e-01 1.868755326000000050e+00
4.543611700999999670e+01 3.705127053945130866e-01 1.873983887999999931e+00
4.557315329000000048e+01 3.141827255168171962e-01 1.877519957999999933e+00
4.566492822000000018e+01 1.470462993371061955e-01 1.807712777000000104e+00
4.568156266999999815e+01 9.753439102289912510e-02 1.772187415999999960e+00
4.559931974999999937e+01 2.826925285178231162e-01 1.648342983000000039e+00
4.560912771999999649e+01 2.428392811788087358e-01 1.663436426999999940e+00
4.563459779000000083e+01 1.730870024075270297e-01 1.707149962999999993e+00
4.555133210999999704e+01 3.927581905851197375e-01 1.887064405999999916e+00
4.544615856000000065e+01 4.451673486732392604e-01 1.881380328999999962e+00
4.527113546000000355e+01 4.932456044937849060e-01 1.877487450000000058e+00
4.505040775999999880e+01 4.971638282789296315e-01 1.886586080999999915e+00
4.484742788999999874e+01 4.392994765666239920e-01 1.901890308999999890e+00
4.472722127000000114e+01 3.634608142208727299e-01 1.920064291999999950e+00
4.472661578000000304e+01 3.631909214110466966e-01 1.919101587999999969e+00
4.484611024000000157e+01 4.393149413125575498e-01 1.900196800000000019e+00
4.504910713000000300e+01 4.978440521317643030e-01 1.884761139000000085e+00
4.527022746000000097e+01 4.944184656894504704e-01 1.875190802000000101e+00
4.544553557999999782e+01 4.464615623153281310e-01 1.878234965000000090e+00
4.554891123000000164e+01 3.931859509951221021e-01 1.869878614999999966e+00
4.563538368999999761e+01 1.702764074548256956e-01 1.693371587999999983e+00
4.560981918000000235e+01 2.425092358189188668e-01 1.654385392000000010e+00
4.469426551000000103e+01 5.705759599640889412e-01 2.037226243000000103e+00
4.475000923000000341e+01 4.633485298291558085e-01 2.007436875999999870e+00
4.490950810999999732e+01 5.231667946375548883e-01 1.979634394000000075e+00
4.512742186999999916e+01 5.218170432541209269e-01 1.942034022999999943e+00
4.535181501000000281e+01 4.450057190367012749e-01 1.899665085000000087e+00
4.553176290999999765e+01 2.656924759805017744e-01 1.851091628000000044e+00
4.560887790000000308e+01 1.004936790416006975e-01 1.785043643999999929e+00
4.553658117999999888e+01 3.736866152119627804e-01 1.711222478999999908e+00
4.542381412999999668e+01 2.966973372470189108e-01 1.704934036000000042e+00
4.542407919000000049e+01 2.971200683994957292e-01 1.703230081999999923e+00
4.553723902000000123e+01 3.735707591842339359e-01 1.712220596000000095e+00
4.560901496999999694e+01 9.966796738260612354e-02 1.794571621000000006e+00
4.553131238999999653e+01 2.663345399417330062e-01 1.866034505000000010e+00
4.535120237000000287e+01 4.449660853533907723e-01 1.916593149999999968e+00
4.512699512999999740e+01 5.213579454612401465e-01 1.959229509000000036e+00
4.490959035000000199e+01 5.224207614136707756e-01 1.995671624000000088e+00
4.475061414999999698e+01 4.628241990883986134e-01 2.019155354000000013e+00
4.474432752999999963e+01 4.552864201114981690e-01 2.013573409000000147e+00
4.484106991000000164e+01 4.995201500477497447e-01 1.968746102000000109e+00
4.498766226000000046e+01 5.293322629954385627e-01 1.948375382999999905e+00
4.518224047000000354e+01 5.101470453814320738e-01 1.922341013999999904e+00
4.538858547000000243e+01 4.160082212922590617e-01 1.887475290000000028e+00
4.554764637000000249e+01 2.175175808543504952e-01 1.844366262000000090e+00
4.560380538999999800e+01 1.206070396503855224e-01 1.784653953999999931e+00
4.554080197999999768e+01 3.241823023043665097e-01 1.721553624000000005e+00
4.545914153999999741e+01 2.717817482713461019e-01 1.714714469000000019e+00
4.545929535999999871e+01 2.719187792583886987e-01 1.713565312000000063e+00
4.554115426999999983e+01 3.241295517283715455e-01 1.723454854000000092e+00
4.560389476999999658e+01 1.203750259570337683e-01 1.793369133999999976e+00
4.554749797000000200e+01 2.175861760507467602e-01 1.857594949000000106e+00
4.538840757999999909e+01 4.158405704594305141e-01 1.902833352000000033e+00
4.518217151999999714e+01 5.099453042306438810e-01 1.938060890999999897e+00
4.498775592999999873e+01 5.292368952945275540e-01 1.960984156000000089e+00
4.484113939000000215e+01 4.994949892247785850e-01 1.975070367000000049e+00
4.490252608000000123e+01 5.196680315941828443e-01 1.995854535000000096e+00
4.498218028000000146e+01 5.280475169975057392e-01 1.958730636000000080e+00
4.512047251999999986e+01 4.901978342205725592e-01 1.918508015000000011e+00
4.526939550000000168e+01 4.359808922239200579e-01 1.899322650000000001e+00
4.543429583999999721e+01 3.209926969217742898e-01 1.878212828999999973e+00
4.555113874999999979e+01 1.289087568885843860e-01 1.847951499000000108e+00
4.557664912999999984e+01 1.606889347823940439e-01 1.804281135999999952e+00
4.554013570000000044e+01 2.364853621667651062e-01 1.759059031000000051e+00
4.552501383999999973e+01 2.058924400979255664e-01 1.739224148999999997e+00
4.552496345000000133e+01 2.058161343495546747e-01 1.740142354000000058e+00
4.554014829999999847e+01 2.369030720768418585e-01 1.763364195999999939e+00
4.557687727999999794e+01 1.611809419008969901e-01 1.811852577000000020e+00
4.555164993999999723e+01 1.277730951343911403e-01 1.858175464999999971e+00
4.543503291999999760e+01 3.202191847204651221e-01 1.891040590000000021e+00
4.527013011999999748e+01 4.357921227498270378e-01 1.912837995999999929e+00
4.512075973999999690e+01 4.903719850791722901e-01 1.926457061000000026e+00
4.498210389999999848e+01 5.279139952581947126e-01 1.963520594000000008e+00
4.511993182999999874e+01 5.203191322306038868e-01 1.963657611999999997e+00
4.517516223999999880e+01 5.090140509319583950e-01 1.944747369999999975e+00
4.526439666000000273e+01 4.342737361293421694e-01 1.922238804000000023e+00
4.531870631999999688e+01 3.250140919843800824e-01 1.912587809999999999e+00
4.540650001000000202e+01 2.316664725499981980e-01 1.899034555000000069e+00
4.547836346999999790e+01 1.844758107507085132e-01 1.885904674000000059e+00
4.547440070999999762e+01 2.961455305644685176e-01 1.867321559999999936e+00
4.543537979999999976e+01 3.710956636899193084e-01 1.856506916999999923e+00
4.544026559999999648e+01 4.448442488103432346e-01 1.883562093999999965e+00
4.543997610000000265e+01 4.445983783851836790e-01 1.885931790999999969e+00
4.543529222000000090e+01 3.712166825151637095e-01 1.862345885999999950e+00
4.547490275999999909e+01 2.965116365147394406e-01 1.873888033000000064e+00
4.547945121000000057e+01 1.839662834700161731e-01 1.894108598000000088e+00
4.540797275999999982e+01 2.304893682559647772e-01 1.911451554999999969e+00
4.531929551999999717e+01 3.250301648357792894e-01 1.920960199999999896e+00
4.526399408000000335e+01 4.345170288276775095e-01 1.921853115000000001e+00
4.517471597000000116e+01 5.090162023236379785e-01 1.944959134000000089e+00
4.534428665000000080e+01 4.446494367231731415e-01 1.923901979999999901e+00
4.538132336000000322e+01 4.154614553062618842e-01 1.914637144999999929e+00
4.542763592000000017e+01 3.193465509420458925e-01 1.911810184999999995e+00
4.540090288999999757e+01 2.283939639436121383e-01 1.939583116000000107e+00
4.531656747000000252e+01 1.689544740033049330e-01 1.958949185000000037e+00
4.534101366000000155e+01 2.879883244760507166e-01 1.942048409999999947e+00
4.527987017000000236e+01 4.361761010310982734e-01 1.935106741000000019e+00
4.517740504999999729e+01 5.168376741957849685e-01 1.934020435000000093e+00
4.512947021000000092e+01 4.501726806437801875e-01 2.071951620000000105e+00
4.512904737000000210e+01 4.500601650390216313e-01 2.070366910999999810e+00
4.517739181999999687e+01 5.173382148298578675e-01 1.934102524999999906e+00
4.528016183999999811e+01 4.369850331153914413e-01 1.935713232999999978e+00
4.534169993999999804e+01 2.887270517212818799e-01 1.943036294000000108e+00
4.531745722000000143e+01 1.693981732211639613e-01 1.952586987999999968e+00
4.539978464000000002e+01 2.294555497362453789e-01 1.929873069000000108e+00
4.542681629999999871e+01 3.202851490049978822e-01 1.904756764999999907e+00
4.538079411999999735e+01 4.158675409302373116e-01 1.911936931000000062e+00
4.552473925999999693e+01 2.670780093825346757e-01 1.874800478000000048e+00
4.554076934999999793e+01 2.183233275150843478e-01 1.871166388000000014e+00
4.554420848000000177e+01 1.286230889983154269e-01 1.881018239000000092e+00
4.547159546999999691e+01 1.841651419026018033e-01 1.928916513999999971e+00
4.533577336999999829e+01 2.901366807573494966e-01 1.986674618999999975e+00
4.522922353999999956e+01 4.130761465756740969e-01 1.984365233999999978e+00
4.511259805000000256e+01 5.064545182447202087e-01 1.985249320000000095e+00
4.500197693999999871e+01 5.470662409588614716e-01 2.017651294999999845e+00
4.495070577999999983e+01 5.594446537924119278e-01 2.054644066999999907e+00
4.495018780000000191e+01 5.594420064991328934e-01 2.052440574999999878e+00
4.500072752999999892e+01 5.474676973543750602e-01 2.011253051000000180e+00
4.511145679999999913e+01 5.070379510378357768e-01 1.977914297999999960e+00
4.522802157999999650e+01 4.132653613375572577e-01 1.974661857999999937e+00
4.533359473000000150e+01 2.900610008860534106e-01 1.969626050000000017e+00
4.547031355000000019e+01 1.852216130862373855e-01 1.914856290999999988e+00
4.554361709999999874e+01 1.299981843416274374e-01 1.871587091999999952e+00
4.554046179000000194e+01 2.192051083862206762e-01 1.866900677999999925e+00
4.560366204000000323e+01 9.830495955764334548e-02 1.801705923000000098e+00
4.559844362999999845e+01 1.185010850623419015e-01 1.804583239999999922e+00
4.557046452000000158e+01 1.604414830388171398e-01 1.830024949000000012e+00
4.546708928000000327e+01 2.978719587141996361e-01 1.904540187999999912e+00
4.527400556999999992e+01 4.379481625469497930e-01 1.977680724999999917e+00
4.511247017000000170e+01 5.049713086531686379e-01 1.988089678999999999e+00
4.495515300000000281e+01 5.558605314448157309e-01 1.995486273000000033e+00
4.481604272999999949e+01 5.680502352834050361e-01 2.024874607000000104e+00
4.474438980000000043e+01 5.596785532815032882e-01 2.059526097000000000e+00
4.474380314999999797e+01 5.595902830327563748e-01 2.057833319999999855e+00
4.481456947000000213e+01 5.680804852556493589e-01 2.019975291999999811e+00
4.495358637999999729e+01 5.559504049464054631e-01 1.989429856000000107e+00
4.511084218999999962e+01 5.047914017139188969e-01 1.979987909999999962e+00
4.527171427999999764e+01 4.382443961495636753e-01 1.963728283000000019e+00
4.546604451000000324e+01 2.984591138903638363e-01 1.891858378000000007e+00
4.557039446000000282e+01 1.596087835672403421e-01 1.819671733000000069e+00
4.559858657000000193e+01 1.176896729592524643e-01 1.798709231999999991e+00
4.553519106000000249e+01 3.689544630567030414e-01 1.709423123000000100e+00
4.553898281000000026e+01 3.194825274560278427e-01 1.723653032000000085e+00
4.553664202000000216e+01 2.336263149359299740e-01 1.766926436000000100e+00
4.542826477999999923e+01 3.731805694488662395e-01 1.878505937999999986e+00
4.517155755999999656e+01 5.175665768823330959e-01 1.975497706999999936e+00
4.500620681000000189e+01 5.414099075808058714e-01 1.989269018999999972e+00
4.482002236000000295e+01 5.642779920131282267e-01 1.998074142000000109e+00
4.464914937999999722e+01 5.478947895125110268e-01 2.019828844000000068e+00
4.455561991999999805e+01 5.154506459827141729e-01 2.061215205999999966e+00
4.455496059000000031e+01 5.152916981027068077e-01 2.059835822000000150e+00
4.464769847000000169e+01 5.474837471030971070e-01 2.016890987000000024e+00
4.481865073000000166e+01 5.637590506107619248e-01 1.995941973999999952e+00
4.500505815999999726e+01 5.404829098860718384e-01 1.987179304999999951e+00
4.516899017000000072e+01 5.179792447850499748e-01 1.963964642999999954e+00
4.542770541000000151e+01 3.742289319193674024e-01 1.871215531999999904e+00
4.553719456999999693e+01 2.329712774417143084e-01 1.756943791000000088e+00
4.553951785999999657e+01 3.192976492373122421e-01 1.716363553000000097e+00
4.542562789000000123e+01 2.950585141911233888e-01 1.685776356000000087e+00
4.546097969000000205e+01 2.702211322556425932e-01 1.696216390000000018e+00
4.552594337000000024e+01 2.046895501702905296e-01 1.720207961000000063e+00
4.543564588000000271e+01 4.481803918283915333e-01 1.874369509999999961e+00
4.513612232999999918e+01 4.513630730958614889e-01 1.998840576999999952e+00
4.495856650999999715e+01 5.551358009304596663e-01 1.997380096000000105e+00
4.475207598000000075e+01 5.555523406692738364e-01 2.006804735999999867e+00
4.456194710999999842e+01 5.091455074449986462e-01 2.021780525000000051e+00
4.444689780000000212e+01 4.602347790201332112e-01 2.038808256999999902e+00
4.444630114000000276e+01 4.595696172093688969e-01 2.038026388000000022e+00
4.456082985999999835e+01 5.079431594386800697e-01 2.022085869000000091e+00
4.475097722000000289e+01 5.547631949911848714e-01 2.008163784999999812e+00
4.495786308999999648e+01 5.543060572883615755e-01 2.000406819999999808e+00
4.513693441000000206e+01 4.514075933016465925e-01 2.010994791999999975e+00
4.543570416000000023e+01 4.500870317395809228e-01 1.876018380999999957e+00
4.552696339999999964e+01 2.053713406257446916e-01 1.711999226000000096e+00
4.546158470000000307e+01 2.709408224679325516e-01 1.690118642000000060e+00
4.495348706000000050e+01 3.562212115440934190e-01 1.969674535000000004e+00
4.502536861000000101e+01 4.311004604789374639e-01 1.953577754999999971e+00
4.518907252000000341e+01 4.829658418213024218e-01 1.924727258000000107e+00
4.537857635999999673e+01 4.422803377768236843e-01 1.892957680999999948e+00
4.553255613999999696e+01 2.663376011538143295e-01 1.851943206999999925e+00
4.557165264999999721e+01 8.696490969407891236e-02 1.790931231000000068e+00
4.545877372999999722e+01 3.952911814361920739e-01 1.723863104000000090e+00
4.530327929999999981e+01 3.995859525227420939e-01 1.710261425999999974e+00
4.522884547999999683e+01 3.030576027056398614e-01 1.762698380000000009e+00
4.522897221000000201e+01 3.033697578920864224e-01 1.761551169999999944e+00
4.530385752000000110e+01 4.001550183864048815e-01 1.710645656000000070e+00
4.545943642999999668e+01 3.946068116057138697e-01 1.728690835999999953e+00
4.557172557999999896e+01 8.547044790208646603e-02 1.800811920999999982e+00
4.553213001999999676e+01 2.670278633145348191e-01 1.865398424000000110e+00
4.537816160999999937e+01 4.422040022042684759e-01 1.907137893000000028e+00
4.518902888000000218e+01 4.825003516485821820e-01 1.937127523000000018e+00
4.502565453999999789e+01 4.306803279067821233e-01 1.961311011999999909e+00
4.501592523000000057e+01 4.284856965677941165e-01 1.979434777999999895e+00
4.510689468999999718e+01 4.623987854969164313e-01 1.932410873999999890e+00
4.525605360000000132e+01 4.738899572219909540e-01 1.903355671999999998e+00
4.541977691000000306e+01 4.117348387850556235e-01 1.880030252999999929e+00
4.554845671999999723e+01 2.181921415909148787e-01 1.845109496999999932e+00
4.556673735999999764e+01 1.119927557504913351e-01 1.790449213000000039e+00
4.545922912999999710e+01 3.522895224835269068e-01 1.731952015000000067e+00
4.533169003999999802e+01 3.576080996343952711e-01 1.717876328000000008e+00
4.527915303999999708e+01 3.203781381528515437e-01 1.754516339999999897e+00
4.527922571999999946e+01 3.204808610583501083e-01 1.754212434000000043e+00
4.533199460000000158e+01 3.577865989611928588e-01 1.719505416000000064e+00
4.545952607000000256e+01 3.518475686102230937e-01 1.737259174000000073e+00
4.556664248999999955e+01 1.112819135540742410e-01 1.799489075999999965e+00
4.554809821999999997e+01 2.183139720215785118e-01 1.857252622000000075e+00
4.541950822999999815e+01 4.115471421427012166e-01 1.893091897999999995e+00
4.525604281999999756e+01 4.737561210606887618e-01 1.914084115000000086e+00
4.510694741999999735e+01 4.623626598472769245e-01 1.938945790000000002e+00
4.518015164999999911e+01 4.814831227259568913e-01 1.948890282000000029e+00
4.524967475999999778e+01 4.733441117753225402e-01 1.917695185999999996e+00
4.537087730999999735e+01 4.113545546700423383e-01 1.884965247000000010e+00
4.547840673000000322e+01 3.094472130483955086e-01 1.870361949000000079e+00
4.555136851000000320e+01 1.302981813933702659e-01 1.848229890999999903e+00
4.553797667999999987e+01 1.505702439124478043e-01 1.808991331000000091e+00
4.545126746999999767e+01 2.644498662599552019e-01 1.767861447000000030e+00
4.537673046999999826e+01 2.665796937378974718e-01 1.752359476000000083e+00
4.536325297999999862e+01 2.925144214808957921e-01 1.762966347999999961e+00
4.536316554999999795e+01 2.924893944781838395e-01 1.764434484999999997e+00
4.537662344000000303e+01 2.667064632041353245e-01 1.756702591999999896e+00
4.545124444000000352e+01 2.647305126577474410e-01 1.774229888999999893e+00
4.553797095000000184e+01 1.507464589516842868e-01 1.816988338000000036e+00
4.555148023999999651e+01 1.292069021390648831e-01 1.858533430000000042e+00
4.547870077999999694e+01 3.089345630573404611e-01 1.881753934000000017e+00
4.537111187000000001e+01 4.113575328921391105e-01 1.893440631999999901e+00
4.524964424000000207e+01 4.732752263956520600e-01 1.923244659000000079e+00
4.537007317999999856e+01 4.416881558672386965e-01 1.917503176999999948e+00
4.541184052999999921e+01 4.109357270912191717e-01 1.901968244000000086e+00
4.547303612999999700e+01 3.072587403662222494e-01 1.887040532000000104e+00
4.548686922000000266e+01 1.909473807080253605e-01 1.888885321000000062e+00
4.547688483000000303e+01 1.874806103315388994e-01 1.884434737999999943e+00
4.543500696000000261e+01 2.763445722150575379e-01 1.870612616999999922e+00
4.535554740999999979e+01 3.525557544678865618e-01 1.858357741999999924e+00
4.528693394999999811e+01 4.144996165293889367e-01 1.865070776999999902e+00
4.526423666000000168e+01 4.932397556821220830e-01 1.887775943999999928e+00
4.526402803999999946e+01 4.930625576201556060e-01 1.889764760999999904e+00
4.528660090000000338e+01 4.144004987659906658e-01 1.870512010999999974e+00
4.535547950000000128e+01 3.527889770384763368e-01 1.865416074000000091e+00
4.543529947999999763e+01 2.763957974792839445e-01 1.878780287999999965e+00
4.547746013999999803e+01 1.867581671660123455e-01 1.894917626000000022e+00
4.548728049999999712e+01 1.905392262726014196e-01 1.897631929000000106e+00
4.547305371000000207e+01 3.074671901778530669e-01 1.891121145000000059e+00
4.541165117999999978e+01 4.111274210985835231e-01 1.904465234999999979e+00
4.552468059000000267e+01 2.670845862335318177e-01 1.876267453999999946e+00
4.554063475000000238e+01 2.184114336599554396e-01 1.869066770000000099e+00
4.554397709999999933e+01 1.288293620848856291e-01 1.872531925000000097e+00
4.547112812000000304e+01 1.844636408364428160e-01 1.907727563999999987e+00
4.533460809000000324e+01 2.899714327201100006e-01 1.935172200000000009e+00
4.522806931000000219e+01 4.126894097287751584e-01 1.942308359999999956e+00
4.511161032999999776e+01 5.062639293570262433e-01 1.949475022999999974e+00
4.500110889999999841e+01 5.470089035674401412e-01 1.973909998999999971e+00
4.495027403999999649e+01 5.593280588491037486e-01 2.015958501000000069e+00
4.495013795999999928e+01 5.593281529105826877e-01 2.016911612999999992e+00
4.500100865000000283e+01 5.470588154325997099e-01 1.977816430000000070e+00
4.511184510999999731e+01 5.064851806386249100e-01 1.955367826000000031e+00
4.522869828000000325e+01 4.130233967015646268e-01 1.950290003000000105e+00
4.533489574000000033e+01 2.903506089011136937e-01 1.942676049999999988e+00
4.547099345000000170e+01 1.848619117067904771e-01 1.907806531999999944e+00
4.554392281999999881e+01 1.296377801834277532e-01 1.871616390000000019e+00
4.554053746999999674e+01 2.190950859639116399e-01 1.869121902000000057e+00
4.556523140000000183e+01 8.390621378021356769e-02 1.811727603000000020e+00
4.556012720999999743e+01 1.096022158649683220e-01 1.811933671000000023e+00
4.553086418000000180e+01 1.500010626842871730e-01 1.832025167999999926e+00
4.542741321999999826e+01 2.768868327586156419e-01 1.898897543999999993e+00
4.522069837000000092e+01 4.133294508879412632e-01 1.979592317999999906e+00
4.500610235999999986e+01 4.339707277785068706e-01 2.018790513999999980e+00
4.485730595999999792e+01 5.077068923635886799e-01 2.022739977000000078e+00
4.472551625999999914e+01 4.547442256992885179e-01 2.122917141999999924e+00
4.468029243000000150e+01 4.754106918542091997e-01 2.136129138999999899e+00
4.467994592000000154e+01 4.753018474060671794e-01 2.135472505000000076e+00
4.472454081000000059e+01 4.544407715139569537e-01 2.119755159999999972e+00
4.485710784999999845e+01 5.081937232184438047e-01 2.021632831999999880e+00
4.500619503000000066e+01 4.346347726379137799e-01 2.013830191999999908e+00
4.521955521000000289e+01 4.140618809915439513e-01 1.974570863999999926e+00
4.542705181000000181e+01 2.777409988578109501e-01 1.892861351999999941e+00
4.553103655000000316e+01 1.495783545391540514e-01 1.826946401999999914e+00
4.556031635000000080e+01 1.089212564719646281e-01 1.809359522999999914e+00
4.545484038000000027e+01 3.919720415022458493e-01 1.736104158000000064e+00
4.545491195999999690e+01 3.491808935550333448e-01 1.746013328999999947e+00
4.544575291000000306e+01 2.627339065495778447e-01 1.783247425999999969e+00
4.534813179999999733e+01 3.536530321194735760e-01 1.878734110999999984e+00
4.510352647999999931e+01 5.062745581278650375e-01 1.982675858999999985e+00
4.485138882999999765e+01 5.042831545516448521e-01 2.068707412000000190e+00
4.467405177999999921e+01 5.180499417692370212e-01 2.074480422000000157e+00
4.452990631000000121e+01 4.851208738066598580e-01 2.143647547000000042e+00
4.446917335999999921e+01 4.615114754017379806e-01 2.167255996000000184e+00
4.446872754999999700e+01 4.611381024329822553e-01 2.166523993999999842e+00
4.452844721999999678e+01 4.842003557839925643e-01 2.140576448000000020e+00
4.467281409999999653e+01 5.172074182631423156e-01 2.069426317000000015e+00
4.484936591000000305e+01 5.026264307003525111e-01 2.060364297000000011e+00
4.510214555999999675e+01 5.068216641217409002e-01 1.978228364000000017e+00
4.534774348999999916e+01 3.548266761372565470e-01 1.872331307000000056e+00
4.544610553999999780e+01 2.627079597269186273e-01 1.775658745999999955e+00
4.545527735999999663e+01 3.491627031624266464e-01 1.740993886999999907e+00
4.530263732000000232e+01 3.965019314582031162e-01 1.707308049000000105e+00
4.533069887999999992e+01 3.547938583318355765e-01 1.716277787999999971e+00
4.537405652000000345e+01 2.652252252443063618e-01 1.750908267000000018e+00
4.528116373999999666e+01 4.158685702140318408e-01 1.866126995999999982e+00
4.499541984999999755e+01 5.414394063572174343e-01 1.980880653999999907e+00
4.473383700000000118e+01 4.546976673174856765e-01 2.053376746000000086e+00
4.453898944000000171e+01 4.781443540037008111e-01 2.074906842999999945e+00
4.436574651000000102e+01 4.116086039436745447e-01 2.101331896000000032e+00
4.429489164000000301e+01 3.802983578882953020e-01 2.188778693999999803e+00
4.429455538999999931e+01 3.794658340542812480e-01 2.188456047999999932e+00
4.436564475000000130e+01 4.091909083562621507e-01 2.105220415999999872e+00
4.453863317999999794e+01 4.769150052568303932e-01 2.077247000999999926e+00
4.473414029999999997e+01 4.551847537272311062e-01 2.059335916000000211e+00
4.499456871999999663e+01 5.408352794176274347e-01 1.983591722999999973e+00
4.528083270999999854e+01 4.174468096239321580e-01 1.864054206999999908e+00
4.537450039000000146e+01 2.658925615509742379e-01 1.744547660000000056e+00
4.533105721999999815e+01 3.553514512850834417e-01 1.711518792999999983e+00
4.523131439000000142e+01 3.012947118932885471e-01 1.743399010999999943e+00
4.528129626999999857e+01 3.194546238154910567e-01 1.735722570999999936e+00
4.536358993999999711e+01 2.931614403939884483e-01 1.743536506999999958e+00
4.526083298000000354e+01 4.954773223083258071e-01 1.868624413999999900e+00
4.494887285000000077e+01 5.506823489317492770e-01 1.991121243999999901e+00
4.468859445999999735e+01 4.740424235887325533e-01 2.061477188000000016e+00
4.447914526999999651e+01 4.620877714496776645e-01 2.086975873000000092e+00
4.430352646000000050e+01 3.921950851939410843e-01 2.117933555000000023e+00
4.421239812999999685e+01 3.138632993868146204e-01 2.169782780999999883e+00
4.421229515000000276e+01 3.139114572757029653e-01 2.170328948999999952e+00
4.430336710000000267e+01 3.918382062101754548e-01 2.121007198000000038e+00
4.447891012000000188e+01 4.617726283796261266e-01 2.091063333000000135e+00
4.468874482999999742e+01 4.746093659724328062e-01 2.068295414000000054e+00
4.494848938999999888e+01 5.499426660571324899e-01 1.999013171999999949e+00
4.526036409999999677e+01 4.970050673534472940e-01 1.871018174999999895e+00
4.536392278000000289e+01 2.942450710422537252e-01 1.739645987000000060e+00
4.528152201000000332e+01 3.202067677137879209e-01 1.732904073999999905e+00
4.516781978000000208e+01 2.784644322224415491e-01 1.946116742999999927e+00
4.525938147000000100e+01 3.885157525955415525e-01 1.914255629999999986e+00
4.543467677999999665e+01 4.226712841746907423e-01 1.877192264000000055e+00
4.558439229999999753e+01 3.014414783874975190e-01 1.843709064000000009e+00
4.561097421000000196e+01 1.009656981639453499e-01 1.787870332000000007e+00
4.546035961999999842e+01 3.943805627352672261e-01 1.726251873000000048e+00
4.523942977000000099e+01 4.399554919344181303e-01 1.692526377000000082e+00
4.507592303999999928e+01 3.516337746895697447e-01 1.726117149000000017e+00
4.502751849999999934e+01 2.922469273846138305e-01 1.855203452000000031e+00
4.502747284000000150e+01 2.925123256885800993e-01 1.854338768999999942e+00
4.507625131999999724e+01 3.524017037583186407e-01 1.726711069999999904e+00
4.524018226999999825e+01 4.402926364824990557e-01 1.694272913000000047e+00
4.546106847000000073e+01 3.937316488366269795e-01 1.728453953999999904e+00
4.561120813000000140e+01 1.002412157474563831e-01 1.793140707999999917e+00
4.558426080000000269e+01 3.021309490586551738e-01 1.851935832999999976e+00
4.543465934000000317e+01 4.226195432314253653e-01 1.884715686000000057e+00
4.525951174000000066e+01 3.884611612973051797e-01 1.918652028999999981e+00
4.524886585000000139e+01 3.884485417062576995e-01 1.944619142999999939e+00
4.533063973000000146e+01 4.066401062321432502e-01 1.900461050999999957e+00
4.548248717999999968e+01 3.908591381740866844e-01 1.864750665000000085e+00
4.560354152000000028e+01 2.492207332693845145e-01 1.836796415000000016e+00
4.560593697000000191e+01 1.206714452076492611e-01 1.787228296000000105e+00
4.546087346000000196e+01 3.513698495929860055e-01 1.734251374999999928e+00
4.526537848000000253e+01 3.899259096289041104e-01 1.702497211000000066e+00
4.512260442000000182e+01 3.495584414015635022e-01 1.718989871000000003e+00
4.507493491999999691e+01 3.370493146384780370e-01 1.796261934999999976e+00
4.507492097000000086e+01 3.371545059795639787e-01 1.796489583999999917e+00
4.512278135999999762e+01 3.497880042528621614e-01 1.720986906999999899e+00
4.526574697000000214e+01 3.899260531848798839e-01 1.705098113000000026e+00
4.546110759999999829e+01 3.508074498795964447e-01 1.737026796000000095e+00
4.560579294000000061e+01 1.201320168322298210e-01 1.792234609999999950e+00
4.560323481999999728e+01 2.492911738910817965e-01 1.844604300999999946e+00
4.548238811000000226e+01 3.906110402809233606e-01 1.872738712000000083e+00
4.533062925000000121e+01 4.064829827920456995e-01 1.906773733999999942e+00
4.542468969000000101e+01 4.227335158028711071e-01 1.904066564000000072e+00
4.547534257000000224e+01 3.899936525705294810e-01 1.881427100000000019e+00
4.556670474999999954e+01 2.917619778069064362e-01 1.856107629999999897e+00
4.561843418000000128e+01 1.476700900617361201e-01 1.840151872999999938e+00
4.557791798000000227e+01 1.603735565154446319e-01 1.805958120999999972e+00
4.545270597999999751e+01 2.633980314251521127e-01 1.769857200999999991e+00
4.530700955999999735e+01 2.829320801023155196e-01 1.746865525000000030e+00
4.519898283999999933e+01 2.898417529973720264e-01 1.749987817999999917e+00
4.515478954000000300e+01 3.254631915346856141e-01 1.778399215000000089e+00
4.515469124999999906e+01 3.254241475385212246e-01 1.779851443000000089e+00
4.519881817000000268e+01 2.898447968885913828e-01 1.753941514999999951e+00
4.530689442999999983e+01 2.830280777049826169e-01 1.751396991000000014e+00
4.545253791999999748e+01 2.633942249039550321e-01 1.774169327000000074e+00
4.557763144999999838e+01 1.603833947464690657e-01 1.811498529999999940e+00
4.561827127000000104e+01 1.468948318752297810e-01 1.848109527000000085e+00
4.556673743999999715e+01 2.914315830031096732e-01 1.864321569999999983e+00
4.547526074000000307e+01 3.899128032329007842e-01 1.886916838000000096e+00
4.557533884000000057e+01 3.023233690920390515e-01 1.868621910000000108e+00
4.559495488999999679e+01 2.491590993754001226e-01 1.857826449999999907e+00
4.561239905000000050e+01 1.454580095366485859e-01 1.853891423999999954e+00
4.556959144000000350e+01 1.813494167827178205e-01 1.868724612000000063e+00
4.547314549000000028e+01 2.974980128604846064e-01 1.866180227999999941e+00
4.535634084000000144e+01 3.519521231418035190e-01 1.859733282000000099e+00
4.522319908000000055e+01 4.066626744810021288e-01 1.858207799999999965e+00
4.510581495000000274e+01 4.576122356807073577e-01 1.869669379000000076e+00
4.504402505000000190e+01 4.966401095413676692e-01 1.892538331999999990e+00
4.504387365000000187e+01 4.965138116423046255e-01 1.894043241000000100e+00
4.510548341999999877e+01 4.574218136767337350e-01 1.873920346000000015e+00
4.522288014000000089e+01 4.066192660734728737e-01 1.863810275999999932e+00
4.535610593999999907e+01 3.518901156590730217e-01 1.865915181000000089e+00
4.547298782000000017e+01 2.973720810253112079e-01 1.874069586999999926e+00
4.556960681000000335e+01 1.812379997835864009e-01 1.876809755000000024e+00
4.561254832000000192e+01 1.455263680630795864e-01 1.859637675000000101e+00
4.559496922000000296e+01 2.496026421592676126e-01 1.861202680999999970e+00
4.560352626000000242e+01 9.823895052659906146e-02 1.809728988000000038e+00
4.559827322999999666e+01 1.182981529285530437e-01 1.807861383000000099e+00
4.557023696000000257e+01 1.601549038679576376e-01 1.825089396999999947e+00
4.546665586999999675e+01 2.978224175555482245e-01 1.884221195999999932e+00
4.527296115000000043e+01 4.379472702883941970e-01 1.927350389000000108e+00
4.511138574999999662e+01 5.045803962412924726e-01 1.950493357000000039e+00
4.495416666999999933e+01 5.556113707143938152e-01 1.964527044000000000e+00
4.481515816999999657e+01 5.679370510212958800e-01 1.985443693999999981e+00
4.474391554000000326e+01 5.595492980783488557e-01 2.020507142000000034e+00
4.474379963999999887e+01 5.595258746042487408e-01 2.021389069000000038e+00
4.481497542999999695e+01 5.678706150900583172e-01 1.988523148000000074e+00
4.495410185000000070e+01 5.555738746456295729e-01 1.969080449000000010e+00
4.511147823000000301e+01 5.045370592634965679e-01 1.956723411000000024e+00
4.527278110999999683e+01 4.383294339286942787e-01 1.933838372000000083e+00
4.546661955999999805e+01 2.986910401590695541e-01 1.884893895000000041e+00
4.557059587999999906e+01 1.599762300983739449e-01 1.824687012000000053e+00
4.559854689000000150e+01 1.178940577585376459e-01 1.807916556999999980e+00
4.545474388000000232e+01 3.920252496345547621e-01 1.744283349999999899e+00
4.545483509000000311e+01 3.492035654524887622e-01 1.753211673000000026e+00
4.544568541000000295e+01 2.627087160514582354e-01 1.789107739999999946e+00
4.534803636000000182e+01 3.536333300032156179e-01 1.882088473000000040e+00
4.510331422000000146e+01 5.061891146093758787e-01 1.979941066000000083e+00
4.485031330000000338e+01 5.039511752164609337e-01 2.006749990999999955e+00
4.467332156999999881e+01 5.173369809644394746e-01 2.038915906000000167e+00
4.452921159999999645e+01 4.839008141210423553e-01 2.098201024000000192e+00
4.446896044999999731e+01 4.610590092672607887e-01 2.148653551000000217e+00
4.446873200999999654e+01 4.611362981944248096e-01 2.148470194999999805e+00
4.452882988999999725e+01 4.849029140098614632e-01 2.098206962999999980e+00
4.467333744999999823e+01 5.177091477594965019e-01 2.041896915999999784e+00
4.485034481000000284e+01 5.032495698061639766e-01 2.012667727000000184e+00
4.510230319000000065e+01 5.070280921338231606e-01 1.977197008999999950e+00
4.534776695000000046e+01 3.549863440355050526e-01 1.876371792000000038e+00
4.544605879000000215e+01 2.629045323097412568e-01 1.782992308999999942e+00
4.545518081000000166e+01 3.492690613600658578e-01 1.749627661999999972e+00
4.523527847999999807e+01 4.392961038059701173e-01 1.705935500999999910e+00
4.526083309999999926e+01 3.889686516890584200e-01 1.717467784999999969e+00
4.530110417000000211e+01 2.824502236594179649e-01 1.761348155000000082e+00
4.521515199000000251e+01 4.085770803873307599e-01 1.873699728999999925e+00
4.494558818000000144e+01 5.562879328664325218e-01 1.989939008999999981e+00
4.466418836999999797e+01 5.201592209796701560e-01 2.078008174999999902e+00
4.446422021000000058e+01 4.593033581631416062e-01 2.109244310999999872e+00
4.431927907000000033e+01 4.246840021941254983e-01 2.181869543999999994e+00
4.425614379000000298e+01 4.115636872952431191e-01 2.201079871000000132e+00
4.425583912999999825e+01 4.114031402659524828e-01 2.200693302999999990e+00
4.431841287000000307e+01 4.242730754870015497e-01 2.179881925000000109e+00
4.446382109999999699e+01 4.594554361965360600e-01 2.105603641000000081e+00
4.466273870999999929e+01 5.200646045627161929e-01 2.073116381000000175e+00
4.494432588000000095e+01 5.568362376178220829e-01 1.987525771999999913e+00
4.521458557999999783e+01 4.099898656107738848e-01 1.868277082000000089e+00
4.530127063999999848e+01 2.829926231114487378e-01 1.753869335999999945e+00
4.526105422999999917e+01 3.893677524276524249e-01 1.712700491999999963e+00
4.507548720999999858e+01 3.478425506574892023e-01 1.727100218999999992e+00
4.512119658000000300e+01 3.477840598151355489e-01 1.721004326000000084e+00
4.519526189999999843e+01 2.903156178097789919e-01 1.751451265000000035e+00
4.509943444000000312e+01 4.595876238051783691e-01 1.869541930000000018e+00
4.480904637999999807e+01 5.647429016861714723e-01 1.989144747999999963e+00
4.453287026999999654e+01 4.601597570997810194e-01 2.072366532999999844e+00
4.432871392999999927e+01 4.236285915963692861e-01 2.114964617000000047e+00
4.416586576000000264e+01 3.718951719087902896e-01 2.152304607000000036e+00
4.409171060999999980e+01 3.460611385550581565e-01 2.206524218000000204e+00
4.409148855000000111e+01 3.458204041665832729e-01 2.206448905999999877e+00
4.416564980999999790e+01 3.720011775637456775e-01 2.153750504000000010e+00
4.432858648999999929e+01 4.238885789111968561e-01 2.117826936000000160e+00
4.453281321000000048e+01 4.594932159123970017e-01 2.078151874000000010e+00
4.480793606999999668e+01 5.645029162414167967e-01 1.991249535999999987e+00
4.509862679999999813e+01 4.608080650429303704e-01 1.868210747000000005e+00
4.519515532999999863e+01 2.910822369858851455e-01 1.746959385000000031e+00
4.512122894000000173e+01 3.482761913199016179e-01 1.718237513999999910e+00
4.503173689999999851e+01 2.873045189388701570e-01 1.832740870000000077e+00
4.507729228000000177e+01 3.343193052506475138e-01 1.779997695000000046e+00
4.515363660999999951e+01 3.274500696001465538e-01 1.765479868999999979e+00
4.503996329000000287e+01 4.990345225255621298e-01 1.876563602000000053e+00
4.474176732000000101e+01 5.527231450510952104e-01 1.999262182000000054e+00
4.447588238000000160e+01 4.520534725594940739e-01 2.087933323000000119e+00
4.426555809999999980e+01 4.105046507899479113e-01 2.127264842000000211e+00
4.409818051999999966e+01 3.498393671453681186e-01 2.157715238999999841e+00
4.401217110999999704e+01 2.975960390220474538e-01 2.195097595000000013e+00
4.401204219000000251e+01 2.975208590369445294e-01 2.195542676000000082e+00
4.409799173999999766e+01 3.498692598072276061e-01 2.159845069999999811e+00
4.426536690999999735e+01 4.106753925519119885e-01 2.130525824999999873e+00
4.447578668999999962e+01 4.521033448420456180e-01 2.093450126000000022e+00
4.474091094999999996e+01 5.519315589024348379e-01 2.005016788999999910e+00
4.503895047000000318e+01 4.999004901476089002e-01 1.878935197999999973e+00
4.515326294999999845e+01 3.282094519126389498e-01 1.764499030999999940e+00
4.507716262000000285e+01 3.346499097024869251e-01 1.779903682000000043e+00
4.532220202999999970e+01 1.782166530666895454e-01 1.928981367000000002e+00
4.543454691000000167e+01 3.499037125083440669e-01 1.886054359000000069e+00
4.562509967999999816e+01 3.317807775643827339e-01 1.836433956999999895e+00
4.569214321999999839e+01 8.408118391032241845e-02 1.769414121000000062e+00
4.554029400999999666e+01 3.721920648238564167e-01 1.716617043000000065e+00
4.530736424999999912e+01 3.973783894768280200e-01 1.716509311999999898e+00
4.508033265000000256e+01 3.482699382466130089e-01 1.737139514999999967e+00
4.489069716000000199e+01 2.878585716618972667e-01 1.730598722000000089e+00
4.486493982999999730e+01 1.581165750176640183e-01 2.102139320000000033e+00
4.486471631999999943e+01 1.582025250698899932e-01 2.100841795000000012e+00
4.489081618000000162e+01 2.894741361228697629e-01 1.726898306999999910e+00
4.508065707000000089e+01 3.491237382293859715e-01 1.734458475000000055e+00
4.530801016000000203e+01 3.980569153700153628e-01 1.712679668999999905e+00
4.554111541999999702e+01 3.722281882983017876e-01 1.711731112000000055e+00
4.569279448000000343e+01 8.381941884131298426e-02 1.765815262000000052e+00
4.562538052000000022e+01 3.324813827353243489e-01 1.837448552999999984e+00
4.543471362999999741e+01 3.501281718465427129e-01 1.887997013999999973e+00
4.542408008000000308e+01 3.503225637786542279e-01 1.914155150000000027e+00
4.549501962000000077e+01 3.404201351743164627e-01 1.874440963000000071e+00
4.564809686000000255e+01 2.789509722395847602e-01 1.831269743000000005e+00
4.568869254999999896e+01 1.010050723232485542e-01 1.770660139999999938e+00
4.554471003999999823e+01 3.224136849332431831e-01 1.726752682999999955e+00
4.533595377000000326e+01 3.559439691585805643e-01 1.723998672000000010e+00
4.512658479000000256e+01 3.479956694156911001e-01 1.727579538999999942e+00
4.495044209000000279e+01 3.230596461229094940e-01 1.707606753999999949e+00
4.488011739000000233e+01 2.711874463896089549e-01 1.873514051999999985e+00
4.488004542000000185e+01 2.713346372543475882e-01 1.873403527000000013e+00
4.495050679999999943e+01 3.231722808169260608e-01 1.709042307999999899e+00
4.512674418999999659e+01 3.482086715088240081e-01 1.726645130999999944e+00
4.533623075999999941e+01 3.560254737361810418e-01 1.721199128999999939e+00
4.554497761999999739e+01 3.221009890354792904e-01 1.722773832999999977e+00
4.568873536000000257e+01 1.007395799234502703e-01 1.767806213000000071e+00
4.564797578999999672e+01 2.789449817982738167e-01 1.833870209000000084e+00
4.549486671999999743e+01 3.400351183362789187e-01 1.879450902999999951e+00
4.561516009000000338e+01 3.338943990750314339e-01 1.860662143000000102e+00
4.564045683999999881e+01 2.777055409803186881e-01 1.847342282999999918e+00
4.569185256000000095e+01 1.511733461911551335e-01 1.832954087000000065e+00
4.567144022000000092e+01 1.459112785819529357e-01 1.798079685999999899e+00
4.554364278999999982e+01 2.335993105398734559e-01 1.763767646000000022e+00
4.538099617000000308e+01 2.655334636393923975e-01 1.758143613999999966e+00
4.520235207000000344e+01 2.903465913388412756e-01 1.755473456999999904e+00
4.504188420999999920e+01 2.765077397691305672e-01 1.755673822999999967e+00
4.495448590000000166e+01 2.647341876982641784e-01 1.781870784999999957e+00
4.495440432000000186e+01 2.646286462742081791e-01 1.782912312000000110e+00
4.504171448000000311e+01 2.763911075424123620e-01 1.758100229999999931e+00
4.520218066999999706e+01 2.902987095366579284e-01 1.757306033000000101e+00
4.538082812999999760e+01 2.654300957964391694e-01 1.758379649999999961e+00
4.554336494999999729e+01 2.333714619746439789e-01 1.762939618000000097e+00
4.567094166999999771e+01 1.460064318851765353e-01 1.798938201999999986e+00
4.569149708999999859e+01 1.504820549712476974e-01 1.839337103999999945e+00
4.564023246000000000e+01 2.777713016227252862e-01 1.852434922999999900e+00
4.568467035999999837e+01 8.122945239945705831e-02 1.787619996000000100e+00
4.568115021999999925e+01 9.846419611768324198e-02 1.785891158999999950e+00
4.566508581000000078e+01 1.482883990562170184e-01 1.808803122999999902e+00
4.557447384999999684e+01 3.139706350987553352e-01 1.852995335999999993e+00
4.543673438999999803e+01 3.704251892235923549e-01 1.859682891000000060e+00
4.529072131000000212e+01 4.138015398922978427e-01 1.870848856000000060e+00
4.510889954999999674e+01 4.577246097657683421e-01 1.874509654999999997e+00
4.493943809999999672e+01 4.545398727950339945e-01 1.880130191999999978e+00
4.484324025000000091e+01 4.376969127365599177e-01 1.897168774999999918e+00
4.484313508000000326e+01 4.375798657904665934e-01 1.898110181000000063e+00
4.493918516000000096e+01 4.543083374670190966e-01 1.882577033000000011e+00
4.510858300999999670e+01 4.574678075793922605e-01 1.877474502000000101e+00
4.529035123999999968e+01 4.134490606316365557e-01 1.873877041000000077e+00
4.543623522000000037e+01 3.699617956620481207e-01 1.863785569000000031e+00
4.557398961999999898e+01 3.140941220263048228e-01 1.858904844000000001e+00
4.566523573999999996e+01 1.476043478637045492e-01 1.813833948000000085e+00
4.568135745000000014e+01 9.792575870584808995e-02 1.788845137000000030e+00
4.553490062000000194e+01 3.689701076643145394e-01 1.731128446000000043e+00
4.553880659000000009e+01 3.193944503656434564e-01 1.742074461999999935e+00
4.553649029999999698e+01 2.334630493867445866e-01 1.781000109000000053e+00
4.542795456000000343e+01 3.732601370106863881e-01 1.881884203999999894e+00
4.517050440999999950e+01 5.178316473319702906e-01 1.924510895999999915e+00
4.500553254999999808e+01 5.408205619592768576e-01 1.984079939999999986e+00
4.481931241000000199e+01 5.638807830393617326e-01 1.994007689000000028e+00
4.464840831000000065e+01 5.476246855665608537e-01 1.998201773999999986e+00
4.455519867000000289e+01 5.152991693212303215e-01 2.023100856000000114e+00
4.455511153999999863e+01 5.152508371336597115e-01 2.023726710000000040e+00
4.464825290999999652e+01 5.474691014802076650e-01 1.999947018999999937e+00
4.481918540000000206e+01 5.637122218840572296e-01 1.995944018999999958e+00
4.500547403000000202e+01 5.405056049585181821e-01 1.986496405000000021e+00
4.517004481000000027e+01 5.177379183287964537e-01 1.929507571000000032e+00
4.542780341999999649e+01 3.743528001914283587e-01 1.878549215000000050e+00
4.553696200000000260e+01 2.334053505990545396e-01 1.777324990000000104e+00
4.553915045000000106e+01 3.194958541576234379e-01 1.740222681000000104e+00
4.530240083000000340e+01 3.965234671036274583e-01 1.732199567000000107e+00
4.533050346000000275e+01 3.549703867833379212e-01 1.742060251000000060e+00
4.537390615000000338e+01 2.653807360336243315e-01 1.778562994999999924e+00
4.528097128999999654e+01 4.160654415431093156e-01 1.895160313999999957e+00
4.499525437999999866e+01 5.410806640768039966e-01 2.021465668999999910e+00
4.473406382000000292e+01 4.546261210583838475e-01 2.120159215000000152e+00
4.453891506000000078e+01 4.771723331012274194e-01 2.114279503000000116e+00
4.436593219000000232e+01 4.091851367202009593e-01 2.176558929000000031e+00
4.429478867000000264e+01 3.796298030724563066e-01 2.209560076999999900e+00
4.429459895000000103e+01 3.795611321316854081e-01 2.209201150000000169e+00
4.436557211000000223e+01 4.109421620879926684e-01 2.172665058999999843e+00
4.453871611999999658e+01 4.776381644140280103e-01 2.112871124000000211e+00
4.473381530000000339e+01 4.549435525677230086e-01 2.116416368999999964e+00
4.499448283000000259e+01 5.411562135036454002e-01 2.017457319000000027e+00
4.528072276000000329e+01 4.171008877175214624e-01 1.888537705999999927e+00
4.537425761000000080e+01 2.656878421406129176e-01 1.771078484000000008e+00
4.533078936999999797e+01 3.552066862575339878e-01 1.738005081000000063e+00
4.507527967000000046e+01 3.479359309940585065e-01 1.756137712999999989e+00
4.512096792999999906e+01 3.479284373755372473e-01 1.748246256999999915e+00
4.519507703000000021e+01 2.904313680013486110e-01 1.775769208000000043e+00
4.509921741000000139e+01 4.597479541559867933e-01 1.894380224999999918e+00
4.480889486000000232e+01 5.645544415475994837e-01 2.027144553999999932e+00
4.453318798000000101e+01 4.602513903527858941e-01 2.156091347999999908e+00
4.432893391999999722e+01 4.238110017347706537e-01 2.178946569999999916e+00
4.416612441000000189e+01 3.722200526362312023e-01 2.234883304999999876e+00
4.409174043000000154e+01 3.460286371793768745e-01 2.251223840000000198e+00
4.409151603000000108e+01 3.458351710232845377e-01 2.250835025999999850e+00
4.416551001999999926e+01 3.717909234074245894e-01 2.233141981000000165e+00
4.432842387000000173e+01 4.236992028716534686e-01 2.176500927000000196e+00
4.453244826000000245e+01 4.591492167386339029e-01 2.152772767000000087e+00
4.480796236999999849e+01 5.646375038563449245e-01 2.024230166000000164e+00
4.509869152000000270e+01 4.604955005119439337e-01 1.889584313999999932e+00
4.519510850000000346e+01 2.908077785644906932e-01 1.769113434000000096e+00
4.512110718999999648e+01 3.481683679754319916e-01 1.744273101000000104e+00
4.488560372999999970e+01 1.391560544610026262e-01 2.028340721999999818e+00
4.494548721000000313e+01 3.235841863572849753e-01 1.721241331999999957e+00
4.503541753999999742e+01 2.769198938485420425e-01 1.768153996999999977e+00
4.493077859000000274e+01 4.565875786892358290e-01 1.889061759000000063e+00
4.463896115000000009e+01 5.487750561366948610e-01 2.015735525999999833e+00
4.437172789000000250e+01 3.742548571908672073e-01 2.152254366999999835e+00
4.417445587000000273e+01 3.707948097627560835e-01 2.172947197000000052e+00
4.400272662999999795e+01 3.209208410541972700e-01 2.195478100999999960e+00
4.392267065000000059e+01 2.882917327818085851e-01 2.257724281000000222e+00
4.392244944000000118e+01 2.880613248284293326e-01 2.257296403999999868e+00
4.400240801999999718e+01 3.206953170735624692e-01 2.193756202999999960e+00
4.417410555000000016e+01 3.707456370224986308e-01 2.172460415000000200e+00
4.437146174000000087e+01 3.743396910322449034e-01 2.151187597999999923e+00
4.463783602000000172e+01 5.486932172744768410e-01 2.015240012000000025e+00
4.492992723999999782e+01 4.570194616154416578e-01 1.887381205000000062e+00
4.503505665000000135e+01 2.771097253547050165e-01 1.764599800000000052e+00
4.494536890999999912e+01 3.236776694916694286e-01 1.718942760000000014e+00
4.487448309999999907e+01 1.518604241454464265e-01 2.042967809999999940e+00
4.488456355999999658e+01 2.555800161075069132e-01 1.871164127999999982e+00
4.495071776000000341e+01 2.683399096693862007e-01 1.781288393000000081e+00
4.483693363999999804e+01 4.409307566869795636e-01 1.891593579000000025e+00
4.455101565999999735e+01 5.063798064302952318e-01 2.013505340000000032e+00
4.430522561000000081e+01 3.730124520037785829e-01 2.133154425999999937e+00
4.410279548999999832e+01 3.454933410424414486e-01 2.168895814999999949e+00
4.393309502999999694e+01 2.871758601435329683e-01 2.186133815999999896e+00
4.384139545000000027e+01 2.273710547370661750e-01 2.211536192000000067e+00
4.384130411000000294e+01 2.272079267568825056e-01 2.211827143999999912e+00
4.393290290000000198e+01 2.870528579449229678e-01 2.187104522999999912e+00
4.410252374000000231e+01 3.455586945021946188e-01 2.169931904999999883e+00
4.430506533999999874e+01 3.732872961191592287e-01 2.135489744000000023e+00
4.455010166000000282e+01 5.050052528839698018e-01 2.017189602000000193e+00
4.483583146000000141e+01 4.410704807984839326e-01 1.892824234999999966e+00
4.495006292000000059e+01 2.683168390713122631e-01 1.781134114999999962e+00
4.488434313999999858e+01 2.552348163600308695e-01 1.873176307000000040e+00
4.540330558000000138e+01 6.146567101908829295e-02 1.919811981000000056e+00
4.553401554999999945e+01 3.342519058310687852e-01 1.869140755000000098e+00
4.571373237000000245e+01 1.107942000230706381e-02 1.725768895999999941e+00
4.560139140999999796e+01 2.843140294555304148e-01 1.673051320999999980e+00
4.542824113000000352e+01 2.951568785189243038e-01 1.709336112999999990e+00
4.523432499999999834e+01 3.013515554723572021e-01 1.767806194999999914e+00
4.503413737000000339e+01 2.904947168470767838e-01 1.860298180000000023e+00
4.487050887000000188e+01 1.673245325769971426e-01 2.085717371999999958e+00
4.481368865000000312e+01 3.902796058597771817e-02 2.196244537000000108e+00
4.481358672999999726e+01 3.860541581290582308e-02 2.195712767999999926e+00
4.487029488999999671e+01 1.674129647201908766e-01 2.083553871999999973e+00
4.503409864000000340e+01 2.907914731465629510e-01 1.857727319999999960e+00
4.523448906000000136e+01 3.017407083253876299e-01 1.764639595000000005e+00
4.542859019000000131e+01 2.957355710514709690e-01 1.705205126000000071e+00
4.560186114999999774e+01 2.852806331685406316e-01 1.667673763000000031e+00
4.571467664000000042e+01 1.194493716878427050e-02 1.715757388999999966e+00
4.553420229000000319e+01 3.345900115353007132e-01 1.868986239000000049e+00
4.552370704999999873e+01 3.350241813112931899e-01 1.894271138999999993e+00
4.558359214000000037e+01 2.861217650626881048e-01 1.859364188000000029e+00
4.571141201999999737e+01 6.645738037571165269e-02 1.724022378999999994e+00
4.561184086000000093e+01 2.451543872190881657e-01 1.683278258000000083e+00
4.546404067000000282e+01 2.706665294080727313e-01 1.718952907999999891e+00
4.528497489000000087e+01 3.195354627204060050e-01 1.759897174000000009e+00
4.508151559000000219e+01 3.357011097150143786e-01 1.804457283000000078e+00
4.488778872000000320e+01 2.673652860361392936e-01 1.887520373000000085e+00
4.478731049999999669e+01 8.990436211360609831e-02 2.194452260999999904e+00
4.478726516999999774e+01 8.968956627499678758e-02 2.193916955000000168e+00
4.488776022999999782e+01 2.674596123183539120e-01 1.886471003999999896e+00
4.508152860999999945e+01 3.357696894901089912e-01 1.803084056999999962e+00
4.528504044999999678e+01 3.195799135018331238e-01 1.757388490000000081e+00
4.546414895000000200e+01 2.707728542855132314e-01 1.714914518999999915e+00
4.561194571000000053e+01 2.455313864018518200e-01 1.677654857999999916e+00
4.571165878000000049e+01 6.668878912024225891e-02 1.715434657999999946e+00
4.558323768000000342e+01 2.855112978666229928e-01 1.861407897000000089e+00
4.570852230999999932e+01 2.022787217880622421e-02 1.741137678000000077e+00
4.570690439999999910e+01 4.774694130388001945e-02 1.733237675000000033e+00
4.574597931999999645e+01 1.947437472439522976e-01 1.734042376999999968e+00
4.563833737000000212e+01 1.729759866903180787e-01 1.717398669999999905e+00
4.553085552999999663e+01 2.047731882391389258e-01 1.744113712999999954e+00
4.536977161000000081e+01 2.925821632172210807e-01 1.769211743999999920e+00
4.516087199999999768e+01 3.267114692249105112e-01 1.786178424999999903e+00
4.495862051000000292e+01 2.681414189812470483e-01 1.790655061000000048e+00
4.483599113999999730e+01 1.319123444350078223e-01 1.788226804000000003e+00
4.483596124000000316e+01 1.317837127780028539e-01 1.788549503000000040e+00
4.495856038000000154e+01 2.680611922215379028e-01 1.791238619999999893e+00
4.516080181000000238e+01 3.266612664279592293e-01 1.786436547000000097e+00
4.536969083999999697e+01 2.925149973705999940e-01 1.768512073999999989e+00
4.553076691999999781e+01 2.046047421364444729e-01 1.741536181999999933e+00
4.563806154000000248e+01 1.720717886651464690e-01 1.712236813999999940e+00
4.574483071000000223e+01 1.986431294232916256e-01 1.723288469000000100e+00
4.570657605000000245e+01 4.735892649179275493e-02 1.738489976000000103e+00
4.559896839999999685e+01 2.823668364755400062e-01 1.677936062999999978e+00
4.560917922000000146e+01 2.423861488545097920e-01 1.688308686999999919e+00
4.563476868000000053e+01 1.721527945582674302e-01 1.724699011000000004e+00
4.555053874000000036e+01 3.930946648645860519e-01 1.844880056000000046e+00
4.544575286999999975e+01 4.456860615876924725e-01 1.891734373000000025e+00
4.527064665999999704e+01 4.937053854886238602e-01 1.895493596999999975e+00
4.504980264000000290e+01 4.974219966775856316e-01 1.900240713999999942e+00
4.484686628000000042e+01 4.392560529076288134e-01 1.903797885999999995e+00
4.472701887000000198e+01 3.632584104669287495e-01 1.906747798000000049e+00
4.472698279000000099e+01 3.631921666990181041e-01 1.907041755999999921e+00
4.484679847000000308e+01 4.391354896991970236e-01 1.904503118999999911e+00
4.504973783999999881e+01 4.972299901774150377e-01 1.901075306000000076e+00
4.527055837000000338e+01 4.933496834160434608e-01 1.896292598000000051e+00
4.544554921000000292e+01 4.451102965690976188e-01 1.892332182000000085e+00
4.554975733999999932e+01 3.927888185650577624e-01 1.847063251000000017e+00
4.563469740000000030e+01 1.715899734777004415e-01 1.726072966999999903e+00
4.560908684000000335e+01 2.424277554268357004e-01 1.688895562999999989e+00
4.542535275000000183e+01 2.949111260226843778e-01 1.718293590999999898e+00
4.546095512000000127e+01 2.704720098113155835e-01 1.729455141000000085e+00
4.552603739999999988e+01 2.050585225482961516e-01 1.759082339000000106e+00
4.543534132999999997e+01 4.488932990296279901e-01 1.918144362000000047e+00
4.513608317999999997e+01 4.513659118993181285e-01 2.071787989999999802e+00
4.495811539000000323e+01 5.548704901745686868e-01 2.026761346999999880e+00
4.475152250000000009e+01 5.552512196433393443e-01 2.032020538999999903e+00
4.456144931000000042e+01 5.086538490564445070e-01 2.038719415000000090e+00
4.444669758999999942e+01 4.599228986957124565e-01 2.029265011000000118e+00
4.444667857000000311e+01 4.598366475709768642e-01 2.029510408000000155e+00
4.456147046000000245e+01 5.084747073395058381e-01 2.039191827999999873e+00
4.475163166000000103e+01 5.550403922946869351e-01 2.032492978000000061e+00
4.495834525000000070e+01 5.544869100428386766e-01 2.027197421999999971e+00
4.513669518999999752e+01 4.511875763581992826e-01 2.069753949999999953e+00
4.543555218000000195e+01 4.490647178203548973e-01 1.914473279000000083e+00
4.552632845000000117e+01 2.048719035455828508e-01 1.755657951000000105e+00
4.546105046000000272e+01 2.704398301861634657e-01 1.728129464000000004e+00
4.523107937999999706e+01 3.012424607916066033e-01 1.781560746000000028e+00
4.528107353000000046e+01 3.197617793433862876e-01 1.776365434999999993e+00
4.536337867999999673e+01 2.936205340844392775e-01 1.789496033000000041e+00
4.526027846000000210e+01 4.960987231304591072e-01 1.920044290999999959e+00
4.494835630000000037e+01 5.504044835522764467e-01 2.063976397999999879e+00
4.468840866000000034e+01 4.741895060575061494e-01 2.139385428999999839e+00
4.447890343000000257e+01 4.619644869503872764e-01 2.153114192999999954e+00
4.430336272000000264e+01 3.921376676900241165e-01 2.200668310000000183e+00
4.421227891000000199e+01 3.139221721409405363e-01 2.252781665000000100e+00
4.421231736000000012e+01 3.139020524673811763e-01 2.252533537999999780e+00
4.430350305000000333e+01 3.921381853401523787e-01 2.200167571000000155e+00
4.447915476000000012e+01 4.620089897380407207e-01 2.152621342000000215e+00
4.468885677000000101e+01 4.743886628061972921e-01 2.138175057000000212e+00
4.494876771999999931e+01 5.500797716934385795e-01 2.062182960999999981e+00
4.526063189999999992e+01 4.961523785635320039e-01 1.916950947999999988e+00
4.536374307999999900e+01 2.936169664127635248e-01 1.785707511000000025e+00
4.528128327999999669e+01 3.197892637113086689e-01 1.774561081999999956e+00
4.503151524999999822e+01 2.872901585832123295e-01 1.879343822000000053e+00
4.507691136999999770e+01 3.344378844179243804e-01 1.827584273000000037e+00
4.515316494999999719e+01 3.276876420524190703e-01 1.809960887999999990e+00
4.503923326000000316e+01 4.993469042252165480e-01 1.923408210999999923e+00
4.474111930000000115e+01 5.523672256886642540e-01 2.068586257000000206e+00
4.447564089000000109e+01 4.519111379582740340e-01 2.173307756999999896e+00
4.426536461999999972e+01 4.105196551186031662e-01 2.202805387000000170e+00
4.409802143000000285e+01 3.498720140941073975e-01 2.246204584000000004e+00
4.401205901000000154e+01 2.976003585839588350e-01 2.278623677000000125e+00
4.401207528999999852e+01 2.975834273345070446e-01 2.278420856999999966e+00
4.409809146999999996e+01 3.499223749520206095e-01 2.245644931999999816e+00
4.426552207999999666e+01 4.106855851209167407e-01 2.202113166999999816e+00
4.447593916000000291e+01 4.521291777578508309e-01 2.172084202000000186e+00
4.474140107000000199e+01 5.522442128297188058e-01 2.067302236999999820e+00
4.503951038999999668e+01 4.994480999790110176e-01 1.921456604000000068e+00
4.515347802000000144e+01 3.278175281138454578e-01 1.807247894999999938e+00
4.507714780999999959e+01 3.345342096921958830e-01 1.826123656999999900e+00
4.487434077000000343e+01 1.515565017775176992e-01 2.080382213000000036e+00
4.488417584999999832e+01 2.553652842699372094e-01 1.928989480000000034e+00
4.495027137999999667e+01 2.681521369803130384e-01 1.813250049999999947e+00
4.483633993000000117e+01 4.408893858522447418e-01 1.922147896000000022e+00
4.455051184999999947e+01 5.057837930073442179e-01 2.076168024999999862e+00
4.430509589999999776e+01 3.729993926332497711e-01 2.193879337999999901e+00
4.410266063000000258e+01 3.454858624913776377e-01 2.214088551000000127e+00
4.393300238999999863e+01 2.871473432194019959e-01 2.252790402000000025e+00
4.384131931000000293e+01 2.273673811957321600e-01 2.301917213999999934e+00
4.384128923000000100e+01 2.273326677713532473e-01 2.301739357000000208e+00
4.393294467999999853e+01 2.871406831084071243e-01 2.252434710000000173e+00
4.410263240999999823e+01 3.455663978751710719e-01 2.213752910999999823e+00
4.430514174999999710e+01 3.731725071326857934e-01 2.193205002000000015e+00
4.455049724999999938e+01 5.056840568928306912e-01 2.075454176000000039e+00
4.483634545999999688e+01 4.410326323189899811e-01 1.921243417999999981e+00
4.495037177999999756e+01 2.683511928328011220e-01 1.811755430000000056e+00
4.488434955000000315e+01 2.554911288269388070e-01 1.928133252999999936e+00
4.482313907000000341e+01 3.834686325702950371e-02 2.132539442000000118e+00
4.479648090999999965e+01 9.098620704042154061e-02 2.134314044999999993e+00
4.482865894999999767e+01 1.318828233397618954e-01 1.800464902999999950e+00
4.471769169000000232e+01 3.654846140317026815e-01 1.913744069999999908e+00
4.443611450000000218e+01 4.636153790791477936e-01 2.040241147000000144e+00
4.422155165000000210e+01 3.127087943517523616e-01 2.185623172000000114e+00
4.402153337000000022e+01 2.975655482200555979e-01 2.208627767999999936e+00
4.385024981000000110e+01 2.289782220456343942e-01 2.231745092999999791e+00
4.374824096999999767e+01 1.144481638711683930e-01 2.247400448000000051e+00
4.374819180000000074e+01 1.142798315139033072e-01 2.247181388000000002e+00
4.385012894999999844e+01 2.288292305283520789e-01 2.231617051000000185e+00
4.402139461000000153e+01 2.974994391661476834e-01 2.208574068999999973e+00
4.422143730999999889e+01 3.127052002189405489e-01 2.185595173999999918e+00
4.443565560999999775e+01 4.634208507146369005e-01 2.039973913999999944e+00
4.471729631000000182e+01 3.653703339661121263e-01 1.913719187999999960e+00
4.482841118000000336e+01 1.313966949483632018e-01 1.800011036999999980e+00
4.479649734000000194e+01 9.098944330430418226e-02 2.134563378999999816e+00
