0.000000000000000000e+00 0.000000000000000000e+00 0.000000000000000000e+00
1.572417533000000089e+00 2.302850801243229828e+00 1.033984178000000087e+00
3.100866025000000192e+00 2.241035396844745620e+00 1.062622069999999974e+00
4.568354732999999612e+00 2.123583817011199137e+00 1.098302397000000097e+00
5.939563466000000069e+00 1.953472775718052112e+00 1.147308422000000050e+00
7.176841666999999703e+00 1.722161829050532278e+00 1.209974687000000104e+00
8.232676357000000777e+00 1.407434932230556601e+00 1.283715587000000102e+00
9.037640855999999445e+00 9.655224532528715597e-01 1.359380217000000002e+00
9.489823753999999667e+00 3.539717912791191523e-01 1.413334348000000018e+00
1.572463935999999896e+00 2.303004591001183599e+00 1.145958405000000013e+00
2.226384796000000055e+00 2.334575134193176638e+00 1.092167287000000098e+00
3.493108945999999992e+00 2.294652331360965913e+00 1.078659521999999926e+00
4.857983637000000243e+00 2.184677589524294916e+00 1.103927227000000011e+00
6.177579940000000214e+00 2.017648824795795992e+00 1.150707120999999944e+00
7.384029925000000105e+00 1.790095649984446036e+00 1.213668809000000071e+00
8.419239099000000337e+00 1.485535179230233371e+00 1.288572811999999956e+00
9.210437863999999308e+00 1.075556596178951718e+00 1.365754914000000042e+00
9.655562830999999235e+00 5.962139349204496064e-01 1.421054878999999938e+00
3.100896452999999831e+00 2.241208243001151956e+00 1.179941055000000016e+00
3.493130568999999852e+00 2.294797454294650763e+00 1.141019907000000000e+00
4.441879763000000203e+00 2.327467317045747386e+00 1.107164752999999946e+00
5.615427325999999830e+00 2.267102648509603746e+00 1.112344108999999914e+00
6.821748408999999569e+00 2.127528322543496220e+00 1.149601615999999993e+00
7.954718913999999863e+00 1.917731573765710573e+00 1.210567512999999984e+00
8.936693647000000240e+00 1.632485899619791736e+00 1.288657940000000002e+00
9.688601890999999355e+00 1.268709405158104264e+00 1.371522240000000004e+00
1.011201973000000010e+01 9.076870646463809367e-01 1.431380995999999906e+00
4.568349206999999801e+00 2.123670999903437995e+00 1.248594573000000096e+00
4.858040787000000194e+00 2.184875665542304279e+00 1.183774402999999920e+00
5.615483718000000124e+00 2.267205262751027295e+00 1.146714124999999918e+00
6.627988657000000394e+00 2.268402493006911325e+00 1.136772576000000035e+00
7.720480076000000302e+00 2.176404678047684893e+00 1.161442746999999942e+00
8.770383015000000171e+00 1.991710422686037596e+00 1.219020419000000022e+00
9.674047451999999936e+00 1.671667257906369830e+00 1.312192876999999980e+00
1.033983598000000015e+01 1.228490411097652002e+00 1.422610496999999974e+00
1.070755162000000027e+01 8.428692256897046819e-01 1.499778161999999915e+00
5.939478709000000300e+00 1.953523696948519017e+00 1.331525194999999995e+00
6.177669721000000003e+00 2.017842740027691040e+00 1.233453522000000024e+00
6.821872009999999875e+00 2.127675234631570156e+00 1.197423077000000058e+00
7.720576731999999609e+00 2.176494183248699699e+00 1.178169279000000014e+00
8.723925194999999633e+00 2.134452933223377258e+00 1.189487073000000006e+00
9.696341264000000848e+00 1.897498676858281108e+00 1.263535405000000056e+00
1.025907682999999970e+01 5.631012751294317553e-01 1.565348885999999995e+00
1.056091673000000064e+01 5.957117041355827203e-01 1.702187837999999953e+00
1.073307445000000016e+01 8.448442861103987456e-01 1.793702404000000028e+00
7.176680836000000063e+00 1.722211166245537939e+00 1.396622194000000095e+00
7.384122330000000289e+00 1.790225972216836992e+00 1.292528066999999892e+00
7.954886465999999601e+00 1.917863215330201987e+00 1.259339184999999972e+00
8.770608197999999689e+00 1.991964170706517434e+00 1.237434547999999968e+00
9.696830617999999902e+00 1.899904851201230649e+00 1.256763422999999991e+00
1.008142617999999935e+01 9.189096093698916057e-02 1.693067563999999914e+00
1.006909667999999947e+01 5.078204784039436204e-01 1.812386840999999915e+00
1.002448183999999998e+01 9.434141641302016268e-01 1.907380679999999940e+00
9.997369168000000528e+00 1.179416416599393669e+00 1.961094950999999975e+00
8.232447451000000527e+00 1.407458782990743229e+00 1.459208757999999939e+00
8.419271395999999186e+00 1.485545807952427300e+00 1.358897169000000016e+00
8.936830598000000236e+00 1.632527893278149067e+00 1.329912011000000005e+00
9.674416117999999898e+00 1.672290897142579169e+00 1.323847403999999894e+00
1.026030607999999944e+01 5.628945857904120720e-01 1.644175799999999965e+00
1.006954894999999972e+01 5.086491111385202935e-01 1.855257616000000054e+00
9.710600480000000090e+00 7.321793584236044872e-01 1.975273464999999895e+00
9.412470146000000426e+00 9.108373919506247418e-01 2.064692482999999967e+00
9.250340422000000729e+00 1.017586984778242165e+00 2.114575579999999899e+00
9.037345067000000398e+00 9.655120885583274859e-01 1.518995512999999908e+00
9.210334701000000734e+00 1.075442025182438366e+00 1.423874818999999903e+00
9.688582416999999225e+00 1.268608274042243744e+00 1.397560775000000088e+00
1.034016169000000041e+01 1.229188816729399836e+00 1.416550817000000073e+00
1.056204093000000022e+01 5.959185445906033385e-01 1.764298890000000064e+00
1.002506091000000055e+01 9.440643196937990034e-01 1.961270671999999937e+00
9.412673321999999843e+00 9.111096575527585228e-01 2.090047892999999934e+00
8.935757206999999980e+00 7.939655965696258422e-01 2.196443926000000157e+00
8.678125699000000637e+00 7.018827091512332972e-01 2.260384200999999926e+00
9.489481068999999991e+00 3.539638326987223360e-01 1.561716415000000024e+00
9.655298186999999643e+00 5.960726938550814369e-01 1.468256556999999907e+00
1.011175367000000058e+01 9.075373262539302432e-01 1.441034460000000017e+00
1.070750656999999961e+01 8.434743672049827001e-01 1.460078629000000072e+00
1.073382682999999993e+01 8.446614297591760190e-01 1.816468028999999929e+00
9.997855228000000594e+00 1.179774862886632913e+00 2.014579035000000129e+00
9.250575479000000101e+00 1.017815803702164956e+00 2.151981517999999927e+00
8.678201387999999739e+00 7.019926492596568757e-01 2.275479363000000088e+00
8.368580460000000443e+00 3.349069616816839345e-01 2.353510657999999811e+00
1.572782619000000048e+00 2.302504438622117622e+00 1.044650437000000043e+00
2.226130307000000030e+00 2.333845082492070233e+00 1.037095614000000054e+00
3.492704686000000169e+00 2.294297892604722833e+00 1.043669957000000093e+00
4.857611047999999876e+00 2.184542184381178753e+00 1.074910003999999919e+00
6.177302593000000286e+00 2.017633598885204549e+00 1.124292977999999943e+00
7.383866244000000023e+00 1.790142020852697025e+00 1.189040287000000085e+00
8.419182677000000226e+00 1.485602648306965978e+00 1.265267632000000031e+00
9.210462528000000759e+00 1.075601307299591802e+00 1.342358066999999933e+00
9.655625913999999810e+00 5.961960807940757112e-01 1.395574623999999986e+00
9.655602780000000607e+00 5.961843562282871378e-01 1.392691238999999914e+00
9.210461041000000293e+00 1.075472323040802536e+00 1.334724730000000026e+00
8.419315914000000234e+00 1.485413586374356276e+00 1.254767841999999911e+00
7.384185491000000212e+00 1.790004352493046902e+00 1.177019419999999927e+00
6.177804670999999637e+00 2.017597001401451706e+00 1.111280024000000033e+00
4.858268189000000348e+00 2.184647151004558641e+00 1.060754524000000032e+00
3.493453397000000127e+00 2.294613794847790267e+00 1.027572206999999960e+00
2.226791576000000106e+00 2.334417419009119143e+00 1.019208711000000100e+00
2.226672922000000110e+00 2.333429752083326481e+00 1.153377713000000027e+00
3.135154013000000184e+00 2.640253001976799130e+00 1.129775208000000086e+00
4.088245825000000444e+00 2.433193995989816560e+00 1.064655566000000109e+00
5.249597676999999685e+00 2.216401182027805561e+00 1.102918513000000100e+00
6.438641923999999683e+00 2.001990989529587317e+00 1.154502963999999965e+00
7.559371602999999773e+00 1.759464397983883543e+00 1.219035120000000028e+00
8.540566974000000755e+00 1.459729746167509834e+00 1.293672423000000071e+00
9.302906580000000147e+00 1.066174347583856319e+00 1.369123225000000055e+00
9.737775077000000223e+00 6.057163075637459482e-01 1.421254789000000018e+00
9.737624667000000400e+00 6.058031426383034823e-01 1.416895596000000035e+00
9.302586467999999442e+00 1.066061180122216401e+00 1.358249371000000094e+00
8.540295400999999842e+00 1.459417681259991051e+00 1.279830234000000067e+00
7.559286490999999941e+00 1.759111078246692994e+00 1.204414939000000073e+00
6.438790986999999966e+00 2.001731359023746215e+00 1.140091436999999930e+00
5.249956154999999569e+00 2.216329197660767747e+00 1.089112308000000029e+00
4.088716516999999939e+00 2.433329883388379411e+00 1.051973680999999994e+00
3.135709251999999836e+00 2.676617392924562910e+00 1.399592713999999960e+00
3.492996279999999842e+00 2.294177446406314047e+00 1.243926668999999929e+00
4.088946654999999986e+00 2.433611309093691943e+00 1.363572199999999901e+00
4.959275543999999591e+00 2.439070244944483434e+00 1.235054322000000093e+00
5.983655214999999750e+00 2.271425234833326812e+00 1.182557795999999994e+00
7.061605446999999813e+00 2.062588886125230836e+00 1.187968770999999979e+00
8.090794507000000024e+00 1.822490072622481971e+00 1.231831601000000109e+00
8.999197969000000796e+00 1.542652907600261525e+00 1.300875250000000038e+00
9.713678584000000171e+00 1.204048463196088381e+00 1.378888289000000045e+00
1.012791256999999945e+01 8.531348389956202594e-01 1.435612904000000078e+00
1.012769918000000047e+01 8.532762182189677080e-01 1.430793154999999928e+00
9.713185892000000266e+00 1.204077548239632867e+00 1.367659238000000110e+00
8.998617353000000207e+00 1.542541187896274701e+00 1.287782693000000034e+00
8.090163965000000346e+00 1.822410390425718951e+00 1.218709508000000108e+00
7.060861479999999801e+00 2.062632644005833349e+00 1.174614207000000077e+00
5.982755629999999769e+00 2.271501813636980227e+00 1.168295668000000065e+00
4.958269266000000286e+00 2.438872218885853815e+00 1.220409187000000006e+00
4.087788709999999881e+00 2.432847511969597587e+00 1.356637630000000039e+00
4.857697038999999606e+00 2.184486783219821149e+00 1.298797983000000045e+00
5.250065572999999652e+00 2.216621811208790760e+00 1.346344548000000030e+00
5.983688648000000221e+00 2.271670621746486596e+00 1.272028246999999945e+00
6.911355002999999719e+00 2.228001507586918617e+00 1.218683101999999963e+00
7.912164037000000150e+00 2.093272190537408761e+00 1.210821767999999965e+00
8.866630969999999223e+00 1.868516793087942718e+00 1.246810012000000079e+00
9.687597603000000390e+00 1.557605476439012815e+00 1.324173299999999998e+00
1.032252236000000067e+01 1.196832968446368328e+00 1.423075816000000104e+00
1.069590668000000022e+01 8.519698083243217868e-01 1.499294925999999917e+00
1.069572147999999956e+01 8.522517456705440697e-01 1.494758119999999968e+00
1.032210077000000048e+01 1.197170729203151041e+00 1.413712210999999996e+00
9.687057921999999266e+00 1.557928536582149581e+00 1.314785223999999975e+00
8.865896692999999829e+00 1.868845886462016770e+00 1.237747149000000046e+00
7.911152593999999816e+00 2.093442509853795652e+00 1.201155830000000035e+00
6.910143286000000273e+00 2.227895806718838578e+00 1.209234549000000047e+00
5.982449631999999795e+00 2.271232512467809883e+00 1.266236687999999999e+00
5.248974212000000250e+00 2.216094305525289965e+00 1.352504558999999995e+00
6.177220489999999842e+00 2.017588332785206884e+00 1.351020537999999993e+00
6.438877551000000032e+00 2.002047243568676915e+00 1.362071150000000008e+00
7.061639202000000282e+00 2.062799970521469461e+00 1.317121006000000039e+00
7.912197286999999690e+00 2.093439026924290403e+00 1.269115398999999922e+00
8.859510166999999825e+00 2.042652390460658385e+00 1.248645240000000101e+00
9.745814887999999954e+00 1.704223152076082881e+00 1.292919767999999969e+00
1.026700358000000080e+01 6.212547145665616721e-01 1.531278718000000039e+00
1.057862564000000027e+01 5.591041188330438949e-01 1.688252730000000090e+00
1.075564166999999927e+01 8.226063467846759236e-01 1.788877075999999899e+00
1.075553883999999982e+01 8.226906517206665770e-01 1.787565309000000102e+00
1.057833725000000058e+01 5.595189100244590819e-01 1.686267068999999896e+00
1.026664493000000000e+01 6.208246728113033797e-01 1.532315955000000063e+00
9.745415099000000581e+00 1.706016713952895669e+00 1.291887811999999913e+00
8.858381961999999277e+00 2.042777237530676970e+00 1.242255287999999958e+00
7.910861199000000177e+00 2.093208962402279383e+00 1.265068269999999995e+00
7.060349195999999772e+00 2.062399101147992742e+00 1.320753014999999975e+00
6.437874899999999734e+00 2.001714255755517868e+00 1.378684473000000077e+00
7.383645721999999800e+00 1.790082791198847278e+00 1.407917486000000107e+00
7.559389841999999859e+00 1.759407689730067004e+00 1.397768279999999974e+00
8.090802800000000516e+00 1.822601879130178348e+00 1.375123614999999910e+00
8.866768747000000062e+00 1.868897270684844347e+00 1.346848191000000083e+00
9.746420039000000202e+00 1.706761279799164921e+00 1.378892009999999946e+00
1.011782831999999921e+01 1.359907271845258447e-01 1.688805874999999901e+00
1.010193748000000014e+01 5.143196363173213603e-01 1.805947651999999959e+00
1.005512363999999970e+01 9.435118020486327195e-01 1.902042390999999943e+00
1.002661516999999947e+01 1.177565578602927765e+00 1.955771259000000040e+00
1.002654066000000022e+01 1.177496089478521135e+00 1.955135451999999940e+00
1.005484605999999914e+01 9.433390044416007925e-01 1.900887288000000064e+00
1.010130911000000076e+01 5.142266637546953900e-01 1.806006390999999933e+00
1.011656881999999946e+01 1.375045283695085774e-01 1.690463872000000034e+00
9.744470813999999592e+00 1.703668106815884764e+00 1.370638548000000068e+00
8.865260197999999647e+00 1.868396278205814998e+00 1.348348402000000057e+00
8.089518461000000826e+00 1.822296627753348552e+00 1.388617667999999972e+00
7.558486556000000078e+00 1.759223787438878084e+00 1.424703727000000031e+00
8.418850641000000579e+00 1.485521616223527852e+00 1.468743115999999960e+00
8.540394842999999625e+00 1.459616477657899480e+00 1.444992800000000077e+00
8.999114589999999581e+00 1.542669045878980461e+00 1.436573177000000090e+00
9.687816058999999314e+00 1.558178472632187228e+00 1.439994368000000025e+00
1.026800625999999994e+01 6.208695505508796675e-01 1.659528984999999901e+00
1.010221553000000050e+01 5.149628291925836265e-01 1.852094730999999994e+00
9.743602834000000712e+00 7.397960423387793805e-01 1.969685917999999925e+00
9.444842285000000004e+00 9.148884091866477108e-01 2.058239685000000208e+00
9.282205426999999176e+00 1.019040495676617919e+00 2.107104262000000006e+00
9.282205523000000014e+00 1.018931870429842679e+00 2.106329167000000169e+00
9.444779649000000887e+00 9.145277090080622395e-01 2.056441056999999795e+00
9.743293143000000711e+00 7.390906488626989290e-01 1.967938198999999999e+00
1.010131598000000075e+01 5.138321790315958371e-01 1.850105718000000010e+00
1.026581239000000068e+01 6.226705223355899488e-01 1.648939278000000064e+00
9.686179677000000154e+00 1.557531464691270573e+00 1.445584597999999943e+00
8.997924505000000295e+00 1.542505279817319774e+00 1.460016693000000032e+00
8.539605545000000575e+00 1.459553049241342215e+00 1.483276561999999910e+00
9.210061518999999919e+00 1.075541140778040639e+00 1.526829588000000015e+00
9.302601484000000198e+00 1.066090013255518221e+00 1.494241689999999956e+00
9.713447666000000424e+00 1.203992297750109186e+00 1.490198708000000094e+00
1.032261809000000063e+01 1.197340742088161214e+00 1.509471344000000048e+00
1.057934992999999935e+01 5.591354440675676551e-01 1.773268539000000033e+00
1.005530850000000065e+01 9.439735533139452794e-01 1.957772257000000016e+00
9.444808549999999414e+00 9.149916621453841881e-01 2.083739324999999809e+00
8.968697948000000864e+00 7.991322518990061630e-01 2.188262439999999920e+00
8.711425946000000309e+00 7.072332670625148809e-01 2.250448833000000093e+00
8.711528333000000401e+00 7.072029236005455965e-01 2.249459031999999858e+00
8.968940818000000093e+00 7.989709481184823492e-01 2.185803275000000045e+00
9.445011079000000365e+00 9.145802518307794005e-01 2.080744323999999867e+00
1.005515615000000018e+01 9.431517361847208125e-01 1.953684728000000037e+00
1.057813520000000018e+01 5.587759715341645839e-01 1.759937668999999927e+00
1.032123020999999952e+01 1.197144474331143904e+00 1.515339465999999913e+00
9.712497478999999601e+00 1.204039897783707014e+00 1.522853797000000009e+00
9.301954874999999845e+00 1.066138675667291258e+00 1.544591728000000108e+00
9.655245883999999279e+00 5.962365343514528515e-01 1.566253931999999960e+00
9.737462285999999523e+00 6.057461510700721252e-01 1.529035021000000105e+00
1.012757301000000076e+01 8.530070879843363318e-01 1.523562609000000068e+00
1.069565528000000043e+01 8.521943399138115494e-01 1.537308300999999933e+00
1.075582542000000075e+01 8.225944952657927578e-01 1.827499737999999985e+00
1.002650335999999953e+01 1.177775305554314755e+00 2.011060120999999867e+00
9.281954606999999413e+00 1.019012202097111075e+00 2.145139336999999813e+00
8.711222234999999259e+00 7.070514793223716676e-01 2.266122992000000114e+00
8.402464966000000146e+00 3.486653249226069340e-01 2.341877509000000135e+00
8.402681069999999863e+00 3.490865216135461413e-01 2.340720271999999991e+00
8.711805994000000553e+00 7.074790850361102335e-01 2.263197368000000154e+00
9.282739064999999457e+00 1.019185538942456670e+00 2.141391319999999876e+00
1.002725277000000048e+01 1.177590827941018103e+00 2.005764613000000196e+00
1.075603944999999939e+01 8.214970770875289485e-01 1.810321368000000097e+00
1.069507551999999961e+01 8.527806996654149208e-01 1.540521652000000019e+00
1.012704775999999995e+01 8.532408397885292706e-01 1.562517944000000103e+00
9.737008956000000381e+00 6.058656163370084169e-01 1.588631531000000097e+00
3.101035034000000135e+00 2.241104235278458479e+00 1.071393907000000034e+00
3.492677298999999902e+00 2.294383228761470050e+00 1.063896828999999933e+00
4.441171716999999575e+00 2.327208348866661947e+00 1.053523487999999952e+00
5.614732240999999568e+00 2.267039372214986415e+00 1.071046155999999971e+00
6.821196739000000342e+00 2.127595102618123679e+00 1.114099901999999975e+00
7.954358920999999860e+00 1.917864971911857452e+00 1.177988276000000001e+00
8.936524905000000629e+00 1.632632392841611102e+00 1.257051106000000029e+00
9.688577149000000333e+00 1.268784891828877548e+00 1.336049757999999921e+00
1.011204648000000006e+01 9.076295134958335398e-01 1.387228844000000016e+00
1.011198174999999999e+01 9.075904115764488189e-01 1.381935077999999928e+00
9.688530681999999672e+00 1.268514600913172252e+00 1.322356934999999956e+00
8.936732130999999413e+00 1.632254203848644503e+00 1.239025695999999899e+00
7.954890418999999824e+00 1.917575409898483629e+00 1.158327156999999996e+00
6.822010440999999759e+00 2.127424533428611930e+00 1.093833955000000024e+00
5.615745201000000186e+00 2.267020165940987653e+00 1.050579401000000024e+00
4.442218496999999822e+00 2.327391251458410526e+00 1.033770636999999937e+00
3.493425795999999917e+00 2.294698324567780112e+00 1.049108404999999911e+00
3.493001334000000124e+00 2.294182857682780519e+00 1.099180851000000070e+00
4.089247052000000160e+00 2.433614728560280493e+00 1.072366233999999974e+00
4.958753875000000200e+00 2.439156276648754673e+00 9.904189879999999446e-01
5.982805337000000279e+00 2.271379053239524826e+00 1.048010091999999949e+00
7.060747029999999924e+00 2.062565941383818213e+00 1.126847270000000067e+00
8.090118079999999878e+00 1.822502813108775266e+00 1.215825028000000030e+00
8.998768292999999474e+00 1.542663182178813264e+00 1.304084213000000103e+00
9.713447230999999960e+00 1.203987713817709970e+00 1.381351092000000058e+00
1.012778463000000073e+01 8.529465496505554967e-01 1.429482007999999915e+00
1.012762354000000009e+01 8.530396395125869891e-01 1.422419356000000024e+00
9.713208337999999387e+00 1.203822661504209135e+00 1.363817244999999900e+00
8.998857836999999193e+00 1.542227566249839921e+00 1.282244767999999979e+00
8.090752052999999222e+00 1.822067016672593631e+00 1.193983540999999926e+00
7.061860811999999932e+00 2.062353828201391348e+00 1.107450854999999956e+00
5.984109347000000412e+00 2.271445516336044079e+00 1.032974956000000111e+00
4.959787279000000382e+00 2.439176386423826948e+00 9.840816742000000339e-01
4.088705253999999734e+00 2.433344355149832161e+00 1.084015704000000024e+00
4.441427144000000382e+00 2.327090123366218233e+00 1.166480603999999976e+00
4.959761419000000338e+00 2.439518237260653866e+00 1.275851853999999896e+00
6.049800753999999614e+00 2.370703687191800579e+00 1.162796705000000097e+00
6.796350938999999869e+00 2.182729602033653737e+00 1.142366763999999923e+00
7.648555414999999691e+00 1.955241401580606775e+00 1.194041597000000010e+00
8.513261711000000176e+00 1.715276843727069123e+00 1.259381722000000092e+00
9.312980745000000837e+00 1.452014597484459379e+00 1.334717895000000043e+00
9.966076488000000566e+00 1.141142016173968488e+00 1.410713227000000014e+00
1.035742875999999946e+01 8.097697103253921336e-01 1.463028205000000082e+00
1.035717001999999987e+01 8.099344758053917959e-01 1.455099933999999928e+00
9.965590084000000459e+00 1.141057911045829210e+00 1.392202469999999970e+00
9.312669793999999612e+00 1.451708363290732162e+00 1.313057257999999949e+00
8.513313154000000438e+00 1.715000837759321994e+00 1.238668029999999920e+00
7.648978040000000256e+00 1.955138149979901652e+00 1.176238005999999947e+00
6.797025015000000003e+00 2.182823959708277695e+00 1.128585780999999955e+00
6.049676727999999670e+00 2.392584240626489223e+00 1.454811534999999934e+00
4.958336701000000346e+00 2.438709457396338376e+00 1.272067432999999914e+00
5.614828013000000340e+00 2.266932853185152030e+00 1.228740049000000001e+00
5.983753186000000390e+00 2.271673105668414294e+00 1.332254064000000016e+00
6.797427540000000157e+00 2.182883034896264451e+00 1.469831477999999914e+00
7.618939909999999927e+00 2.081367279571601170e+00 1.358735433999999964e+00
8.404682176999999754e+00 1.880056077492910260e+00 1.280030592999999994e+00
9.160711026999999618e+00 1.633149229272435887e+00 1.295743631999999979e+00
9.850086823999999908e+00 1.359239600043832263e+00 1.363393434000000015e+00
1.042222706999999993e+01 1.060267012387420049e+00 1.451716513000000042e+00
1.077979919000000031e+01 7.467820690728516064e-01 1.522676281999999937e+00
1.077956979000000004e+01 7.471427238592888154e-01 1.515489193999999928e+00
1.042181663999999941e+01 1.060538512368697450e+00 1.436727335999999910e+00
9.849781174000000306e+00 1.359417976079158041e+00 1.347698674999999957e+00
9.160517916999999954e+00 1.633437040502152326e+00 1.281027761000000043e+00
8.404366430999999693e+00 1.880533089888593024e+00 1.264348648999999991e+00
7.618030905000000352e+00 2.081702721018201530e+00 1.338592948999999921e+00
6.795617500999999727e+00 2.182660085962243812e+00 1.451159730000000092e+00
5.982451389000000397e+00 2.271154021345975327e+00 1.327507157000000104e+00
6.821106559999999597e+00 2.127473444922983070e+00 1.290256363999999989e+00
7.061422744999999779e+00 2.062579078509049868e+00 1.379426016999999893e+00
7.649264112000000004e+00 1.955214749091706894e+00 1.476093971999999921e+00
8.405094979999999438e+00 1.880241670820272715e+00 1.452577879999999988e+00
9.213585153000000361e+00 1.782979728255168261e+00 1.375398015000000029e+00
9.901561851000000303e+00 1.367609643185611734e+00 1.345576032000000088e+00
1.034138989000000031e+01 6.490518756024219460e-01 1.506901145000000053e+00
1.064965132999999931e+01 5.351669649759894787e-01 1.666477114999999953e+00
1.082803673000000089e+01 8.027571837662187404e-01 1.777470376999999990e+00
1.082802973000000080e+01 8.026701814845667027e-01 1.775823176000000059e+00
1.064967412999999929e+01 5.351695485716717604e-01 1.664289463000000024e+00
1.034153889000000071e+01 6.490327074900003046e-01 1.508358427999999973e+00
9.901756416999999644e+00 1.369273876071325891e+00 1.345661948999999913e+00
9.212642998999999833e+00 1.783386120395427321e+00 1.360605579000000009e+00
8.403538469000000788e+00 1.880231540266414703e+00 1.437004772999999958e+00
7.647626212999999673e+00 1.955161227684399039e+00 1.467148974000000106e+00
7.060310861999999688e+00 2.062401646226926566e+00 1.378555878000000012e+00
7.954080977000000274e+00 1.917707893318213896e+00 1.355582360000000097e+00
8.090398697999999555e+00 1.822283705789555119e+00 1.427903986000000014e+00
8.513562658999999755e+00 1.715081724945134001e+00 1.500211305999999967e+00
9.161083720000000596e+00 1.633283475261445128e+00 1.514850763000000100e+00
9.902386968000000067e+00 1.369107747201508962e+00 1.553482626000000089e+00
1.022100030000000004e+01 2.046925567449950356e-01 1.677848978999999963e+00
1.019649676000000049e+01 5.343916159734225513e-01 1.788554994000000065e+00
1.014344155000000036e+01 9.457198060578579923e-01 1.885737173999999960e+00
1.011044277000000058e+01 1.172720844897652492e+00 1.939718131000000012e+00
1.011052435000000038e+01 1.172606407167434917e+00 1.938784523000000037e+00
1.014361069999999998e+01 9.454616236114733452e-01 1.884290956000000072e+00
1.019654187000000078e+01 5.343284492300075517e-01 1.789682425999999937e+00
1.022047066000000015e+01 2.060310864518762053e-01 1.681869872000000043e+00
9.900312283999999963e+00 1.367833471317427607e+00 1.534785029000000023e+00
9.159424095000000321e+00 1.633215744421221416e+00 1.506192686999999975e+00
8.512162804000000804e+00 1.715209134535525592e+00 1.501176497000000110e+00
8.089487803999999116e+00 1.822361943747647706e+00 1.434736935000000102e+00
8.936078824000000864e+00 1.632462568517874635e+00 1.423772929999999937e+00
8.998649049000000844e+00 1.542378141327968688e+00 1.477994801999999996e+00
9.312894073000000716e+00 1.451723919404477536e+00 1.537072800000000017e+00
9.850234896999999989e+00 1.359338645916144728e+00 1.572330403999999904e+00
1.034216537000000002e+01 6.486157292102616712e-01 1.696273885000000092e+00
1.019663597999999993e+01 5.349191904013258503e-01 1.840083700999999961e+00
9.838166920000000815e+00 7.577620536052700473e-01 1.951650305999999890e+00
9.537576941999999391e+00 9.243006659045852613e-01 2.038037064000000065e+00
9.373187357999999136e+00 1.021538075728421369e+00 2.085275422000000045e+00
9.373385877000000477e+00 1.021469346376481235e+00 2.083957256999999785e+00
9.538070771999999309e+00 9.240571664956117592e-01 2.035049510999999978e+00
9.838662769000000807e+00 7.572171638496064672e-01 1.948962987999999896e+00
1.019659260999999972e+01 5.337692827735524004e-01 1.836945982999999893e+00
1.034047812000000022e+01 6.509129273554934425e-01 1.678205442999999963e+00
9.848750115999999721e+00 1.359403821513105459e+00 1.569076254000000059e+00
9.311777852000000522e+00 1.452030682365019976e+00 1.548639171999999897e+00
8.997932040000000242e+00 1.542612813895002599e+00 1.495821888000000044e+00
9.688061278999999359e+00 1.268764582884247982e+00 1.486202124000000069e+00
9.713083937000000390e+00 1.203873018276189200e+00 1.525900033999999961e+00
9.965705994000000345e+00 1.140898025236053881e+00 1.578189317999999952e+00
1.042206685999999927e+01 1.060300745443150339e+00 1.620201597999999965e+00
1.065001608999999938e+01 5.348182936674513721e-01 1.788423156999999986e+00
1.014329809000000004e+01 9.460548060356385180e-01 1.943235290000000060e+00
9.537345171000000121e+00 9.242827743711912181e-01 2.062727139999999793e+00
9.063221364000000335e+00 8.115446578286406032e-01 2.162788964000000203e+00
8.806542201999999264e+00 7.196165559672499379e-01 2.221727687000000007e+00
8.806870676999999148e+00 7.197711229993605242e-01 2.219984039999999936e+00
9.064094240999999386e+00 8.117675444249022876e-01 2.158493309999999887e+00
9.538455326999999428e+00 9.241860310456508909e-01 2.057603900999999791e+00
1.014414617999999990e+01 9.452542672262553847e-01 1.936253264999999946e+00
1.064946836999999924e+01 5.345251169897203836e-01 1.765130775000000041e+00
1.042101742000000009e+01 1.060781070275007121e+00 1.619541002000000063e+00
9.964929342999999662e+00 1.141406845613296639e+00 1.601089613999999939e+00
9.712547286999999585e+00 1.204187744083953682e+00 1.556383679000000075e+00
1.011166811000000010e+01 9.078750599545474254e-01 1.526343347999999933e+00
1.012748088000000024e+01 8.531549360518636549e-01 1.558804652999999929e+00
1.035702404000000065e+01 8.096572771362645637e-01 1.608499534999999980e+00
1.077932118000000017e+01 7.465479942742667685e-01 1.646776384999999898e+00
1.082771913999999924e+01 8.027582638353987221e-01 1.841926648999999916e+00
1.010983112000000084e+01 1.172828100931900375e+00 1.995514556000000050e+00
9.372531222999999301e+00 1.021328004868961692e+00 2.122109342999999981e+00
8.806104982000000803e+00 7.192271182032702326e-01 2.237053466999999962e+00
8.499319072000000475e+00 3.802400438062850108e-01 2.308343902999999919e+00
8.499768509000000805e+00 3.810980048552247701e-01 2.306309612000000175e+00
8.807336262999999832e+00 7.202151416971777076e-01 2.231938412999999954e+00
9.374246509000000671e+00 1.021869928811488970e+00 2.115640106999999936e+00
1.011163314000000035e+01 1.172753356395444424e+00 1.986427012999999908e+00
1.082879971999999924e+01 8.009774906856437227e-01 1.811620573999999984e+00
1.077911240000000070e+01 7.477760146622436377e-01 1.645523317000000096e+00
1.035668378999999995e+01 8.103383875992788976e-01 1.640644011000000013e+00
1.012712435999999983e+01 8.534469331587506424e-01 1.599270210000000025e+00
4.568413686000000418e+00 2.123591399353863540e+00 1.093288143999999962e+00
4.857563577999999715e+00 2.184647777081088371e+00 1.100080549999999935e+00
5.614708044000000342e+00 2.267081331048066417e+00 1.081730899000000079e+00
6.627178931000000439e+00 2.268446021917250643e+00 1.084476339000000067e+00
7.719807336999999769e+00 2.176571907800276762e+00 1.115448873000000063e+00
8.769930920000000185e+00 1.991948585507631986e+00 1.176102379000000031e+00
9.673835833000000051e+00 1.671915546422268584e+00 1.273225180999999928e+00
1.033979375000000012e+01 1.228549239277796801e+00 1.371748135999999896e+00
1.070750898000000007e+01 8.426487316146854534e-01 1.416086380000000089e+00
1.070733569000000074e+01 8.425743353923721424e-01 1.408353592000000098e+00
1.033954596000000059e+01 1.227946767438387043e+00 1.352600583000000078e+00
9.673991760999999912e+00 1.671179743095449810e+00 1.250719040999999976e+00
8.770528067000000760e+00 1.991532148835414073e+00 1.153974684999999889e+00
7.720695047999999616e+00 2.176261425127314020e+00 1.093779736999999974e+00
6.628230639999999951e+00 2.268251801901879805e+00 1.063663245000000090e+00
5.615719158000000100e+00 2.267061042809684679e+00 1.063450312999999925e+00
4.858219515000000044e+00 2.184751156247493498e+00 1.088358233999999980e+00
4.857721428999999702e+00 2.184515462784327955e+00 1.113250647000000093e+00
5.250370339999999914e+00 2.216642421963216592e+00 1.111098729999999923e+00
5.983348203000000254e+00 2.271881680780516888e+00 1.054846559000000017e+00
6.910555749000000247e+00 2.228065114952002546e+00 1.065759004000000010e+00
7.911151902000000291e+00 2.093239604246926788e+00 1.119104212999999959e+00
8.865633036000000189e+00 1.868467379848343324e+00 1.215870594999999943e+00
9.686855221000000071e+00 1.557629858903236242e+00 1.332090498999999983e+00
1.032207782999999957e+01 1.196775762821455702e+00 1.417299754000000078e+00
1.069557211999999957e+01 8.515560037609325450e-01 1.453378842000000004e+00
1.069536519000000041e+01 8.515896145600032607e-01 1.443685174000000071e+00
1.032186551999999935e+01 1.196361150985125743e+00 1.394152805000000050e+00
9.687222351999999148e+00 1.557038525116090533e+00 1.305368408999999952e+00
8.866653276999999278e+00 1.868168320484977718e+00 1.191812544999999890e+00
7.912431073999999676e+00 2.093131181174874733e+00 1.099583369999999949e+00
6.911728294999999633e+00 2.227920474353475733e+00 1.051658809000000083e+00
5.984050228000000082e+00 2.271493999824617305e+00 1.049665000000000070e+00
5.249870321000000395e+00 2.216433792104250511e+00 1.118735797000000032e+00
5.614868806999999684e+00 2.266975073191831225e+00 1.146718633000000098e+00
5.983987575999999642e+00 2.271824860190132522e+00 1.207859223999999898e+00
6.797796567999999873e+00 2.182999219969096405e+00 1.154778461000000034e+00
7.618687497999999891e+00 2.081753691068200407e+00 1.065636875000000039e+00
8.404072252000000631e+00 1.880186421662381147e+00 1.163187315999999916e+00
9.160113539999999333e+00 1.633106359739157742e+00 1.283751722000000095e+00
9.849647298000000717e+00 1.359153419149702557e+00 1.385881643000000052e+00
1.042193488000000023e+01 1.060090247647219597e+00 1.462993768000000028e+00
1.077952928999999926e+01 7.462755706978241310e-01 1.504288851999999954e+00
1.077923434000000036e+01 7.464412620473901416e-01 1.493177455000000098e+00
1.042154447000000062e+01 1.059865045858819466e+00 1.438293519999999992e+00
9.849737341999999174e+00 1.358769193517983753e+00 1.358521174000000054e+00
9.160874790999999462e+00 1.632855314474041641e+00 1.260153271000000075e+00
8.405321132999999278e+00 1.880104284343612209e+00 1.148354074000000002e+00
7.619639176999999819e+00 2.081603651842998559e+00 1.065982865999999918e+00
6.796918395999999696e+00 2.182837703399944651e+00 1.167091812000000006e+00
5.982715758000000328e+00 2.271459817704552631e+00 1.209655276999999973e+00
6.627232589000000118e+00 2.268337622293300715e+00 1.191961512000000001e+00
6.911289601000000005e+00 2.228150515417269162e+00 1.267012260000000001e+00
7.619925808999999717e+00 2.081780407488818874e+00 1.395050628999999986e+00
8.495305909000000710e+00 1.838618895789828844e+00 1.279994022999999981e+00
9.038572895999999801e+00 1.625477337477440276e+00 1.279686595000000038e+00
9.619292135000000243e+00 1.389634527680809750e+00 1.345493867000000066e+00
1.018517727999999956e+01 1.147756016627718312e+00 1.423409225999999972e+00
1.067857633999999933e+01 8.881346217244262542e-01 1.505083197999999900e+00
1.100217553999999964e+01 5.837279371048992305e-01 1.566133616999999978e+00
1.100193083999999999e+01 5.840959633243785198e-01 1.556422321000000109e+00
1.067831009999999914e+01 8.881894908880424433e-01 1.485245257000000096e+00
1.018531667000000063e+01 1.147783562697920701e+00 1.402976656999999960e+00
9.619900306999999984e+00 1.389839487370481574e+00 1.328233610999999925e+00
9.039529312000000871e+00 1.625839902063050735e+00 1.266947824999999916e+00
8.495019020999999171e+00 1.845160304906819260e+00 1.532737290999999891e+00
7.617943089999999806e+00 2.081672389161635994e+00 1.387815715999999977e+00
6.910072677999999691e+00 2.227879964060747842e+00 1.263046547999999936e+00
7.719691933000000006e+00 2.176443193924696207e+00 1.246817392000000080e+00
7.911810557999999993e+00 2.093275329020579445e+00 1.330421391000000009e+00
8.405180608000000220e+00 1.880018613126561711e+00 1.488804755000000091e+00
9.039585701000000029e+00 1.625253706283026789e+00 1.580709818999999960e+00
9.672148947000000163e+00 1.400578417380870411e+00 1.491219360000000105e+00
1.014868335000000066e+01 1.041894659537417001e+00 1.395834129000000035e+00
1.051196514999999998e+01 6.051095154205586857e-01 1.513373792999999967e+00
1.079193635999999934e+01 5.864439152978752068e-01 1.657423617000000071e+00
1.095474485999999992e+01 8.542737214595964579e-01 1.765116547000000091e+00
1.095483212999999978e+01 8.541232373253621057e-01 1.764635976000000106e+00
1.079225935999999919e+01 5.862845379068531981e-01 1.657788470000000070e+00
1.051262408999999920e+01 6.051169182211582065e-01 1.516953959999999935e+00
1.014965950000000028e+01 1.042801407785426626e+00 1.398342340999999989e+00
9.671983624999999307e+00 1.401380955123994410e+00 1.467823837000000076e+00
9.037979635999999317e+00 1.625858381176001011e+00 1.551527306000000106e+00
8.403513329000000809e+00 1.880321174245562332e+00 1.469820292000000084e+00
7.910778523000000284e+00 2.093272668035911277e+00 1.321907686000000082e+00
8.769603640999999783e+00 1.991741634058738830e+00 1.312728166999999946e+00
8.866018399999999744e+00 1.868260748385901726e+00 1.404765191000000080e+00
9.160627286000000424e+00 1.632638916557686892e+00 1.536994313999999973e+00
9.619825413999999242e+00 1.389295112931938192e+00 1.608221276000000088e+00
1.014953779000000011e+01 1.042371134050936510e+00 1.654935204000000049e+00
1.037194685999999955e+01 2.485626713499528018e-01 1.662775203000000035e+00
1.033856197000000066e+01 5.621194721919874349e-01 1.765179711999999901e+00
1.027737881999999914e+01 9.512277417505881072e-01 1.861040910999999909e+00
1.023738844000000014e+01 1.165527614562244851e+00 1.914317939000000024e+00
1.023759412000000069e+01 1.165372915321935876e+00 1.913710946999999996e+00
1.027789710999999961e+01 9.508679188988904407e-01 1.860923504000000062e+00
1.033912145000000038e+01 5.619298434423000144e-01 1.769381709999999996e+00
1.037199329000000070e+01 2.494491607963606195e-01 1.671190468999999901e+00
1.014793844999999983e+01 1.042151299872109860e+00 1.626308343999999906e+00
9.618548454000000802e+00 1.390077657740236727e+00 1.583710503999999908e+00
9.159475249999999846e+00 1.633426122219401533e+00 1.518777064000000010e+00
8.865240462999999238e+00 1.868619408576578600e+00 1.394239908000000083e+00
9.673283818999999895e+00 1.671698253767322395e+00 1.393953935999999949e+00
9.686775130999999206e+00 1.557259312802834472e+00 1.479208131999999898e+00
9.849535991999999851e+00 1.358567719197099510e+00 1.579366994999999996e+00
1.018518013999999994e+01 1.147309036981815078e+00 1.644928562000000039e+00
1.051251176999999970e+01 6.045482924408640546e-01 1.730705590999999988e+00
1.033858831000000045e+01 5.625192410404210586e-01 1.818595305999999967e+00
9.979504150000000351e+00 7.739091733782005322e-01 1.923740846999999921e+00
9.676966803999999200e+00 9.322507375318817013e-01 2.007536442000000143e+00
9.510091599000000784e+00 1.020759365484793069e+00 2.052889920999999784e+00
9.510444917999999248e+00 1.020715027438523492e+00 2.051545094999999819e+00
9.677892282000000179e+00 9.320565991714788723e-01 2.004775770999999818e+00
9.980620409000000137e+00 7.733830610062220057e-01 1.922242398999999935e+00
1.033922648999999971e+01 5.613180678574443139e-01 1.817468040999999923e+00
1.051144015999999937e+01 6.066481293017852439e-01 1.704845176000000073e+00
1.018434771999999988e+01 1.148346824697577651e+00 1.625395839000000064e+00
9.848881305999999114e+00 1.359725073951220331e+00 1.569179343000000060e+00
9.686304638999999383e+00 1.557983440835068345e+00 1.473954570999999936e+00
1.033927326999999963e+01 1.229111905956042916e+00 1.472799616999999950e+00
1.032172246000000015e+01 1.196940895630166812e+00 1.535271328999999962e+00
1.042143137999999958e+01 1.059829383882652465e+00 1.619379096000000073e+00
1.067811020000000077e+01 8.877326200844922743e-01 1.685059678000000005e+00
1.079198189999999968e+01 5.859186677982913816e-01 1.803773505999999971e+00
1.027700549999999957e+01 9.514774080419803326e-01 1.918259778999999998e+00
9.676603168999999838e+00 9.321770445361385882e-01 2.030592846999999868e+00
9.205473108999999710e+00 8.231310215866749491e-01 2.124965721000000141e+00
8.949591766999999365e+00 7.304574352817241323e-01 2.179907900999999981e+00
8.950089146999999912e+00 7.307284112735931147e-01 2.177924551999999903e+00
9.206817361000000588e+00 8.235812503540020924e-01 2.120242633000000154e+00
9.678395889999999113e+00 9.322398581315390897e-01 2.025506463000000146e+00
1.027862808999999977e+01 9.506804371618378102e-01 1.911942674999999925e+00
1.079211040000000033e+01 5.853954307926658718e-01 1.773919808999999903e+00
1.067785764999999998e+01 8.891727270569442787e-01 1.670738406999999981e+00
1.042122469000000073e+01 1.061233995175007827e+00 1.622124998000000096e+00
1.032151056999999916e+01 1.197813685466984301e+00 1.542426035000000084e+00
1.070747584999999980e+01 8.442743499623498460e-01 1.514499084999999967e+00
1.069553244999999997e+01 8.528511799652935821e-01 1.563375047000000073e+00
1.077919956000000035e+01 7.469331599348255635e-01 1.646594128000000046e+00
1.100153846000000080e+01 5.836049256774374916e-01 1.715758332000000053e+00
1.095403684000000055e+01 8.541878187597727878e-01 1.852535590000000010e+00
1.023644447999999940e+01 1.165594146383213348e+00 1.969110101000000057e+00
9.509169541000000336e+00 1.020477790080277947e+00 2.087094004999999974e+00
8.949000988999999961e+00 7.299794950727838128e-01 2.194096539999999873e+00
8.644980222999999242e+00 4.097281078011406064e-01 2.259756499999999946e+00
8.645593258999999975e+00 4.107753684994943644e-01 2.257372576999999936e+00
8.950688176999999968e+00 7.312624357404688968e-01 2.188221917999999988e+00
9.511546657000000238e+00 1.021207683176929670e+00 2.080076168999999808e+00
1.023901616999999931e+01 1.165582165596932285e+00 1.959936445999999943e+00
1.095589372999999966e+01 8.522422875002297893e-01 1.816561327000000059e+00
1.100209747999999976e+01 5.856430064882587327e-01 1.705846581999999945e+00
1.077937688999999999e+01 7.484417777475718125e-01 1.662961313000000052e+00
1.069545918000000029e+01 8.536832695954137407e-01 1.582586158000000021e+00
5.939493652000000345e+00 1.953466261990241870e+00 1.139588013000000011e+00
6.177233499999999822e+00 2.017722607997318285e+00 1.148820332999999971e+00
6.821147326000000177e+00 2.127636959803233641e+00 1.128209526000000018e+00
7.719782022000000410e+00 2.176583554411365640e+00 1.120537209999999950e+00
8.723238436999999124e+00 2.134657009323775334e+00 1.137021405000000041e+00
9.695911303999999120e+00 1.897814620831485888e+00 1.218104880000000056e+00
1.025833644999999983e+01 5.624528058747952919e-01 1.579595786999999918e+00
1.056029745000000020e+01 5.970599096250895910e-01 1.613237674000000066e+00
1.073268048999999991e+01 8.454754434806480701e-01 1.618352879999999994e+00
1.073274578999999918e+01 8.445412096113124045e-01 1.611116267000000102e+00
1.056049718000000048e+01 5.952092972793368020e-01 1.593381445999999979e+00
1.025861966999999986e+01 5.630410045624834048e-01 1.550882281000000029e+00
9.696455222000000873e+00 1.897307981893579631e+00 1.196266177000000042e+00
8.724018027999999703e+00 2.134274831339244560e+00 1.117270602000000057e+00
7.720664835000000004e+00 2.176269075189756208e+00 1.101546421999999970e+00
6.821955971999999591e+00 2.127463501420438607e+00 1.112016316999999921e+00
6.177732827999999898e+00 2.017683593073025250e+00 1.138968313999999982e+00
6.177271415999999959e+00 2.017640098393829184e+00 1.158992499000000009e+00
6.439150809000000031e+00 2.002044129308079068e+00 1.164437211000000083e+00
7.061534423000000338e+00 2.062985380065442520e+00 1.136911336999999911e+00
7.911715487000000380e+00 2.093683467510357943e+00 1.123370441999999914e+00
8.858746485999999365e+00 2.042813673477164915e+00 1.139473331999999894e+00
9.744583150000000416e+00 1.702893493374027178e+00 1.281187633999999909e+00
1.026588085000000028e+01 6.214596844101492046e-01 1.568927702000000091e+00
1.057780911999999951e+01 5.599087800052892083e-01 1.612778153000000048e+00
1.075502658999999994e+01 8.228086875097390118e-01 1.620020199000000050e+00
1.075507389000000025e+01 8.218800313885408215e-01 1.612129257999999954e+00
1.057803277999999914e+01 5.582889998182740676e-01 1.591358614000000005e+00
1.026648542000000042e+01 6.210522602279677784e-01 1.538521868999999986e+00
9.745924102000000033e+00 1.703701614381731844e+00 1.255594963000000064e+00
8.859681852999999663e+00 2.042495294399872652e+00 1.123323564999999968e+00
7.912361680000000064e+00 2.093129282325201235e+00 1.111300842999999983e+00
7.061750263999999611e+00 2.062432861157410535e+00 1.131444673999999928e+00
6.438648079000000024e+00 2.001877518121706778e+00 1.168265939999999947e+00
6.821212205000000139e+00 2.127570731257128145e+00 1.173359787000000098e+00
7.061777107000000164e+00 2.062717971315440657e+00 1.204612417999999963e+00
7.649693405999999918e+00 1.955333777424333563e+00 1.206653881000000039e+00
8.405202205000000149e+00 1.880566602398936471e+00 1.169710636000000026e+00
9.213183576000000485e+00 1.783267165705568313e+00 1.167396451999999973e+00
9.900502979000000536e+00 1.366612173026150900e+00 1.377076699000000071e+00
1.034039897999999980e+01 6.489645853145747934e-01 1.564670017999999940e+00
1.064883921000000022e+01 5.358439142320213788e-01 1.614246051000000071e+00
1.082729830999999976e+01 8.028570958542617930e-01 1.624813945000000093e+00
1.082729186999999982e+01 8.018606209614390634e-01 1.615800069000000061e+00
1.064897427999999913e+01 5.343489498103097812e-01 1.590637757999999957e+00
1.034095755000000061e+01 6.486238760352077692e-01 1.532964219999999989e+00
9.901846673999999737e+00 1.366538343988342064e+00 1.349874395999999921e+00
9.214117625000000089e+00 1.783093888201322308e+00 1.161131209999999969e+00
8.405197024999999655e+00 1.880081751581120786e+00 1.172944428999999955e+00
7.648845002999999920e+00 1.955227196824495639e+00 1.214915627999999970e+00
7.060735689000000370e+00 2.062696724601207787e+00 1.210842994000000061e+00
7.719789577000000236e+00 2.176540655975581107e+00 1.200592330999999957e+00
7.912045684999999828e+00 2.093444546239440207e+00 1.244497874999999976e+00
8.405645062999999695e+00 1.880258568538987651e+00 1.308625660999999996e+00
9.040179779000000693e+00 1.625541519182756467e+00 1.299602361999999900e+00
9.672408988999999124e+00 1.401002242394853381e+00 1.244209391000000053e+00
1.014805203000000056e+01 1.040724531521084684e+00 1.451232014999999986e+00
1.051122383000000049e+01 6.049060148340593690e-01 1.571827826999999900e+00
1.079121933999999960e+01 5.872186387080621239e-01 1.620132745999999901e+00
1.095398083000000078e+01 8.544844566249919504e-01 1.630208187000000031e+00
1.095394890999999937e+01 8.535963155799406454e-01 1.620845217999999921e+00
1.079133608999999971e+01 5.860474040783596461e-01 1.596593896999999984e+00
1.051180944000000039e+01 6.044255806272106346e-01 1.542657850999999969e+00
1.014933388000000036e+01 1.040393841273935305e+00 1.427664832000000050e+00
9.673361444999999392e+00 1.401158147104374585e+00 1.251928168999999924e+00
9.039311219000000008e+00 1.625797222746486748e+00 1.313722741000000083e+00
8.404220596000000043e+00 1.880591912776264696e+00 1.316766144000000027e+00
7.911014293000000031e+00 2.093497755821635220e+00 1.247617151000000035e+00
8.723122621999999993e+00 2.134619357625860747e+00 1.240625733999999980e+00
8.859146237999999229e+00 2.042732257399059836e+00 1.298408065999999916e+00
9.214030971999999764e+00 1.783077332518260283e+00 1.421898096000000056e+00
9.673433560999999514e+00 1.400611436717223102e+00 1.534006568999999987e+00
1.012980935000000038e+01 9.601980254604338683e-01 1.477420372000000093e+00
1.043909200999999953e+01 7.445356584691522617e-01 1.472409620999999946e+00
1.073354714999999970e+01 5.090623181436781941e-01 1.552307364000000023e+00
1.098312222999999932e+01 3.208425081396548140e-01 1.650143974999999985e+00
1.109492110999999959e+01 7.101134868957995616e-01 1.620497555999999895e+00
1.109480622000000061e+01 7.100619720229599530e-01 1.616836407000000086e+00
1.098387059000000043e+01 3.213203147041414631e-01 1.643563126999999957e+00
1.073483526999999960e+01 5.093238618576521048e-01 1.546318061000000021e+00
1.044074630000000070e+01 7.451916478443240122e-01 1.468222901000000080e+00
1.012995633999999967e+01 9.609452095496530122e-01 1.618229566999999980e+00
9.671762885999999781e+00 1.401342298319380841e+00 1.522053461999999913e+00
9.212534419000000696e+00 1.783475950280035249e+00 1.413153842000000049e+00
8.858249071999999558e+00 2.042875972078926683e+00 1.293687819999999933e+00
9.695516753999999793e+00 1.897266765625448492e+00 1.309755986000000094e+00
9.745077449000000058e+00 1.703165261698066368e+00 1.417615735000000043e+00
9.901064072000000493e+00 1.365554004561222223e+00 1.557641778000000032e+00
1.014847959000000088e+01 1.039329762785458522e+00 1.636234192000000087e+00
1.043969820999999953e+01 7.441696872778494898e-01 1.688093512000000018e+00
1.054099425000000068e+01 2.471302336004527200e-01 1.647900299000000013e+00
1.050198280000000040e+01 5.735630774395328313e-01 1.740314364000000058e+00
1.043478913999999946e+01 9.451709871253433093e-01 1.827627168000000024e+00
1.038759106000000010e+01 1.145845159849508077e+00 1.877555110999999943e+00
1.038785118000000018e+01 1.145588513430658928e+00 1.877732484000000035e+00
1.043543960999999953e+01 9.444732015565370231e-01 1.829914773000000050e+00
1.050270654999999920e+01 5.727293185825799160e-01 1.748728408000000067e+00
1.054136074000000001e+01 2.474084866350152734e-01 1.663751728000000041e+00
1.043916448999999957e+01 7.453347597811549319e-01 1.646391394999999980e+00
1.014831837999999919e+01 1.043500202592865245e+00 1.593943120999999907e+00
9.900656694000000257e+00 1.369398412958367173e+00 1.516366745000000016e+00
9.744614117999999436e+00 1.705211733439149002e+00 1.386858335000000109e+00
1.025848528000000037e+01 5.644416335274595742e-01 1.559792964999999976e+00
1.026608867999999930e+01 6.221609731415945754e-01 1.582500629999999964e+00
1.034035824999999953e+01 6.490944896796576602e-01 1.621037912000000025e+00
1.051104270999999990e+01 6.046030486596966069e-01 1.655646243999999934e+00
1.073375764000000032e+01 5.088163846237531152e-01 1.737925514999999921e+00
1.050189143999999963e+01 5.736574918632167952e-01 1.781253025999999906e+00
1.014512281999999921e+01 7.733287564993421848e-01 1.888333892999999986e+00
9.842534406000000402e+00 9.305123905419587782e-01 1.970863298999999902e+00
9.673306122999999701e+00 1.011777990062415311e+00 2.014623386999999877e+00
9.673746402000000799e+00 1.011726718894799593e+00 2.013854765000000047e+00
9.843694597000000712e+00 9.302499512325198561e-01 1.970093454999999993e+00
1.014656663999999964e+01 7.726475100123050277e-01 1.891346505000000011e+00
1.050300685999999928e+01 5.727833760574791988e-01 1.790750121000000084e+00
1.073380206000000037e+01 5.103066834117071515e-01 1.690919153000000064e+00
1.051215393999999925e+01 6.073773763686312055e-01 1.627313025000000080e+00
1.034126733999999992e+01 6.519212754014583888e-01 1.595874704000000088e+00
1.026665642999999939e+01 6.236911212894760137e-01 1.563661972000000011e+00
1.056113464000000057e+01 5.956107641802329544e-01 1.646512978000000071e+00
1.057832838999999936e+01 5.588437568420979717e-01 1.652653928000000105e+00
1.064892230999999967e+01 5.347752879112888102e-01 1.667666166000000061e+00
1.079100256000000080e+01 5.860240001780080421e-01 1.682342760999999909e+00
1.098292336999999996e+01 3.206036402961370269e-01 1.800744697000000061e+00
1.043429657999999982e+01 9.453147508598351845e-01 1.876563361999999957e+00
9.842120038999999210e+00 9.304348499278640716e-01 1.991166219999999987e+00
9.375113093999999592e+00 8.261476846034044863e-01 2.081146368999999829e+00
9.120236812999999998e+00 7.318562906998101747e-01 2.132295056999999883e+00
9.120823732999999933e+00 7.321696429710909948e-01 2.130704479999999901e+00
9.376706840000000653e+00 8.266550243087904537e-01 2.077860416000000043e+00
9.844277245000000676e+00 9.305013065507927728e-01 1.989687238999999996e+00
1.043639897999999988e+01 9.447044700769121617e-01 1.880381276999999907e+00
1.098391716000000073e+01 3.226318929602409180e-01 1.747214800000000068e+00
1.079306397000000040e+01 5.846756190139966725e-01 1.675351916000000108e+00
1.065048245000000016e+01 5.340491085175368413e-01 1.662900915000000035e+00
1.057919829000000078e+01 5.583530204658773144e-01 1.649868573000000005e+00
1.073427296000000020e+01 8.441138313967072593e-01 1.686810611000000071e+00
1.075622856999999932e+01 8.218884913711573814e-01 1.687750174999999908e+00
1.082805719000000089e+01 8.018519156557357697e-01 1.695120356000000106e+00
1.095436993999999942e+01 8.531919348029038952e-01 1.699314626000000050e+00
1.109468657999999941e+01 7.100260355848405647e-01 1.643009898999999940e+00
1.038653762000000036e+01 1.145974611322902348e+00 1.926765048000000036e+00
9.672292965000000464e+00 1.011533680400975799e+00 2.044870033000000031e+00
9.119591627000000145e+00 7.313979540502885124e-01 2.144740738999999952e+00
8.818733193999999997e+00 4.223006501225908815e-01 2.204841021000000012e+00
8.819419780000000486e+00 4.233657671252110677e-01 2.202751286999999891e+00
9.121485627000000207e+00 7.327230966254201228e-01 2.139975712000000030e+00
9.674976941000000608e+00 1.012269226578197401e+00 2.040777949000000202e+00
1.038949679000000081e+01 1.146003774565967470e+00 1.926709006999999918e+00
1.109794839999999994e+01 7.102391312349335406e-01 1.714016036999999937e+00
1.095701002000000024e+01 8.515769854308266051e-01 1.711416448999999895e+00
1.082995440000000009e+01 8.004190815718180696e-01 1.704840482000000046e+00
1.075722430000000074e+01 8.210462501137991698e-01 1.693443672999999983e+00
7.176674783000000168e+00 1.722174394280366450e+00 1.203322430999999915e+00
7.383757789999999765e+00 1.790177198243826373e+00 1.209212509999999963e+00
7.954267112000000139e+00 1.917866071356372215e+00 1.190186388999999956e+00
8.769871119999999465e+00 1.991963727537093165e+00 1.180339381000000021e+00
9.695959499000000648e+00 1.898418635133892085e+00 1.213389060999999991e+00
1.007960216000000031e+01 9.136839185871824254e-02 1.669541318000000052e+00
1.006741874000000081e+01 5.084021657804979055e-01 1.688924998999999927e+00
1.002322958999999969e+01 9.438115078661313273e-01 1.699145496000000088e+00
9.996724963000000130e+00 1.179588299732287959e+00 1.703144977000000004e+00
9.997176121000000748e+00 1.179332841016245359e+00 1.701209023000000098e+00
1.002444492999999959e+01 9.430885954417418393e-01 1.692418256000000065e+00
1.006900032999999972e+01 5.073221189362735473e-01 1.675005515999999917e+00
1.008090598999999976e+01 9.286408354929556741e-02 1.645259065999999937e+00
9.696473005999999728e+00 1.897793885567102379e+00 1.194301880999999899e+00
8.770454360000000449e+00 1.991532773836020898e+00 1.162915654000000076e+00
7.954789475000000110e+00 1.917571684767673368e+00 1.175617485000000073e+00
7.384072379000000019e+00 1.790036568913316195e+00 1.200545632999999945e+00
7.383723685999999731e+00 1.790150972943386654e+00 1.226491801000000104e+00
7.559606625999999885e+00 1.759367024693175185e+00 1.231248426999999923e+00
8.090846288999999913e+00 1.822649658373129977e+00 1.226742082999999983e+00
8.866606585999999623e+00 1.869086952022677606e+00 1.220997783999999919e+00
9.746196594000000601e+00 1.707028278708816682e+00 1.277337999000000002e+00
1.011631824000000002e+01 1.361700572213136451e-01 1.668073342000000014e+00
1.010046318999999926e+01 5.145722434926826017e-01 1.686088583999999946e+00
1.005396531000000060e+01 9.436862843012699953e-01 1.695923147000000020e+00
1.002590889999999924e+01 1.177605710617777968e+00 1.699715958999999943e+00
1.002633890999999977e+01 1.177353772982029367e+00 1.697753317999999956e+00
1.005511598000000006e+01 9.429912844942762717e-01 1.689092476999999981e+00
1.010192999000000036e+01 5.136085678161730339e-01 1.671964341000000021e+00
1.011736106999999940e+01 1.368689477827359502e-01 1.643722080999999946e+00
9.745767311999999905e+00 1.703683791908040313e+00 1.262872575000000053e+00
8.866501388999999733e+00 1.868167681743067021e+00 1.208976049000000108e+00
8.090588196000000565e+00 1.822154616158009777e+00 1.219458456999999996e+00
7.559095293000000382e+00 1.759259537529310302e+00 1.231964432999999914e+00
7.954264946000000336e+00 1.917869150259998268e+00 1.233099259999999919e+00
8.090783987000000010e+00 1.822380202312716024e+00 1.247295599999999949e+00
8.514002438000000339e+00 1.715187863282947811e+00 1.274270864000000003e+00
9.161396296999999578e+00 1.633433360566542758e+00 1.295481203000000026e+00
9.902530687000000498e+00 1.368649753561934856e+00 1.382571318999999965e+00
1.021980102999999929e+01 2.050724572365613951e-01 1.664773280999999994e+00
1.019526575000000079e+01 5.344600982510072651e-01 1.678457961000000109e+00
1.014241013000000002e+01 9.457408037516750188e-01 1.686740641000000096e+00
1.010970219000000014e+01 1.172663762006032728e+00 1.689806503000000015e+00
1.011010235000000002e+01 1.172407638048471368e+00 1.687799440000000040e+00
1.014346843999999948e+01 9.450409984321881396e-01 1.679675385999999992e+00
1.019657431000000081e+01 5.335410224595821260e-01 1.663726446000000081e+00
1.022057962000000053e+01 2.052089364892224765e-01 1.639896224999999985e+00
9.901562855999999968e+00 1.366461202042978273e+00 1.374586144000000010e+00
9.160692903999999359e+00 1.632871004043254581e+00 1.293795709000000071e+00
8.513157808000000770e+00 1.715135108531090857e+00 1.278081838999999942e+00
8.089990401999999747e+00 1.822550746578753600e+00 1.255177234999999891e+00
8.769876735000000423e+00 1.992091354256760427e+00 1.251723901000000083e+00
8.866479712000000291e+00 1.868624986394327836e+00 1.270650612999999929e+00
9.161296854999999795e+00 1.633034098171895154e+00 1.318083931000000097e+00
9.620523568999999497e+00 1.389640402761795901e+00 1.367166851999999988e+00
1.015000449000000060e+01 1.041460817305227105e+00 1.471109796999999997e+00
1.037098158000000048e+01 2.488493809182894534e-01 1.663023850000000081e+00
1.033755494999999947e+01 5.620604520424649087e-01 1.668597574000000083e+00
1.027648381999999927e+01 9.511578250013662528e-01 1.672923619999999945e+00
1.023664957999999992e+01 1.165426616215446076e+00 1.674279783000000021e+00
1.023701265000000049e+01 1.165164730581541352e+00 1.672225207999999963e+00
1.027742351999999926e+01 9.504385701168573952e-01 1.665486631000000051e+00
1.033865839999999992e+01 5.611327537869015281e-01 1.652685895999999932e+00
1.037150680999999963e+01 2.486856721793024305e-01 1.636424086000000111e+00
1.014895674999999997e+01 1.040294370296761972e+00 1.471054542999999937e+00
9.619712841000000125e+00 1.389913243668018605e+00 1.377448894999999895e+00
9.160385741000000692e+00 1.633651888343369940e+00 1.332162803999999978e+00
8.865743995000000766e+00 1.869061336315942512e+00 1.283204194999999936e+00
9.696075881000000507e+00 1.899791055555287045e+00 1.297616019999999981e+00
9.745836516000000671e+00 1.705377063708963359e+00 1.310684356000000106e+00
9.902106962999999595e+00 1.367013008957347564e+00 1.358536564000000002e+00
1.014964063000000039e+01 1.040253641466951207e+00 1.411616009000000060e+00
1.044071480999999935e+01 7.445924492695238373e-01 1.502292607000000002e+00
1.054011065000000080e+01 2.471233705673843706e-01 1.669490240000000014e+00
1.050113986999999938e+01 5.734477955068686406e-01 1.661519347000000035e+00
1.043402694000000075e+01 9.451041487696725252e-01 1.655474182999999933e+00
1.038689912999999976e+01 1.145789527525259421e+00 1.652373150000000068e+00
1.038720046999999980e+01 1.145454362795153003e+00 1.650061817999999958e+00
1.043476494999999993e+01 9.441508584911461055e-01 1.646832410000000024e+00
1.050191096000000002e+01 5.721631757945683239e-01 1.642683705000000050e+00
1.054042229999999947e+01 2.468263468076344058e-01 1.638413378999999948e+00
1.044036630999999993e+01 7.451941474578325231e-01 1.524395090999999924e+00
1.014964568000000078e+01 1.044019951473001750e+00 1.442741457999999977e+00
9.901802256999999940e+00 1.370720458566649036e+00 1.391760762000000096e+00
9.745414482999999350e+00 1.707537062159784069e+00 1.337302358999999941e+00
1.008064627999999985e+01 9.311403771016091291e-02 1.578797761999999993e+00
1.011694761000000042e+01 1.367336907404675950e-01 1.576703908999999904e+00
1.022009697999999922e+01 2.051151436129239336e-01 1.571349225999999932e+00
1.037104697000000009e+01 2.487125114393662628e-01 1.565469812999999988e+00
1.054001936000000050e+01 2.468125786433279512e-01 1.564664357999999922e+00
1.068602266999999983e+01 1.899167645688002726e-01 1.626985598000000088e+00
1.059434010000000015e+01 2.704024987479617947e-01 1.706775069999999950e+00
1.050737100999999996e+01 5.034067658846992366e-01 1.700080733000000066e+00
1.045549240000000069e+01 6.271561902146556289e-01 1.691933039000000027e+00
1.045547580000000032e+01 6.270606276144871094e-01 1.688324653000000009e+00
1.050729757000000042e+01 5.031001341517353787e-01 1.690092369999999899e+00
1.059414377000000052e+01 2.698424506176183568e-01 1.692503536000000031e+00
1.068670264000000003e+01 1.900139374529927483e-01 1.672153843000000029e+00
1.054241507999999961e+01 2.470983878782824217e-01 1.571826401999999900e+00
1.037315416000000035e+01 2.493734627726295894e-01 1.568794414999999942e+00
1.022167909999999935e+01 2.061162354754197679e-01 1.572509785999999909e+00
1.011779826000000071e+01 1.377800391088968290e-01 1.576948181999999976e+00
1.006902746999999998e+01 5.070326196055829904e-01 1.687611372000000109e+00
1.010165031999999918e+01 5.133023586723984844e-01 1.685873728000000016e+00
1.019608372000000074e+01 5.332310220814718837e-01 1.677867763999999928e+00
1.033810873999999913e+01 5.608827291305541474e-01 1.663160661000000040e+00
1.050150673999999995e+01 5.721687693571059219e-01 1.639385474000000009e+00
1.059416479999999972e+01 2.700100448585070478e-01 1.646507771000000009e+00
1.030475966999999926e+01 7.319812051143783638e-01 1.842651025000000109e+00
1.000845797000000026e+01 9.035430608728187707e-01 1.928700794999999912e+00
9.838592090000000567e+00 9.845861285032680987e-01 1.972057468999999896e+00
9.839022188999999585e+00 9.844119570329428193e-01 1.972303383000000077e+00
1.000956335999999958e+01 9.028500720359797782e-01 1.931494746999999901e+00
1.030613166000000014e+01 7.309436888758192863e-01 1.856298776000000039e+00
1.059653941000000010e+01 2.698751307340533367e-01 1.703941415000000070e+00
1.050420695000000038e+01 5.723128677061217751e-01 1.649516698000000003e+00
1.034050855999999996e+01 5.610098560901197740e-01 1.662966860999999907e+00
1.019789991999999934e+01 5.334715751157407260e-01 1.675055841999999906e+00
1.010263151000000015e+01 5.135101531505928962e-01 1.683656763999999972e+00
1.002514893000000029e+01 9.429164288340192712e-01 1.751012302999999992e+00
1.005538978000000050e+01 9.428131590273468587e-01 1.747229396000000046e+00
1.014341169999999970e+01 9.448532003047594996e-01 1.735504825000000029e+00
1.027719878999999992e+01 9.502769178468798428e-01 1.716078264999999936e+00
1.043459756999999932e+01 9.441610024929127931e-01 1.685423313000000034e+00
1.050722501999999992e+01 5.030822102417676911e-01 1.682599324999999979e+00
1.000807237999999977e+01 9.034735238198358109e-01 1.942247352999999954e+00
9.548483513000000755e+00 8.163349231483226776e-01 2.036807857999999971e+00
9.294920644999999482e+00 7.202772675140985958e-01 2.085684469999999902e+00
9.295507437999999567e+00 7.205657567878591685e-01 2.085178904999999805e+00
9.550073512999999181e+00 8.167451630895344872e-01 2.037440091000000120e+00
1.001023170999999934e+01 9.034743829125944092e-01 1.952738328999999995e+00
1.051001390999999963e+01 5.034065682564932143e-01 1.752772392000000012e+00
1.043764539999999919e+01 9.444112889476841133e-01 1.699494768999999961e+00
1.027993440999999919e+01 9.504911046414090681e-01 1.719513574000000045e+00
1.014547834999999942e+01 9.450685255673251239e-01 1.735776849999999927e+00
1.005650228000000013e+01 9.429555500110753385e-01 1.746826422999999906e+00
9.998773439000000707e+00 1.179293112319970582e+00 1.780222895000000083e+00
1.002742195000000081e+01 1.177296644940106329e+00 1.775302570000000024e+00
1.011075675999999923e+01 1.172337948435652200e+00 1.761788297999999919e+00
1.023738701000000084e+01 1.165100290538566563e+00 1.740329929999999914e+00
1.038749418999999996e+01 1.145446782972297406e+00 1.707611670999999998e+00
1.045534716000000053e+01 6.269058393370791071e-01 1.698113398000000052e+00
9.837679017999999331e+00 9.845063756774489194e-01 1.994998100000000107e+00
9.294323593999999744e+00 7.199172554931757562e-01 2.095741577000000078e+00
8.996677370000000451e+00 4.124703809279006705e-01 2.151786450999999989e+00
8.997341813000000244e+00 4.134493361149080282e-01 2.150694860999999847e+00
9.296157474999999337e+00 7.210952921000517435e-01 2.094530295000000208e+00
9.840279532000000273e+00 9.851000082318430717e-01 2.001661386999999959e+00
1.045835109999999979e+01 6.274972420279765206e-01 1.775150651999999996e+00
1.039075101000000068e+01 1.145785517440709889e+00 1.723513953000000098e+00
1.024032532000000018e+01 1.165443453150705633e+00 1.746344686000000035e+00
1.011297300999999926e+01 1.172620888445272680e+00 1.764355858000000055e+00
1.002861225999999917e+01 1.177457610484337058e+00 1.776240730000000045e+00
8.232438539000000333e+00 1.407449722114258783e+00 1.279165405999999949e+00
8.418999392999999998e+00 1.485555885810872834e+00 1.277941503000000090e+00
8.936353283000000758e+00 1.632565813343277439e+00 1.262953487000000097e+00
9.673734684999999445e+00 1.672051890833078369e+00 1.270325544000000084e+00
1.025869471000000033e+01 5.627109295507791709e-01 1.573321830000000032e+00
1.006760365999999962e+01 5.086714526439324313e-01 1.687860263999999999e+00
9.708800751000000062e+00 7.316869266740541056e-01 1.725372402000000083e+00
9.411107927999999845e+00 9.104079487579505026e-01 1.750324895999999963e+00
9.249616285000000104e+00 1.017472134970107023e+00 1.763520884000000066e+00
9.250132150000000664e+00 1.017706538569717489e+00 1.763541186999999955e+00
9.412504633999999371e+00 9.109531465338064349e-01 1.749296519000000050e+00
9.710649146999999815e+00 7.319732778550437358e-01 1.720104521999999969e+00
1.006920462000000072e+01 5.076081627533616247e-01 1.672756874999999921e+00
1.025899365000000074e+01 5.633800893569375079e-01 1.542235331000000098e+00
9.673869210999999524e+00 1.671304504607919128e+00 1.252114240000000045e+00
8.936548553999999811e+00 1.632183979049506961e+00 1.249689091999999890e+00
8.419126493000000266e+00 1.485365153929558257e+00 1.270346492999999910e+00
8.418943925000000661e+00 1.485584354006878938e+00 1.309938402000000002e+00
8.540526861000000025e+00 1.459531729292673496e+00 1.308576066000000093e+00
8.999180939000000379e+00 1.542587133457193227e+00 1.315328719999999896e+00
9.687763899000000123e+00 1.558052162630519266e+00 1.336611199000000028e+00
1.026730326000000026e+01 6.196754372329845717e-01 1.566644045999999957e+00
1.010080031000000034e+01 5.153262899962745003e-01 1.685143237999999988e+00
9.742200350999999259e+00 7.394003757214061556e-01 1.721154182000000032e+00
9.443706429000000568e+00 9.144697001215758014e-01 1.745266962999999949e+00
9.281489939000000078e+00 1.018881536189140347e+00 1.758060471999999930e+00
9.281983381999999949e+00 1.019104353012390218e+00 1.758108441000000077e+00
9.445032159000000149e+00 9.149647344093166934e-01 1.744308006000000022e+00
9.743912239000000142e+00 7.395465737379333104e-01 1.715962787999999906e+00
1.010211731000000057e+01 5.137964759506982171e-01 1.670118761999999979e+00
1.026663182999999968e+01 6.219134198738511810e-01 1.538126724999999917e+00
9.687013081999999997e+00 1.557151970176030353e+00 1.321213401999999926e+00
8.998630924000000419e+00 1.542290970016766183e+00 1.306148271999999944e+00
8.540050127000000657e+00 1.459529668346746911e+00 1.307088035000000037e+00
8.936327338999999981e+00 1.632656002501106096e+00 1.317047072000000041e+00
8.998983340000000553e+00 1.542435051582405459e+00 1.320692830000000040e+00
9.313284806000000415e+00 1.451797111841718113e+00 1.354227051000000071e+00
9.850578310999999587e+00 1.359348487711594444e+00 1.402734053999999952e+00
1.034201572999999996e+01 6.477603386997375923e-01 1.571082599999999996e+00
1.019570455000000031e+01 5.354218181142812449e-01 1.678060864000000096e+00
9.837154054999999175e+00 7.574481891616794416e-01 1.709479492000000045e+00
9.536673493000000335e+00 9.239112623438988647e-01 1.731122234999999954e+00
9.372496459000000613e+00 1.021353541269783394e+00 1.742726605999999956e+00
9.372962323999999512e+00 1.021559680598710385e+00 1.742841526000000085e+00
9.537913410999999897e+00 9.243371782931090186e-01 1.730308208000000070e+00
9.838709874999999272e+00 7.574425524562079515e-01 1.704362155000000101e+00
1.019674170000000046e+01 5.336068064421384260e-01 1.663061491999999975e+00
1.034092322999999958e+01 6.494669503321146564e-01 1.548194869999999890e+00
9.849535338999999112e+00 1.358861830978146168e+00 1.394891498000000007e+00
9.312486099999999212e+00 1.451849955105016576e+00 1.354030695999999923e+00
8.998417493999999905e+00 1.542713176695959421e+00 1.327157098999999896e+00
9.673809713000000698e+00 1.672451728137275273e+00 1.346872722999999938e+00
9.687379964999999871e+00 1.557798329185058561e+00 1.346511462999999909e+00
9.850279470000000259e+00 1.359084635185944245e+00 1.387859273999999976e+00
1.018596359000000007e+01 1.147737588463671576e+00 1.450969830000000016e+00
1.051277722999999931e+01 6.041702495674622364e-01 1.590691746999999934e+00
1.033800854999999963e+01 5.629151691581336658e-01 1.669245198000000041e+00
9.978808889999999820e+00 7.736066846667943864e-01 1.692988822000000004e+00
9.676266931000000682e+00 9.318885102919828300e-01 1.710665163000000044e+00
9.509438898000000862e+00 1.020571511338367765e+00 1.720354018000000096e+00
9.509873953999999685e+00 1.020755570967930348e+00 1.720541724000000050e+00
9.677410218000000341e+00 9.322242914116658508e-01 1.709937414000000100e+00
9.980194315000000316e+00 7.734402934714998956e-01 1.687594196999999907e+00
1.033881511000000053e+01 5.611188188214909500e-01 1.653572328000000091e+00
1.051165529999999926e+01 6.050234521211846905e-01 1.575708692999999938e+00
1.018517051999999978e+01 1.147971148946300035e+00 1.456952304000000087e+00
9.849707132000000698e+00 1.359825897198438716e+00 1.401325206999999962e+00
9.686994116999999349e+00 1.558497055332485504e+00 1.363349660999999990e+00
1.025945938999999996e+01 5.636502999675989667e-01 1.525871439999999968e+00
1.026718510000000073e+01 6.217585378984078481e-01 1.491846883000000012e+00
1.034162242999999926e+01 6.491050878715354244e-01 1.483938382000000056e+00
1.051242189000000060e+01 6.048015430396673775e-01 1.507694424999999949e+00
1.073505321999999929e+01 5.094013795771131781e-01 1.581167814999999921e+00
1.050140870999999976e+01 5.735184153259912376e-01 1.661580961000000078e+00
1.014461494000000030e+01 7.729347712068639353e-01 1.675582142000000108e+00
9.841980394000000132e+00 9.301652960297720485e-01 1.687520491999999983e+00
9.672701116000000710e+00 1.011609290839165620e+00 1.694484931000000083e+00
9.673101131999999325e+00 1.011754660134561723e+00 1.694674232999999974e+00
9.843010472999999649e+00 9.303529354015541708e-01 1.686503413000000062e+00
1.014580838000000007e+01 7.725720244100211520e-01 1.668672184999999919e+00
1.050211350000000010e+01 5.723345713605396679e-01 1.641999042999999991e+00
1.073467033999999920e+01 5.097882161956026614e-01 1.601404741000000076e+00
1.051315688000000037e+01 6.064320993750610400e-01 1.536697090999999959e+00
1.034226772999999966e+01 6.508635830184491544e-01 1.514118051999999937e+00
1.026762476000000035e+01 6.226458578841378433e-01 1.517194139000000108e+00
1.006927933999999958e+01 5.076303465935819714e-01 1.678594421999999975e+00
1.010202269000000008e+01 5.140371423703919973e-01 1.673416256000000102e+00
1.019657358999999985e+01 5.340912487678439735e-01 1.662419239999999965e+00
1.033865495000000045e+01 5.616991299479546784e-01 1.649339032000000094e+00
1.050193392999999986e+01 5.724152378411705433e-01 1.636592690999999933e+00
1.059339643000000031e+01 2.697467843629008377e-01 1.640317215999999911e+00
1.030424441000000080e+01 7.313336115255449910e-01 1.664717647000000023e+00
1.000797707000000081e+01 9.032401054483180092e-01 1.666197380999999922e+00
9.838042989999999932e+00 9.844857171718703892e-01 1.668259678999999940e+00
9.838386850999999211e+00 9.844893277438118151e-01 1.668100767999999956e+00
1.000882103000000001e+01 9.029672981817986610e-01 1.663408307999999947e+00
1.030518033000000067e+01 7.306960002893979622e-01 1.652009233000000021e+00
1.059522463000000059e+01 2.699248194606334583e-01 1.615375060999999945e+00
1.050409156999999993e+01 5.724234952898152873e-01 1.643371879000000035e+00
1.034053998999999990e+01 5.615960493134485310e-01 1.655680153999999904e+00
1.019799577000000035e+01 5.340834555078403101e-01 1.666788420999999909e+00
1.010279227999999918e+01 5.140828011864093661e-01 1.675709952000000058e+00
9.710939314999999183e+00 7.311460501687937485e-01 1.769095392000000100e+00
9.743890476000000689e+00 7.387695236507726415e-01 1.764965208000000008e+00
9.838478932999999316e+00 7.567950631916422477e-01 1.752009630999999956e+00
9.979894774999999996e+00 7.729761417308468330e-01 1.732326116999999943e+00
1.014558876000000076e+01 7.722674500628342598e-01 1.708368808999999988e+00
1.030513419999999947e+01 7.302689170478791070e-01 1.681767534000000008e+00
1.039621778000000063e+01 5.692833659243884403e-01 1.667498965000000055e+00
1.009005447000000011e+01 5.268617098360173223e-01 1.763373867999999955e+00
9.923542863999999852e+00 5.052546363720914480e-01 1.764003283999999949e+00
9.923585277999999121e+00 5.052372929341681917e-01 1.760771321000000000e+00
1.009016656999999917e+01 5.267996583152060319e-01 1.754500578000000033e+00
1.039683463999999979e+01 5.706769581931809832e-01 1.699920217999999927e+00
1.030749375999999984e+01 7.305587915664042420e-01 1.695108427999999945e+00
1.014801111000000056e+01 7.724785348772756910e-01 1.712548417000000045e+00
9.982095188000000618e+00 7.732619833154475986e-01 1.732392675000000049e+00
9.840155144000000575e+00 7.571055623284559388e-01 1.750640495999999935e+00
9.744797259000000267e+00 7.389780054229708739e-01 1.763846360999999918e+00
9.413380253999999780e+00 9.101717588966502515e-01 1.825335713000000082e+00
9.445492305000000144e+00 9.140927283624955546e-01 1.820359682999999951e+00
9.538056129999999300e+00 9.234632444353136904e-01 1.804730853999999995e+00
9.677384935999999271e+00 9.314498376910445021e-01 1.781063456000000045e+00
9.842996063999999379e+00 9.297667931052097101e-01 1.752418484000000110e+00
1.000901529000000068e+01 9.026924833674222493e-01 1.719369413999999985e+00
1.009029254000000009e+01 5.265673968062821730e-01 1.747939968000000066e+00
9.701136001000000064e+00 7.896517618681634376e-01 1.992352142999999964e+00
9.449876488999999324e+00 6.955428462625067310e-01 2.044078067000000054e+00
9.450367998999999131e+00 6.957028549602953804e-01 2.045430983000000147e+00
9.702449728999999579e+00 7.897404056434174091e-01 2.002055759000000101e+00
1.009234962999999929e+01 5.271716582263903383e-01 1.826621977999999924e+00
1.001159679999999952e+01 9.031716897456171234e-01 1.733965686999999978e+00
9.845703596999999974e+00 9.303598543498633466e-01 1.755510176999999894e+00
9.679853649000000004e+00 9.321151709703020538e-01 1.780169437999999937e+00
9.539936672999999701e+00 9.240612017600210448e-01 1.802721669999999943e+00
9.446508931000000331e+00 9.144521055351840788e-01 1.818920890000000012e+00
9.251798313000000107e+00 1.017369938509500082e+00 1.853498038999999986e+00
9.283168455000000208e+00 1.018585653017490600e+00 1.847880642000000018e+00
9.373746068000000875e+00 1.020933590525435308e+00 1.830625731000000034e+00
9.510394936999999160e+00 1.020122020550337405e+00 1.804690944999999935e+00
9.673534537000000100e+00 1.011209723809547212e+00 1.773566793999999947e+00
9.838924650999999244e+00 9.841269326017798580e-01 1.737982509999999925e+00
9.923752798000000652e+00 5.048500179230609453e-01 1.763348742000000025e+00
9.449423052000000212e+00 6.953524953047911517e-01 2.049893190000000143e+00
9.155107887999999861e+00 3.836092500500858371e-01 2.106784594000000066e+00
9.155661657999999647e+00 3.844285625565744269e-01 2.107574528999999863e+00
9.450946551999999556e+00 6.962507281137545467e-01 2.057500806000000182e+00
9.925879723999999626e+00 5.059558047744250331e-01 1.850221257999999924e+00
9.841637860000000515e+00 9.848417925044025134e-01 1.750856348999999978e+00
9.676388735999999824e+00 1.012107793421989976e+00 1.776147544999999939e+00
9.512994610999999878e+00 1.021057912416159841e+00 1.803789768999999987e+00
9.375723676999999867e+00 1.021724599319777660e+00 1.828780056999999903e+00
9.284236533999999708e+00 1.019043129605446518e+00 1.846574549999999926e+00
9.037357399999999430e+00 9.655506770104014258e-01 1.359019916000000050e+00
9.210169430000000546e+00 1.075487665568909179e+00 1.346438830000000086e+00
9.688286557999999715e+00 1.268674103176168133e+00 1.334383754999999949e+00
1.033964942000000065e+01 1.228944881400066524e+00 1.362913226999999949e+00
1.056075773000000062e+01 5.970545208335820142e-01 1.609401813999999931e+00
1.002354015000000054e+01 9.440611274615062776e-01 1.696858208000000090e+00
9.411235281999999813e+00 9.105313062719342376e-01 1.749006330000000053e+00
8.934609220000000462e+00 7.931901559362355414e-01 1.792828257000000036e+00
8.677434892000000843e+00 7.015306143235684466e-01 1.819385100999999949e+00
8.677829990999999410e+00 7.021232350690234103e-01 1.819898642999999927e+00
8.935673358000000732e+00 7.942958602650058708e-01 1.793560980000000082e+00
9.412638785000000397e+00 9.110865454906689198e-01 1.747585809999999906e+00
1.002477711999999954e+01 9.433564386683238601e-01 1.688766502000000003e+00
1.056098807999999956e+01 5.951538861125295066e-01 1.586383249000000051e+00
1.033938717999999923e+01 1.228358469860130864e+00 1.345352612999999975e+00
9.688229666999999878e+00 1.268404900246182576e+00 1.323879543000000103e+00
9.210162284000000810e+00 1.075360536240845821e+00 1.340751189999999982e+00
9.210138351999999529e+00 1.075570916791691811e+00 1.396945330000000096e+00
9.302608684999999156e+00 1.065962632755677042e+00 1.387200906999999983e+00
9.713445782000000861e+00 1.203875116127524292e+00 1.393509359000000059e+00
1.032254900999999947e+01 1.197165730872095768e+00 1.421886567000000046e+00
1.057877348999999967e+01 5.603596501577172706e-01 1.610588026999999922e+00
1.005440811000000068e+01 9.441793840319079312e-01 1.693609064999999969e+00
9.443876039999999250e+00 9.146523965645348975e-01 1.743916720999999947e+00
8.967868445000000577e+00 7.985762434673124854e-01 1.786427999000000044e+00
8.710802893000000324e+00 7.069319137949912069e-01 1.812236216000000066e+00
8.711176380999999580e+00 7.074944084038370384e-01 1.812781363999999895e+00
8.968868007999999392e+00 7.996065996444231549e-01 1.787248079000000045e+00
9.445167079000000854e+00 9.150941325102476265e-01 1.742615578000000109e+00
1.005544165999999962e+01 9.432140895000163949e-01 1.685603586000000043e+00
1.057841042000000087e+01 5.580121735542212802e-01 1.587656884000000046e+00
1.032162096999999967e+01 1.196644177195097303e+00 1.405742967999999982e+00
9.712899666000000209e+00 1.203833038386439958e+00 1.384861289000000051e+00
9.302270687000000038e+00 1.066117560972795975e+00 1.384874181999999898e+00
9.688295480000000737e+00 1.268899003047100349e+00 1.409158947999999967e+00
9.713269717999999386e+00 1.203865191000307533e+00 1.406805153999999947e+00
9.965960020000000696e+00 1.140932112604623239e+00 1.437670577000000005e+00
1.042236396999999926e+01 1.060371979256986341e+00 1.486367065000000043e+00
1.065001700000000007e+01 5.360265496316006795e-01 1.617318795000000087e+00
1.014295858000000017e+01 9.463717019374848771e-01 1.684485621999999960e+00
9.536882435000000768e+00 9.241366008518129282e-01 1.729725052999999901e+00
9.062693498999999875e+00 8.111920409840889246e-01 1.768587450999999922e+00
8.805991467000000128e+00 7.193758381910184685e-01 1.792283411999999965e+00
8.806340823999999401e+00 7.198963563039122437e-01 1.792897176999999953e+00
9.063621967999999640e+00 8.121272299226850455e-01 1.769591716000000092e+00
9.538054434999999387e+00 9.244668345807991461e-01 1.728655161000000051e+00
1.014379510999999923e+01 9.452123934524180315e-01 1.676642337999999954e+00
1.064922684000000075e+01 5.339673998086406081e-01 1.595762407999999910e+00
1.042132372000000018e+01 1.060027285070402225e+00 1.475587792000000009e+00
9.965360070999999209e+00 1.141178869597774481e+00 1.435109941999999972e+00
9.712950661000000707e+00 1.204252278520661079e+00 1.410261704999999921e+00
1.033985964000000024e+01 1.229682502636699315e+00 1.463588804000000021e+00
1.032227336999999956e+01 1.197471920906656884e+00 1.454467017999999889e+00
1.042211136999999965e+01 1.060378956238458015e+00 1.487878390000000106e+00
1.067891696000000046e+01 8.882452678308546679e-01 1.545519494000000105e+00
1.079241522000000053e+01 5.872687832518052042e-01 1.631373911999999926e+00
1.027707681000000051e+01 9.517582205911202520e-01 1.670677428000000075e+00
9.676502642999999182e+00 9.321207894548548811e-01 1.709158811000000000e+00
9.205185542000000609e+00 8.229144143937561218e-01 1.742864600999999958e+00
8.949107760000000411e+00 7.302707177860668919e-01 1.763493476999999920e+00
8.949433515999999145e+00 7.307492427544047819e-01 1.764193326000000006e+00
9.206044761999999437e+00 8.237551934265036069e-01 1.744082278000000041e+00
9.677563163000000301e+00 9.323619544320558283e-01 1.708286060999999911e+00
1.027776620000000030e+01 9.505826931478507102e-01 1.662887089000000040e+00
1.079150360000000042e+01 5.854732580959856048e-01 1.613577358999999989e+00
1.067821089000000079e+01 8.884834908099247253e-01 1.547437571999999983e+00
1.042180847999999926e+01 1.061164119177320231e+00 1.497371290000000021e+00
1.032216808000000086e+01 1.198143604135982532e+00 1.467261267999999896e+00
1.056186645000000013e+01 5.961320217722760884e-01 1.653312887000000009e+00
1.057933610999999985e+01 5.592237483060772396e-01 1.640985005000000108e+00
1.065022158999999924e+01 5.351310467878956922e-01 1.635102829999999896e+00
1.079251099000000025e+01 5.865291899676140508e-01 1.645623196999999927e+00
1.098456028999999923e+01 3.200640137512363315e-01 1.681969524000000105e+00
1.043451727999999967e+01 9.452407735289319879e-01 1.651476468999999891e+00
9.842215956000000432e+00 9.303330895554088320e-01 1.685649100000000011e+00
9.374971241000000788e+00 8.259827372410661894e-01 1.713835062000000020e+00
9.119804901000000186e+00 7.317078696925782832e-01 1.730936787000000088e+00
9.120109773999999447e+00 7.321502825739153453e-01 1.731710848999999941e+00
9.375768791000000490e+00 8.267369896780030203e-01 1.715175775999999930e+00
9.843183528999999155e+00 9.305192908595569801e-01 1.684558688999999942e+00
1.043517253999999994e+01 9.444431724930970606e-01 1.642156885999999982e+00
1.098400301999999940e+01 3.260312576810992513e-01 1.697680249999999891e+00
1.079335125000000062e+01 5.850382683321302402e-01 1.665381374999999942e+00
1.065091660999999945e+01 5.343725362558157110e-01 1.652834955999999966e+00
1.057975910000000042e+01 5.589022319600830402e-01 1.652900564999999933e+00
1.002539525000000076e+01 9.433879108597008623e-01 1.758647442000000005e+00
1.005590813000000061e+01 9.434036294979376569e-01 1.754645000000000010e+00
1.014416955000000087e+01 9.455518251731065416e-01 1.744438267999999903e+00
1.027810438999999931e+01 9.509698262015979786e-01 1.729422237000000084e+00
1.043546021000000046e+01 9.444649981346934231e-01 1.707052390999999947e+00
1.050709276999999986e+01 5.030441205132264448e-01 1.628104001000000078e+00
1.000813854999999997e+01 9.030618367255454082e-01 1.662028234999999965e+00
9.548373421999999167e+00 8.161395190148824641e-01 1.686005906999999970e+00
9.294519576000000782e+00 7.201506077687445107e-01 1.699488789999999971e+00
9.294806266000000150e+00 7.205564970735610641e-01 1.700273759000000107e+00
9.549115635999999796e+00 8.167948773445430355e-01 1.687112498000000071e+00
1.000904328999999926e+01 9.032995591608297126e-01 1.658891348000000043e+00
1.050857524999999981e+01 5.033112041904426182e-01 1.610567880000000063e+00
1.043706354000000047e+01 9.444621183291901367e-01 1.710249871000000033e+00
1.027951554999999928e+01 9.508126371025070744e-01 1.732167132000000054e+00
1.014523924000000044e+01 9.454383494154779966e-01 1.746100651999999975e+00
1.005648803999999963e+01 9.433573670673770506e-01 1.755449129000000053e+00
9.413440230999999159e+00 9.103379401915481228e-01 1.830698667000000057e+00
9.445721465000000094e+00 9.143592394615485119e-01 1.825974455999999968e+00
9.538429525999999825e+00 9.237986367091918227e-01 1.811394948000000005e+00
9.677853818999999191e+00 9.317967235928225067e-01 1.789579543999999967e+00
9.843489498000000282e+00 9.300402656495623255e-01 1.763554006999999979e+00
1.000941882000000049e+01 9.026342655174364182e-01 1.734033340000000090e+00
1.008993977999999991e+01 5.260969971421237679e-01 1.660413176999999907e+00
9.700931975999999679e+00 7.893162272743888819e-01 1.664136730999999925e+00
9.449483116999999766e+00 6.954366164346353907e-01 1.673399453000000037e+00
9.449746127999999246e+00 6.957506938920619000e-01 1.673950496000000010e+00
9.701599637999999359e+00 7.897436889348812272e-01 1.663458263999999964e+00
1.009122338999999968e+01 5.269461394605612359e-01 1.647840100999999891e+00
1.001113791999999947e+01 9.028700274356540323e-01 1.737072138000000043e+00
9.845281191999999848e+00 9.302649451860157681e-01 1.763756520999999911e+00
9.679490237999999636e+00 9.320594328740010592e-01 1.788011471999999991e+00
9.539680371999999409e+00 9.240515110295878243e-01 1.809447119000000104e+00
9.446399584999999988e+00 9.145182606787286561e-01 1.824713060999999970e+00
8.936926366999999871e+00 7.932775564730492057e-01 1.889135782999999957e+00
8.969809874999999266e+00 7.984438663861888053e-01 1.883146996000000017e+00
9.064316519000000127e+00 8.109255263035918260e-01 1.864599619000000041e+00
9.206593233999999626e+00 8.226231006501364407e-01 1.837115177999999904e+00
9.376291494000000171e+00 8.257522268623586070e-01 1.805372154000000062e+00
9.549733243000000371e+00 8.159944059616563994e-01 1.773527872000000061e+00
9.702412171000000640e+00 7.890838097607492108e-01 1.743226882000000089e+00
9.788557786000000149e+00 5.897617673255616255e-01 1.735720276999999978e+00
9.538430459000000639e+00 3.701204502107254823e-01 1.822493587000000081e+00
9.538486256000000552e+00 3.702128830855774821e-01 1.820018220999999992e+00
9.788783069000000836e+00 5.982490145662745507e-01 1.748809945999999949e+00
9.703936242999999351e+00 7.896153106995935644e-01 1.754352927000000006e+00
9.551596691000000305e+00 8.166881527244772565e-01 1.776002094999999947e+00
9.378256148000000181e+00 8.265959657797374849e-01 1.804095328000000054e+00
9.208391813000000425e+00 8.235146502685912751e-01 1.834264356000000040e+00
9.065691249000000340e+00 8.116959919717005034e-01 1.861724265000000100e+00
8.970554762000000792e+00 7.988979567897492862e-01 1.881392780999999959e+00
8.679668305999999944e+00 7.015827127767905180e-01 1.923811004000000047e+00
8.712666104000000189e+00 7.066464311494606854e-01 1.916961434999999936e+00
8.807531596000000462e+00 7.188577509209445049e-01 1.895932860000000053e+00
8.950418775999999355e+00 7.296658721095645728e-01 1.864883942000000072e+00
9.121009499999999548e+00 7.311466146757938933e-01 1.829203254000000056e+00
9.295748307000000210e+00 7.197198369986234079e-01 1.793814282000000038e+00
9.450851613999999401e+00 6.951472816931276721e-01 1.761292553000000094e+00
9.539086646999999530e+00 3.699777217316243538e-01 1.822696308000000043e+00
9.273441326000000373e+00 3.469548616668758911e-01 2.073120381999999928e+00
9.273812222000000105e+00 3.475286992549807552e-01 2.077802306999999793e+00
9.540071097000000222e+00 3.710021728856428003e-01 1.922119004000000020e+00
9.452411235999999661e+00 6.960726271171931989e-01 1.771085153000000023e+00
9.297660149000000374e+00 7.209662424528385793e-01 1.795260813000000066e+00
9.123022577000000410e+00 7.325968758345328125e-01 1.827277864000000029e+00
8.952258662000000200e+00 7.311378757633426595e-01 1.861637565000000105e+00
8.808935934999999162e+00 7.200949007023608184e-01 1.892829827999999992e+00
8.713426341999999991e+00 7.073644282433063646e-01 1.915101884999999893e+00
9.489552065999999897e+00 3.540648600970896509e-01 1.419081266999999924e+00
9.655234322000000091e+00 5.961030358815450070e-01 1.393710666000000042e+00
1.011164620999999997e+01 9.075654745805360468e-01 1.380941332999999993e+00
1.070729612000000053e+01 8.433227077159047846e-01 1.405817325999999978e+00
1.073320896000000069e+01 8.452694560799688395e-01 1.613634854999999924e+00
9.997106603000000646e+00 1.179835673354054260e+00 1.699600577000000001e+00
9.249811319999999171e+00 1.017643602976998629e+00 1.761162942999999981e+00
8.677501210000000853e+00 7.016223719814186355e-01 1.818419610999999936e+00
8.368024165999999653e+00 3.345309861834064868e-01 1.854909418999999948e+00
8.368171846999999275e+00 3.351299489831861544e-01 1.855166470999999984e+00
8.677897057999999220e+00 7.022168852216534862e-01 1.818890023000000022e+00
9.250330694000000520e+00 1.017883138274358279e+00 1.760978582999999986e+00
9.997566825999999907e+00 1.179587788309334417e+00 1.697076373000000027e+00
1.073328788999999972e+01 8.443154847960009368e-01 1.604910451999999932e+00
1.070711810000000064e+01 8.432598771876196331e-01 1.398267101999999928e+00
1.011157726999999973e+01 9.075290124609128872e-01 1.376754730999999898e+00
9.655208818000000193e+00 5.960947853917321071e-01 1.391520773000000100e+00
9.655264256000000600e+00 5.962518597469607107e-01 1.459121023000000017e+00
9.737296735999999342e+00 6.056417692502586991e-01 1.442931501999999977e+00
1.012746068999999949e+01 8.530477609709792297e-01 1.443564727999999908e+00
1.069564845000000020e+01 8.524908160855750872e-01 1.458784612000000092e+00
1.075588459999999991e+01 8.231106609319627232e-01 1.616057126000000066e+00
1.002641917999999954e+01 1.178000344773239449e+00 1.696053977000000046e+00
9.281755720999999681e+00 1.019113884407379933e+00 1.755647790000000041e+00
8.710904341000000883e+00 7.070634252014965648e-01 1.811249013999999935e+00
8.402031309999999920e+00 3.485951695940459061e-01 1.846704423999999900e+00
8.402159199999999828e+00 3.491191972177698499e-01 1.846982679999999988e+00
8.711243378000000703e+00 7.075889119598079979e-01 1.811778134000000096e+00
9.282183489999999537e+00 1.019282842569569469e+00 1.755546947000000024e+00
1.002673075999999952e+01 1.177596493279677414e+00 1.693607507000000068e+00
1.075557028000000059e+01 8.214394089910119767e-01 1.607130994000000035e+00
1.069508390999999925e+01 8.520757534474918682e-01 1.451375198999999894e+00
1.012724069000000071e+01 8.530307622217448982e-01 1.439781685000000033e+00
9.737244019000000250e+00 6.058586977536137841e-01 1.441703914999999947e+00
1.011177157000000015e+01 9.079512824919941938e-01 1.475913880000000011e+00
1.012738623000000082e+01 8.531351515714820088e-01 1.473100524999999994e+00
1.035701687000000071e+01 8.097884617418010800e-01 1.499499962000000020e+00
1.077955883999999998e+01 7.471487962942513494e-01 1.535625494000000035e+00
1.082836421000000016e+01 8.031539448811593207e-01 1.623478611999999988e+00
1.011033104000000016e+01 1.173162187826106706e+00 1.685900793000000064e+00
9.372831012000000683e+00 1.021640045741322611e+00 1.740225879000000031e+00
8.806126080000000300e+00 7.195420155385305883e-01 1.791276397000000076e+00
8.498998244999999230e+00 3.804010328943430164e-01 1.823853133999999931e+00
8.499107314999999829e+00 3.808343856647419257e-01 1.824165427000000061e+00
8.806411326999999289e+00 7.199976456731896901e-01 1.791900757000000066e+00
9.373173380000000776e+00 1.021750172673261403e+00 1.740260786999999976e+00
1.011051023999999998e+01 1.172644775480979895e+00 1.683580132999999979e+00
1.082774195000000006e+01 8.011551009906877630e-01 1.614440714000000110e+00
1.077898979000000068e+01 7.466974315952608077e-01 1.529838315999999976e+00
1.035689024999999930e+01 8.100666394890131405e-01 1.497809769999999929e+00
1.012742019999999954e+01 8.534990460887721397e-01 1.473927275000000092e+00
1.070776962999999959e+01 8.444879615194283984e-01 1.546542000999999944e+00
1.069569654999999919e+01 8.532861793209338686e-01 1.546262653000000098e+00
1.077951000000000015e+01 7.474792320343794927e-01 1.578815733000000110e+00
1.100218764000000071e+01 5.843772696771423192e-01 1.627094687999999900e+00
1.095511334999999953e+01 8.545736591091316336e-01 1.632290003000000045e+00
1.023736010999999912e+01 1.165943003705553815e+00 1.669829672999999959e+00
9.509828328999999414e+00 1.020889295919741979e+00 1.717677066999999891e+00
8.949268516000000062e+00 7.304594295662264480e-01 1.762454323999999906e+00
8.644746072000000225e+00 4.100070741336727109e-01 1.790953223999999899e+00
8.644840052999999358e+00 4.103737175779784696e-01 1.791305157999999897e+00
8.949510917999999648e+00 7.308629118166687366e-01 1.763188130999999936e+00
9.510105210000000753e+00 1.020969042434955787e+00 1.717860869999999984e+00
1.023745504999999945e+01 1.165417659212141022e+00 1.667660933999999928e+00
1.095438803999999955e+01 8.526769985798418050e-01 1.624079894999999940e+00
1.100187943000000068e+01 5.845169833001706561e-01 1.626941967000000044e+00
1.077960921000000027e+01 7.480906992409601663e-01 1.582326796999999896e+00
1.069586542000000051e+01 8.536600505284719365e-01 1.550796569000000069e+00
1.073458583999999938e+01 8.445237195022443633e-01 1.741834354000000085e+00
1.075691400000000009e+01 8.219336570083823901e-01 1.742012596999999996e+00
1.082911619999999964e+01 8.017618855117308874e-01 1.748096349999999966e+00
1.095573025999999928e+01 8.532799633922591998e-01 1.757069046000000023e+00
1.109555096000000063e+01 7.103164483036058519e-01 1.579561420000000105e+00
1.038761419000000075e+01 1.146139886719075296e+00 1.645681369999999921e+00
9.673119520000000193e+00 1.011918484181647537e+00 1.691362269999999945e+00
9.119980738000000642e+00 7.319042369439426876e-01 1.729824873999999957e+00
8.818548271999999244e+00 4.226082611692001390e-01 1.753846315000000100e+00
8.818632807000000184e+00 4.229413330057690268e-01 1.754235058999999985e+00
9.120196999999999221e+00 7.322818354300978383e-01 1.730650030000000061e+00
9.673362673999999828e+00 1.012009967685394640e+00 1.691608964000000048e+00
1.038771820000000012e+01 1.145846517216380311e+00 1.643265712999999906e+00
1.109637619000000086e+01 7.107805598633074595e-01 1.569965228999999907e+00
1.095636434000000037e+01 8.526149339520872061e-01 1.764274499000000107e+00
1.082962026999999949e+01 8.015114129536268228e-01 1.754041608999999946e+00
1.075720401000000059e+01 8.219039103268441782e-01 1.745589186999999987e+00
9.998860510000000090e+00 1.179505754818372276e+00 1.804039353000000068e+00
1.002794725000000042e+01 1.177590759069854665e+00 1.800605535999999951e+00
1.011166255999999919e+01 1.172701346111468368e+00 1.790766869999999900e+00
1.023855387999999955e+01 1.165475745784533723e+00 1.774832377000000072e+00
1.038873094000000030e+01 1.145647731734110053e+00 1.748666987000000006e+00
1.045607374000000078e+01 6.271008224015446331e-01 1.615409987999999908e+00
9.838447631999999388e+00 9.846904243961924763e-01 1.663145939999999934e+00
9.294696693000000565e+00 7.203370976885793420e-01 1.698170830000000020e+00
8.996499109000000161e+00 4.127452908004140553e-01 1.718074332000000037e+00
8.996580621999999750e+00 4.130745388286288233e-01 1.718486976999999971e+00
9.294906154999999615e+00 7.207148721882172815e-01 1.699011666999999948e+00
9.838702729999999619e+00 9.848875959256128132e-01 1.662993251000000061e+00
1.045684682999999993e+01 6.273078993986686003e-01 1.608891180999999948e+00
1.038959194000000075e+01 1.145749002608141609e+00 1.749456726000000018e+00
1.023931696000000002e+01 1.165479464302265011e+00 1.775377812000000111e+00
1.011224460000000036e+01 1.172707026050597179e+00 1.790996819000000073e+00
1.002826368999999929e+01 1.177600487364749648e+00 1.800684683999999924e+00
9.251816699999999116e+00 1.017461121600575114e+00 1.865231773999999954e+00
9.283554274000000106e+00 1.018853221521154317e+00 1.859794235000000073e+00
9.374446265999999639e+00 1.021330225418215054e+00 1.843945055000000055e+00
9.511310750999999897e+00 1.020569946695541796e+00 1.820561300000000049e+00
9.674534104999999329e+00 1.011617269547935294e+00 1.792957152000000054e+00
9.839847377999999978e+00 9.843349556754511509e-01 1.761839970000000033e+00
9.924133383999999225e+00 5.050015647000347663e-01 1.654287309999999955e+00
9.449645076999999560e+00 6.955782949785912495e-01 1.671081709999999942e+00
9.154894563999999235e+00 3.838049763239249068e-01 1.688013532999999899e+00
9.154979014000000248e+00 3.841539779925873810e-01 1.688417805000000049e+00
9.449866839000000240e+00 6.959836991194099376e-01 1.671651181999999958e+00
9.924730178000000791e+00 5.055331028425459339e-01 1.649536458999999899e+00
9.840679755000000029e+00 9.845386090521718314e-01 1.762232036999999973e+00
9.675404307999999176e+00 1.011809082837983542e+00 1.792518931000000038e+00
9.512109509000000074e+00 1.020768824175510625e+00 1.819605608999999902e+00
9.375059448000000017e+00 1.021504930106588382e+00 1.842966818999999923e+00
9.283887605000000320e+00 1.018957458822504769e+00 1.859194827999999911e+00
8.679668381000000821e+00 7.016126429007453202e-01 1.928119681000000085e+00
8.712881946999999627e+00 7.068928324620867842e-01 1.920911806000000110e+00
8.807931329000000531e+00 7.192615790859477887e-01 1.900019456000000106e+00
8.950944312000000735e+00 7.301414381496705852e-01 1.869651313000000092e+00
9.121586259000000751e+00 7.316132736696213668e-01 1.835164218000000069e+00
9.296295717999999653e+00 7.201121007047125433e-01 1.801489644999999973e+00
9.451288900999999854e+00 6.953821988534124587e-01 1.771643218999999991e+00
9.539065366999999185e+00 3.699774152691628348e-01 1.686184050999999906e+00
9.273157303999999712e+00 3.470272369113742150e-01 1.666833679000000012e+00
9.273248066000000733e+00 3.474006644489538442e-01 1.667099295999999953e+00
9.539413779000000204e+00 3.707320520155785726e-01 1.683166439999999930e+00
9.451947984000000247e+00 6.957510016910152251e-01 1.773407849999999897e+00
9.297105326000000503e+00 7.205901572670851962e-01 1.801487019000000078e+00
9.122443786999999915e+00 7.321711874536614983e-01 1.834114843000000050e+00
8.951733087999999228e+00 7.307140908831315507e-01 1.868175001000000002e+00
8.808536631000000838e+00 7.197481788114249435e-01 1.898663415999999993e+00
8.713210781000000793e+00 7.071773540494543653e-01 1.920110895000000095e+00
8.370230730999999480e+00 3.346403898546349009e-01 1.969419961000000052e+00
8.404080178999999262e+00 3.483464274753059753e-01 1.961057862999999957e+00
8.500897108000000202e+00 3.799204549684935261e-01 1.936928911999999947e+00
8.646525075999999643e+00 4.094441468738660439e-01 1.901972680999999943e+00
8.820253385999999196e+00 4.220716815882623596e-01 1.862479911000000099e+00
8.998183763000000113e+00 4.123060563194287376e-01 1.824339042000000077e+00
9.156611634000000777e+00 3.835126502120349556e-01 1.791983757999999982e+00
9.274951161000000610e+00 3.469076501010965319e-01 1.767811848000000019e+00
9.333357876000000886e+00 2.522802620811651630e-01 1.826531541999999897e+00
9.333379917000000248e+00 2.530728101866695501e-01 1.809794807000000061e+00
9.275341802999999885e+00 3.474887301180107912e-01 1.772951812999999932e+00
9.157212661000000864e+00 3.843817861875450936e-01 1.793370692000000099e+00
8.998920938999999564e+00 4.133882926620823239e-01 1.823974822999999912e+00
8.821031690999999952e+00 4.232964794664112462e-01 1.861172513000000084e+00
8.647238585000000199e+00 4.107064092309009595e-01 1.900321842000000094e+00
8.501443155000000473e+00 3.810374410735313799e-01 1.935462932999999941e+00
8.404376306999999713e+00 3.490383434544293006e-01 1.960202855999999993e+00
