0.000000000000000000e+00 0.000000000000000000e+00 0.000000000000000000e+00
1.572876396000000065e+00 2.302253336903005376e+00 1.012441077999999939e+00
3.101130760000000208e+00 2.240932612029566950e+00 1.042461634999999998e+00
4.568577958999999744e+00 2.123583313226523384e+00 1.081130351000000100e+00
5.939787975999999858e+00 1.953509084450831379e+00 1.133106897000000002e+00
7.177083713000000031e+00 1.722207523041787258e+00 1.198197863000000085e+00
8.232938026999999437e+00 1.407470877653926200e+00 1.273971841999999910e+00
9.037913482000000442e+00 9.655354714864525789e-01 1.351544716000000035e+00
9.490095892999999450e+00 3.539699295725654005e-01 1.407009039999999933e+00
1.573452424999999932e+00 2.301315144001182755e+00 1.276493595999999897e+00
2.735602908000000166e+00 2.827620067538254123e+00 1.049936744000000033e+00
3.963155582000000177e+00 2.748063246631284429e+00 9.653138504999999592e-01
5.189834744999999749e+00 2.476137428736372659e+00 1.014987566999999924e+00
6.410301281999999823e+00 2.203626063333425478e+00 1.079869838000000026e+00
7.555300961000000370e+00 1.935810516971592454e+00 1.152487225000000004e+00
8.560366699999999440e+00 1.643932708666841158e+00 1.232257441000000009e+00
9.346775810000000462e+00 1.300444060784619271e+00 1.312377122000000007e+00
9.799680753000000522e+00 9.598978098761515865e-01 1.370131130999999947e+00
3.101283194000000076e+00 2.240782238001151505e+00 1.301958846000000003e+00
3.963493428000000041e+00 2.747968803452697006e+00 1.250714606000000062e+00
5.334861129000000091e+00 2.620740815655516975e+00 1.104475359000000045e+00
6.463878958999999647e+00 2.493578396975835609e+00 1.041028008999999921e+00
7.485090301999999696e+00 2.290047463380585846e+00 1.064941689999999941e+00
8.457651520000000644e+00 2.052052950504762663e+00 1.123390603999999904e+00
9.357147921999999340e+00 1.829872937252967180e+00 1.195138499000000021e+00
1.011869833999999990e+01 1.634327848006962958e+00 1.269220967000000089e+00
1.060551612000000077e+01 1.487248124275351691e+00 1.325776494999999944e+00
4.568584956999999669e+00 2.123678761218091626e+00 1.299394412000000054e+00
5.190140071000000077e+00 2.476347772679471593e+00 1.328718339999999998e+00
6.464230073999999604e+00 2.493550967258767681e+00 1.275137589000000071e+00
7.643363918000000368e+00 2.197167323725309096e+00 1.205204739000000025e+00
8.578422353000000555e+00 1.916394138760271870e+00 1.188470128000000070e+00
9.386301895000000783e+00 1.640297966805765784e+00 1.223100040999999916e+00
1.015329763000000085e+01 1.454100635671027097e+00 1.274020503000000026e+00
1.089983070999999981e+01 1.366267367068293215e+00 1.327263998000000056e+00
1.155098336000000003e+01 1.378324696537001737e+00 1.367523387999999951e+00
5.939769391999999648e+00 1.953677713985581432e+00 1.303158773999999909e+00
6.410538114000000398e+00 2.203947949864027311e+00 1.386121434999999957e+00
7.485602755000000386e+00 2.290253534710781746e+00 1.384795903000000106e+00
8.578831475999999512e+00 1.916364819748740400e+00 1.373779794999999915e+00
9.378394031999999214e+00 1.368416867406077264e+00 1.391736848000000082e+00
9.939538077999999999e+00 9.541145294559743029e-01 1.429418429999999907e+00
1.067903588999999975e+01 1.632051669288992368e+00 1.297688189000000047e+00
1.143481431000000015e+01 1.449970938653308172e+00 1.352934756000000016e+00
1.198304015999999983e+01 1.031695338722424138e+00 1.427935404000000075e+00
7.177057718999999558e+00 1.722334730963337446e+00 1.344747761999999902e+00
7.555477286000000348e+00 1.936164284909477784e+00 1.442335858999999942e+00
8.458225411000000804e+00 2.052416286788507627e+00 1.464195042000000058e+00
9.386959019000000737e+00 1.640238647577662467e+00 1.497186147999999939e+00
9.939552448000000595e+00 9.517596103090902870e-01 1.555643989000000005e+00
1.065050440999999992e+01 1.907541155078795292e+00 1.264238589000000079e+00
1.150616038999999979e+01 1.722390888541997622e+00 1.313338125000000023e+00
1.221169236999999974e+01 1.478051820426049989e+00 1.376109065999999936e+00
1.269399635999999987e+01 1.204012656429825689e+00 1.435230749000000028e+00
8.232873372000000245e+00 1.407502985895124237e+00 1.403254218000000053e+00
8.560482421999999758e+00 1.644273596098255741e+00 1.500513098999999961e+00
9.357728672000000358e+00 1.830316430996763222e+00 1.529159437999999982e+00
1.015400952000000068e+01 1.453728042269394338e+00 1.570889356999999986e+00
1.067856188999999922e+01 1.632143862241328902e+00 1.370269326999999926e+00
1.150593566999999950e+01 1.722391375236304034e+00 1.318100365000000052e+00
1.229807579999999945e+01 1.527039022628602360e+00 1.359522721999999906e+00
1.292973746999999918e+01 1.225729762191186234e+00 1.423999841999999960e+00
1.335051115999999993e+01 9.094527838882502380e-01 1.492101848999999980e+00
9.037758485999999536e+00 9.654572067030479099e-01 1.463499233000000066e+00
9.346796468999999163e+00 1.300745407558622002e+00 1.556954305000000094e+00
1.011922168999999982e+01 1.634835912808960900e+00 1.586499359000000053e+00
1.090058237000000041e+01 1.365887477678733974e+00 1.618452334999999964e+00
1.143432982000000031e+01 1.449435697051359551e+00 1.427626454000000100e+00
1.221117912999999966e+01 1.477803902797077740e+00 1.384187508999999983e+00
1.292942122000000005e+01 1.225674020787957286e+00 1.423811222000000098e+00
1.343856923999999964e+01 8.121020274016559348e-01 1.497174518000000010e+00
1.371845352999999967e+01 4.411454429934013599e-01 1.568753776000000100e+00
9.489835310000000135e+00 3.538937852360429237e-01 1.504001281999999939e+00
9.799556171000000759e+00 9.602189878912499310e-01 1.596825645000000016e+00
1.060583446999999957e+01 1.487794667875490084e+00 1.629533149000000014e+00
1.155187841999999954e+01 1.378534061882119799e+00 1.674403987000000038e+00
1.198231288000000028e+01 1.030208268428630225e+00 1.522397682999999891e+00
1.269290396999999970e+01 1.203273556177564263e+00 1.448712416000000003e+00
1.334954053999999957e+01 9.091504908925746031e-01 1.493804118999999986e+00
1.371838787000000082e+01 4.422438033609073504e-01 1.578678530999999996e+00
1.386017260000000029e+01 1.630943808798473449e-01 1.613682827999999958e+00
1.573463437000000020e+00 2.301183124553311199e+00 1.026916036000000032e+00
2.735609553999999832e+00 2.827970031176938459e+00 1.485402182000000071e+00
3.963404927000000022e+00 2.748336436330373278e+00 1.357635447999999911e+00
5.190233389000000308e+00 2.476489819814144511e+00 1.275631463000000076e+00
6.410784957999999811e+00 2.204017873081411949e+00 1.262896511000000110e+00
7.555828200999999744e+00 1.936200794185864327e+00 1.290505929000000052e+00
8.560880982000000472e+00 1.644274196387767173e+00 1.342815123999999916e+00
9.347175508999999494e+00 1.300680008403379606e+00 1.406198395999999962e+00
9.799813478000000799e+00 9.600120749749710969e-01 1.454090904999999934e+00
9.799424096999999279e+00 9.599124705765863519e-01 1.448728059000000012e+00
9.346167702000000688e+00 1.300294757105516563e+00 1.392337358000000025e+00
8.559516882000000493e+00 1.643623632554981562e+00 1.323609062000000058e+00
7.554307098999999859e+00 1.935344927986110131e+00 1.267406411999999927e+00
6.409244837000000139e+00 2.203043465067055173e+00 1.236077655999999969e+00
5.188775515999999755e+00 2.475508981722443380e+00 1.244534202000000089e+00
3.962150838999999980e+00 2.747500532797231720e+00 1.321797850000000052e+00
2.734744019999999942e+00 2.827141795957181625e+00 1.446037677999999937e+00
2.734786157999999912e+00 2.827551958373426100e+00 1.023883227000000007e+00
3.138118797999999821e+00 2.640175539230936508e+00 1.215853336999999978e+00
4.375457868999999889e+00 2.625786169269420434e+00 1.233769416999999979e+00
5.582616262000000162e+00 2.505588732646185868e+00 1.183233251999999958e+00
6.780051710999999592e+00 2.321723240201391203e+00 1.185874842000000040e+00
7.910382985000000033e+00 2.108390307583034140e+00 1.222631645000000100e+00
8.909633384999999350e+00 1.867441710283259448e+00 1.281597362000000073e+00
9.698789026000000035e+00 1.596966228203847704e+00 1.350517833000000056e+00
1.015886242000000017e+01 1.353939907128798303e+00 1.403397988999999901e+00
1.015854687999999939e+01 1.353906377757520429e+00 1.399933072000000056e+00
9.697937123000000881e+00 1.596808051299497988e+00 1.341213140000000026e+00
8.908389790999999391e+00 1.867149658000260670e+00 1.268125530999999917e+00
7.908848704999999590e+00 2.107966969333843199e+00 1.206065785999999918e+00
6.778315004000000421e+00 2.321159096327514604e+00 1.166961187999999927e+00
5.580793353999999873e+00 2.504897426409276484e+00 1.163163312000000005e+00
4.373732502000000189e+00 2.625025476811989833e+00 1.216097122999999947e+00
3.136618198999999940e+00 2.677179064193877078e+00 9.288743637999999914e-01
3.962400602999999855e+00 2.747702971650797910e+00 1.172625499000000016e+00
4.374632873000000366e+00 2.625227361539962168e+00 1.062339935000000013e+00
5.526730321999999695e+00 2.556254828010908309e+00 1.106239294000000095e+00
6.651337974999999680e+00 2.426942522792769452e+00 1.102763340000000092e+00
7.706809846999999714e+00 2.270289261765031874e+00 1.130195344000000102e+00
8.718683002000000570e+00 2.099658555835331342e+00 1.180582865000000092e+00
9.651368502000000404e+00 1.923837333866143418e+00 1.243418815000000066e+00
1.043392075999999946e+01 1.746309984891322609e+00 1.310782992999999896e+00
1.093320912999999983e+01 1.604670207616453181e+00 1.363942152999999990e+00
1.093290249000000003e+01 1.604631655723265382e+00 1.362207959000000024e+00
1.043310551000000075e+01 1.746177894514660878e+00 1.305353632000000097e+00
9.650203640999999166e+00 1.923576366688328099e+00 1.235043088000000067e+00
8.717335145999999924e+00 2.099268863098140869e+00 1.171385660000000106e+00
7.705452235000000094e+00 2.269863955465727390e+00 1.123274188999999978e+00
6.650084442999999901e+00 2.426561332568098361e+00 1.101720427000000058e+00
5.525631927000000054e+00 2.555873421412483637e+00 1.113628276000000028e+00
4.374183194000000441e+00 2.625261515769380161e+00 1.069028233000000050e+00
5.189125394000000391e+00 2.475847371341096448e+00 1.226270908999999909e+00
5.581760938999999588e+00 2.505193643941604709e+00 1.178089630999999970e+00
6.651323299000000411e+00 2.426939601626239451e+00 1.209586558999999895e+00
7.748851475000000377e+00 2.152794745860805659e+00 1.207143566999999917e+00
8.685441543999999681e+00 1.878084510441479837e+00 1.222431762000000033e+00
9.535146614000000298e+00 1.648420143138569438e+00 1.267885576000000070e+00
1.034587583999999971e+01 1.477727284958505249e+00 1.324944614999999937e+00
1.108689861000000043e+01 1.259553984666482052e+00 1.387358888999999929e+00
1.167114021999999984e+01 8.613537872645550264e-01 1.451965318000000060e+00
1.167062158999999966e+01 8.618635942056670496e-01 1.452451136000000087e+00
1.108583001999999951e+01 1.259642207681725745e+00 1.384540118000000097e+00
1.034442834999999938e+01 1.477535073870674287e+00 1.319381319999999969e+00
9.533540054999999569e+00 1.648018596115884193e+00 1.263741508000000069e+00
8.683856266999999463e+00 1.877722695064353076e+00 1.223513526000000073e+00
7.747344359000000402e+00 2.152504039119419232e+00 1.213968061000000098e+00
6.650039478000000059e+00 2.426664151771514621e+00 1.217578824999999920e+00
5.581194478999999653e+00 2.505070509877024065e+00 1.175467725999999935e+00
6.409664244000000011e+00 2.203450034578633421e+00 1.274082439000000067e+00
6.779206004999999813e+00 2.321474834018390165e+00 1.263671106000000099e+00
7.706737037999999984e+00 2.270248521615125803e+00 1.298943697999999980e+00
8.685546661000000057e+00 1.877957295236333257e+00 1.335234129000000047e+00
9.434924240999999157e+00 1.342124739151260737e+00 1.391868322000000102e+00
1.002022829000000037e+01 1.061503802541688080e+00 1.456254396000000062e+00
1.075199635999999970e+01 1.414198674393429167e+00 1.382380511999999895e+00
1.143484190000000034e+01 1.215760386320179576e+00 1.411884031000000039e+00
1.186769980999999952e+01 8.883647532075124031e-01 1.458719977999999973e+00
1.186722259000000079e+01 8.891514058455425307e-01 1.455367000000000077e+00
1.143372152999999969e+01 1.216766196485554952e+00 1.403116916999999964e+00
1.075035420000000030e+01 1.415583962628252035e+00 1.370108802999999931e+00
1.001813201000000042e+01 1.060444673800566395e+00 1.450106506000000017e+00
9.433196175000000849e+00 1.342273227205336816e+00 1.397329880000000024e+00
8.683958998999999679e+00 1.878062990600974702e+00 1.343687008000000072e+00
7.705522864999999832e+00 2.270182779132945416e+00 1.301769747999999893e+00
6.778710320000000067e+00 2.321339038452576276e+00 1.252133028999999897e+00
7.554749463000000276e+00 1.935726508948306668e+00 1.329009789000000108e+00
7.909594174999999616e+00 2.108234514334636600e+00 1.340847445000000082e+00
8.718537571000000597e+00 2.099569786830174589e+00 1.370592116000000082e+00
9.535210519999999690e+00 1.647931101579715785e+00 1.425035505999999952e+00
1.001974210000000021e+01 1.058868879130500984e+00 1.478475245999999910e+00
1.067692277999999995e+01 1.802974842869530692e+00 1.312942832999999920e+00
1.148454051999999947e+01 1.609494085137122221e+00 1.361211519999999897e+00
1.213137195999999918e+01 1.365586055054039294e+00 1.420378464999999979e+00
1.252547509000000048e+01 1.152072794245791121e+00 1.476240495999999958e+00
1.252509240000000013e+01 1.152479226411954993e+00 1.471362148000000092e+00
1.213057687999999956e+01 1.366171838477471479e+00 1.410925140000000022e+00
1.148358868000000044e+01 1.610086924433473898e+00 1.351925127999999976e+00
1.067603719000000062e+01 1.803281020823061409e+00 1.307936712000000057e+00
1.001903803999999987e+01 1.063105543289941668e+00 1.491217674000000049e+00
9.533970850999999413e+00 1.648894956918977028e+00 1.432977457000000010e+00
8.717585843000000168e+00 2.099759732362905584e+00 1.366404096999999984e+00
7.909233163999999761e+00 2.108144409144403930e+00 1.319930233000000008e+00
8.559888829000000143e+00 1.643885900399818745e+00 1.391503098000000049e+00
8.908924262999999399e+00 1.867320671666101495e+00 1.416856734000000007e+00
9.651193401000000449e+00 1.923749634909398321e+00 1.438402026999999972e+00
1.034580616999999947e+01 1.476906861601749554e+00 1.485470126999999918e+00
1.075099400999999943e+01 1.414001758035000167e+00 1.396597153000000091e+00
1.148407622000000039e+01 1.609589090361506214e+00 1.364580224000000008e+00
1.222324771999999982e+01 1.433776004098453294e+00 1.406145981000000100e+00
1.279800413999999975e+01 1.173671581979236933e+00 1.468162372999999965e+00
1.313484178999999941e+01 9.685590751063480885e-01 1.534322237999999894e+00
1.313453873999999999e+01 9.688845544920898778e-01 1.528791964999999919e+00
1.279748848000000017e+01 1.174133975235233995e+00 1.460061867000000069e+00
1.222270351000000055e+01 1.434183167145960391e+00 1.401557071999999904e+00
1.148366228000000078e+01 1.609677552145424739e+00 1.368248691000000017e+00
1.075125588999999948e+01 1.413952841188968801e+00 1.418634520999999982e+00
1.034519891999999963e+01 1.478577605601387290e+00 1.495439878000000000e+00
9.650584840000000497e+00 1.924121350474882863e+00 1.426866399999999979e+00
8.908732773000000549e+00 1.867297275136374557e+00 1.385247464999999956e+00
9.346338191999999268e+00 1.300401210905873128e+00 1.455176014000000073e+00
9.698168964000000614e+00 1.596850030730739389e+00 1.489034031000000091e+00
1.043375222999999963e+01 1.746254854849103699e+00 1.506425643999999897e+00
1.108677830000000064e+01 1.258702609227991154e+00 1.556139332000000097e+00
1.143369352000000028e+01 1.215556663183430475e+00 1.467616822000000099e+00
1.213045814000000000e+01 1.365579884306810543e+00 1.439334569999999980e+00
1.279745854999999999e+01 1.173756339137167259e+00 1.474918552999999966e+00
1.326742182999999997e+01 8.877101626136596479e-01 1.532515910000000092e+00
1.350884658000000016e+01 7.111201305699256237e-01 1.588095515000000013e+00
1.350868565000000032e+01 7.112819858876998635e-01 1.583123081000000099e+00
1.326728727999999968e+01 8.879026079887989420e-01 1.528032129000000072e+00
1.279736392999999950e+01 1.173985919967135416e+00 1.477623460000000000e+00
1.213045660000000048e+01 1.365579998435048736e+00 1.455103245999999961e+00
1.143420824999999930e+01 1.214963919808932591e+00 1.507110291000000046e+00
1.108680187000000039e+01 1.260691381066677996e+00 1.578440183999999968e+00
1.043353671999999932e+01 1.746798090204622955e+00 1.488334819000000087e+00
9.698186658999999210e+00 1.596922278851273136e+00 1.445540491999999899e+00
9.799288397999999845e+00 9.599453406035211023e-01 1.501057727000000064e+00
1.015839002999999963e+01 1.353870988784985574e+00 1.540057897000000064e+00
1.093305589000000033e+01 1.604690566331390400e+00 1.558537870000000103e+00
1.167112415000000070e+01 8.606421236217626225e-01 1.639131899999999975e+00
1.186660189999999915e+01 8.881468842827181520e-01 1.574542206999999916e+00
1.252424133000000062e+01 1.151995114706562129e+00 1.525605521999999992e+00
1.313379959999999969e+01 9.689400045380472948e-01 1.560039493999999971e+00
1.350845834000000067e+01 7.119236906174521984e-01 1.603372548000000064e+00
1.366684002999999947e+01 5.784912007219267238e-01 1.620804120999999931e+00
1.366687772000000045e+01 5.783852218892682195e-01 1.618931101000000039e+00
1.350875109000000052e+01 7.114540226918484311e-01 1.606703318999999963e+00
1.313413459999999944e+01 9.686465988039124619e-01 1.575344002000000021e+00
1.252451768999999970e+01 1.151723087617829044e+00 1.559902941000000043e+00
1.186718534999999974e+01 8.866131625327761112e-01 1.646716534000000065e+00
1.167195070000000001e+01 8.637057702397169523e-01 1.704242209000000008e+00
1.093337241000000049e+01 1.605513717894437420e+00 1.536125492999999897e+00
1.015866890999999939e+01 1.354065728072621821e+00 1.486856908999999893e+00
3.101265634000000215e+00 2.240654895706296390e+00 1.062258640999999892e+00
3.963613379999999964e+00 2.748039914915247017e+00 1.355428902000000102e+00
5.334985677999999787e+00 2.620664247523158075e+00 1.516509418999999914e+00
6.464173302999999926e+00 2.493303128794895684e+00 1.481354156999999949e+00
7.485583638999999678e+00 2.289801356130558130e+00 1.437292259999999988e+00
8.458315314000000029e+00 2.051924568914359259e+00 1.424934015000000054e+00
9.357917862000000753e+00 1.829840408551684394e+00 1.442639339999999937e+00
1.011943192999999930e+01 1.634354038493738281e+00 1.485396041000000000e+00
1.060589019000000022e+01 1.487325420333151849e+00 1.531030349999999984e+00
1.060515239999999970e+01 1.487375594020101000e+00 1.519503765999999922e+00
1.011775315999999947e+01 1.634438982332820034e+00 1.459242514000000046e+00
9.355866453999999166e+00 1.829880487496987618e+00 1.409885746000000051e+00
8.456210157999999311e+00 2.051914084340435984e+00 1.388466787999999896e+00
7.483632287999999910e+00 2.289830339922234170e+00 1.398658347000000024e+00
6.462484611999999906e+00 2.493294883894322744e+00 1.441707341999999947e+00
5.333550404000000356e+00 2.620349224281974809e+00 1.476267420000000108e+00
3.962412957000000180e+00 2.747196088451409057e+00 1.316736399999999918e+00
3.962596631999999897e+00 2.747640214765203037e+00 9.749622848000000230e-01
4.373954746999999976e+00 2.624981105546330351e+00 1.244390432999999963e+00
5.526642836999999808e+00 2.556163804895672076e+00 1.504772143000000062e+00
6.651706368000000147e+00 2.426741737377409169e+00 1.462266832999999933e+00
7.707411234000000277e+00 2.270125931523625518e+00 1.396793277000000000e+00
8.719332982999999260e+00 2.099455074990953296e+00 1.365019417000000068e+00
9.651973274999999575e+00 1.923620767525632935e+00 1.375962273000000069e+00
1.043444887000000065e+01 1.746198326207864859e+00 1.422431264999999945e+00
1.093354610999999998e+01 1.604771740843982553e+00 1.474710079999999923e+00
1.093286213999999923e+01 1.604912595190649105e+00 1.465610228000000070e+00
1.043284515999999940e+01 1.746532113196241687e+00 1.402203933000000013e+00
9.649829035999999860e+00 1.924007445114542136e+00 1.350468094000000008e+00
8.716812303999999401e+00 2.099693888307752498e+00 1.335829624999999909e+00
7.704759891000000138e+00 2.270144168981671928e+00 1.364771828999999936e+00
6.649291888999999678e+00 2.426674350724805862e+00 1.428386410999999967e+00
5.524874790000000147e+00 2.555790327299270359e+00 1.468086151000000061e+00
4.373954584999999895e+00 2.624874707588591427e+00 1.201235687999999913e+00
5.333719849999999596e+00 2.620461303584219692e+00 1.074940333000000026e+00
5.525222676000000277e+00 2.555873683481636682e+00 1.083594422000000002e+00
6.052586562000000114e+00 2.370576056524583475e+00 1.310623706000000110e+00
7.199220150999999568e+00 2.258445984678596030e+00 1.353228343999999916e+00
8.285938954000000578e+00 2.127637016930965519e+00 1.321307027000000023e+00
9.304874958999999279e+00 1.972892589028742538e+00 1.314969958000000050e+00
1.023380766999999913e+01 1.787811982011649592e+00 1.339386997000000079e+00
1.102456650000000060e+01 1.570608665692975636e+00 1.388793881000000008e+00
1.155588226000000063e+01 1.316383463344869220e+00 1.444162182999999988e+00
1.155528772999999987e+01 1.316825631470969871e+00 1.438364933999999984e+00
1.102320075000000088e+01 1.571114601650736020e+00 1.375570586000000040e+00
1.023198776999999993e+01 1.788241625592940753e+00 1.322633691999999916e+00
9.302728983999999812e+00 1.973207048276685249e+00 1.297010790000000080e+00
8.283591994000000014e+00 2.127768485574364821e+00 1.304308481000000075e+00
7.196849658999999733e+00 2.258320011253822646e+00 1.339432025000000026e+00
6.051281759000000093e+00 2.392805672996413335e+00 1.000453065000000086e+00
5.525677853000000361e+00 2.556039810977260629e+00 1.078279291999999945e+00
6.462745775000000137e+00 2.493241217925498354e+00 1.212103637000000012e+00
6.650000795000000409e+00 2.426496785187069793e+00 1.161437261000000110e+00
7.197890640999999867e+00 2.258404928609303308e+00 1.088906431999999924e+00
8.048147149000000056e+00 2.028479115361993657e+00 1.222016546999999953e+00
8.976301230000000686e+00 1.774152616028437768e+00 1.326863781999999992e+00
9.869362329999999517e+00 1.550120919055245849e+00 1.378021675999999918e+00
1.068600134000000068e+01 1.291284125846520192e+00 1.423823679000000064e+00
1.136822401000000049e+01 9.304055812230657141e-01 1.483485275000000048e+00
1.180377142000000035e+01 4.765900696172380990e-01 1.547402289000000097e+00
1.180322342000000013e+01 4.776853971664823950e-01 1.544603149000000064e+00
1.136689250999999956e+01 9.312536318442640182e-01 1.473849589000000071e+00
1.068421814000000047e+01 1.291720946700685824e+00 1.411082935000000038e+00
9.867360288000000423e+00 1.550216364045131634e+00 1.367558991999999973e+00
8.974407068999999737e+00 1.774020814770216115e+00 1.324419433999999951e+00
8.046908071000000717e+00 2.028436194515853330e+00 1.232466462999999957e+00
7.197795328999999853e+00 2.258572003174497134e+00 1.104810853000000037e+00
6.650075754000000394e+00 2.426883545401289588e+00 1.166450457999999912e+00
7.484057396999999945e+00 2.289822435363156217e+00 1.299807413999999994e+00
7.705643513000000056e+00 2.270001641491786515e+00 1.241439852999999927e+00
8.284734113000000733e+00 2.127725660254238260e+00 1.198459299999999894e+00
8.975738793999999743e+00 1.774002488001333200e+00 1.264263834000000086e+00
9.596150940999999435e+00 1.264118267543156149e+00 1.398973833999999972e+00
1.020451098000000023e+01 1.103713068082265325e+00 1.529510138000000019e+00
1.087654333999999956e+01 1.057068698848709243e+00 1.512704207000000078e+00
1.142059809999999942e+01 8.037105520829972427e-01 1.513664934999999989e+00
1.171698454999999939e+01 5.897204880277799877e-01 1.512391668000000022e+00
1.171647317999999949e+01 5.904632331303854009e-01 1.504721686999999974e+00
1.141929129999999937e+01 8.049031329936267021e-01 1.494327205999999908e+00
1.087469871000000055e+01 1.058186100205645630e+00 1.489000228000000092e+00
1.020234933000000055e+01 1.103261452521427266e+00 1.514163276999999974e+00
9.594931606999999474e+00 1.264605795064370763e+00 1.408416474999999890e+00
8.975087564000000739e+00 1.774673558146493413e+00 1.282858918000000070e+00
8.284429672999999994e+00 2.128143958352910037e+00 1.213935500999999917e+00
7.705566784000000169e+00 2.270342387812871010e+00 1.247224995000000058e+00
8.456784586999999576e+00 2.052008446001557740e+00 1.368235770000000073e+00
8.717688980000000143e+00 2.099568719090818547e+00 1.317177021000000003e+00
9.303834113000000627e+00 1.973102039570399313e+00 1.296267333999999938e+00
9.868660922000000113e+00 1.549869468685347140e+00 1.348650676999999964e+00
1.020349163999999931e+01 1.102204239176951761e+00 1.411295332999999985e+00
1.073196777000000068e+01 1.505950673033027432e+00 1.424279343000000031e+00
1.140700273000000031e+01 1.317769960712683597e+00 1.464298351000000054e+00
1.192775450999999975e+01 1.115167104822496258e+00 1.503891843999999978e+00
1.221750019000000087e+01 9.662596359904451759e-01 1.536551256999999948e+00
1.221711978999999992e+01 9.666438606564835556e-01 1.528133203999999967e+00
1.192694872000000039e+01 1.115793083145853126e+00 1.485758847999999910e+00
1.140610734999999920e+01 1.318528290871243014e+00 1.445347689000000102e+00
1.073130772999999927e+01 1.506407214766928959e+00 1.412265407000000028e+00
1.020396878999999934e+01 1.105030231611405123e+00 1.434914411999999917e+00
9.868488721000000297e+00 1.551216486117202864e+00 1.370933514999999936e+00
9.303583385999999678e+00 1.973723371874970711e+00 1.309115159000000084e+00
8.717609687999999579e+00 2.099840517809786533e+00 1.318597720000000084e+00
9.356479043000000217e+00 1.829977732215534614e+00 1.432628830999999936e+00
9.650550556000000668e+00 1.923863879952280254e+00 1.394030147999999913e+00
1.023293834000000047e+01 1.788092230674660055e+00 1.383684598000000099e+00
1.068527126000000038e+01 1.290999621264376396e+00 1.437139559000000011e+00
1.087515636999999913e+01 1.056700908468375832e+00 1.457780092999999999e+00
1.140633648000000022e+01 1.317956594026362227e+00 1.468999656000000043e+00
1.200231242999999992e+01 1.213004196124048972e+00 1.501863238000000100e+00
1.245341237999999962e+01 1.070520140484970240e+00 1.543439919000000105e+00
1.269748880000000035e+01 9.731945876849106281e-01 1.582392961000000042e+00
1.269724661000000054e+01 9.733859249369338773e-01 1.574515101000000028e+00
1.245307084999999958e+01 1.070702675230371215e+00 1.529755619999999983e+00
1.200211756999999935e+01 1.213227920908118707e+00 1.492677851999999916e+00
1.140646345999999944e+01 1.317897044295176512e+00 1.472814953999999954e+00
1.087637452000000060e+01 1.057165376777814192e+00 1.492570643999999946e+00
1.068571348999999948e+01 1.292856371087847123e+00 1.466389772000000091e+00
1.023291861000000047e+01 1.788994190311506305e+00 1.393240137999999906e+00
9.650559033000000397e+00 1.924159320418289854e+00 1.387240628999999892e+00
1.011819101000000032e+01 1.634454524785414309e+00 1.497583034000000035e+00
1.043325287000000046e+01 1.746344710533961120e+00 1.469903758000000060e+00
1.102384729000000085e+01 1.570910717955946945e+00 1.461752165000000048e+00
1.136750332000000085e+01 9.303458329496386847e-01 1.533694550000000101e+00
1.141900309999999941e+01 8.037135321928775555e-01 1.549115280000000094e+00
1.192655899000000019e+01 1.115358391788322301e+00 1.542539360999999998e+00
1.245272499000000010e+01 1.070658644532123782e+00 1.560656424000000042e+00
1.282444485000000078e+01 9.964227258931118714e-01 1.586668485999999989e+00
1.301200011000000067e+01 9.534894189608588144e-01 1.613057981999999946e+00
1.301192029000000083e+01 9.534941845085527223e-01 1.606522242000000045e+00
1.282464949000000054e+01 9.961210415310540744e-01 1.580235327000000023e+00
1.245323922999999944e+01 1.070357498081965009e+00 1.564019266000000075e+00
1.192731827000000067e+01 1.114978026510642595e+00 1.564180206000000073e+00
1.142066817999999984e+01 8.026679762613360136e-01 1.608036731000000108e+00
1.136879092000000036e+01 9.324753774262508621e-01 1.581203657999999956e+00
1.102423547000000070e+01 1.572365942670807426e+00 1.468322630999999934e+00
1.043343821000000027e+01 1.746813784121273860e+00 1.452212507999999902e+00
1.060515563000000050e+01 1.487387478316369416e+00 1.550824876999999935e+00
1.093270500000000034e+01 1.604654465263847918e+00 1.529530966999999908e+00
1.155534865000000089e+01 1.316733559227381223e+00 1.519756794000000077e+00
1.180333779999999955e+01 4.778004333132422898e-01 1.638226785000000074e+00
1.171577717000000085e+01 5.898554770333556130e-01 1.640720361000000072e+00
1.221621415000000077e+01 9.663983913810288984e-01 1.615947382999999959e+00
1.269642836000000052e+01 9.734934257506902000e-01 1.622253426999999970e+00
1.301149468999999925e+01 9.537041598767831418e-01 1.629718513999999896e+00
1.315832933999999987e+01 9.410555181119979462e-01 1.631066718000000026e+00
1.315849077999999928e+01 9.408756201458821078e-01 1.628712775999999973e+00
1.301229015999999916e+01 9.528671834783203343e-01 1.635260477000000101e+00
1.269752319000000007e+01 9.725668237216045231e-01 1.641024736000000095e+00
1.221730965999999974e+01 9.657266015471090981e-01 1.656982407999999962e+00
1.171727444999999967e+01 5.873029603993359382e-01 1.730240854999999911e+00
1.180558689999999977e+01 4.783052616081234221e-01 1.723763603000000089e+00
1.155642740999999951e+01 1.319215611887206041e+00 1.524985628000000037e+00
1.093318640999999936e+01 1.605484220721419275e+00 1.501257528000000008e+00
4.568554723000000095e+00 2.123608241610973835e+00 1.116400102000000061e+00
5.190330536000000272e+00 2.476441755427089664e+00 1.274628764000000025e+00
6.464267228999999837e+00 2.493257044064798311e+00 1.481927876000000088e+00
7.643197574000000216e+00 2.196615152728193632e+00 1.560296391999999921e+00
8.578266306999999813e+00 1.915555370589154816e+00 1.559435691000000013e+00
9.386301548000000494e+00 1.639386125755293522e+00 1.542469998999999925e+00
1.015350147999999919e+01 1.453298285332106587e+00 1.521405080000000076e+00
1.090025454999999965e+01 1.365629223506962253e+00 1.526334190000000035e+00
1.155156269000000080e+01 1.378060140298110525e+00 1.593701119000000110e+00
1.155047979999999974e+01 1.378718897450007530e+00 1.567330335999999935e+00
1.089901631999999942e+01 1.367274795544559218e+00 1.494457514999999903e+00
1.015213301000000001e+01 1.454980062714449129e+00 1.485591659000000009e+00
9.384917059999999367e+00 1.640711766000389815e+00 1.502884741999999996e+00
8.576962231999999631e+00 1.916571359220935022e+00 1.518392747999999903e+00
7.641819854000000412e+00 2.197120586445547197e+00 1.518729121000000015e+00
6.462641897000000135e+00 2.493226948509638774e+00 1.440193741999999943e+00
5.188941954999999773e+00 2.475469702563509955e+00 1.240712741999999924e+00
5.189338313000000369e+00 2.475889585663848536e+00 1.035798124000000042e+00
5.581128314999999951e+00 2.504918452327936862e+00 1.199685898999999889e+00
6.650805399000000229e+00 2.426718184083043628e+00 1.467626861999999921e+00
7.748576346000000115e+00 2.152357227060631484e+00 1.559349934999999965e+00
8.685492351000000610e+00 1.877525719698950990e+00 1.547683133000000044e+00
9.535462064000000737e+00 1.647874657047160296e+00 1.498716560000000086e+00
1.034626686000000007e+01 1.477011374760692330e+00 1.460167505999999893e+00
1.108730948000000005e+01 1.258872964812772999e+00 1.481791190999999897e+00
1.167169600000000074e+01 8.609419281672103796e-01 1.565107183999999929e+00
1.167088745999999944e+01 8.631108302327538118e-01 1.546933067999999967e+00
1.108604056000000071e+01 1.260709741970676090e+00 1.457784235000000095e+00
1.034453809000000035e+01 1.478744700152349267e+00 1.432307194999999922e+00
9.533403816999999947e+00 1.649033327874473764e+00 1.465536774000000042e+00
8.683509872000000129e+00 1.878359388380294703e+00 1.510276793999999922e+00
7.746874576999999817e+00 2.152826641061881041e+00 1.518891090999999971e+00
6.649492491000000172e+00 2.426616610113727202e+00 1.423352458000000098e+00
5.581020339000000163e+00 2.504867612721904280e+00 1.157404125000000006e+00
6.462908466000000018e+00 2.493222852726034056e+00 1.035562115000000061e+00
6.649615848999999912e+00 2.426632174447156398e+00 1.101890739999999980e+00
7.197052146999999955e+00 2.258202200306590690e+00 1.353445138000000103e+00
8.047768269000000529e+00 2.028146281938622231e+00 1.559091014999999913e+00
8.976271326000000883e+00 1.773903845185911266e+00 1.518571512999999928e+00
9.869400986000000486e+00 1.549802033105600607e+00 1.453183926999999986e+00
1.068600018000000063e+01 1.290933764652250071e+00 1.432113143000000033e+00
1.136820243000000019e+01 9.302577744193354370e-01 1.466606861000000039e+00
1.180391024000000044e+01 4.769340050050512314e-01 1.544002666999999995e+00
1.180365499000000007e+01 4.767388981336535547e-01 1.538061482999999896e+00
1.136735713000000025e+01 9.315010888704442493e-01 1.453521384000000083e+00
1.068456918000000044e+01 1.292361243322117881e+00 1.414347578000000105e+00
9.867442137999999474e+00 1.551016313397649116e+00 1.430846528000000006e+00
8.974005089000000268e+00 1.774635677037594839e+00 1.490456312999999922e+00
8.045919509999999164e+00 2.028605697882083891e+00 1.521369023000000098e+00
7.197101735999999583e+00 2.258432302410393611e+00 1.311540469000000098e+00
6.650284787000000364e+00 2.426732011957156043e+00 1.082251513999999970e+00
7.641874149999999588e+00 2.196979508924163049e+00 1.168256372999999959e+00
7.747033906999999608e+00 2.152607903049528648e+00 1.175003958000000015e+00
8.046202919000000620e+00 2.028318236872162394e+00 1.194337452999999938e+00
8.497772751999999485e+00 1.838390194846564407e+00 1.417072392999999986e+00
9.378671943000000510e+00 1.566566209502581630e+00 1.486196579000000018e+00
1.018981514000000033e+01 1.264577709621514945e+00 1.488983782000000033e+00
1.088827610000000057e+01 9.507241927790325287e-01 1.502293918999999978e+00
1.142532955999999977e+01 6.880055096579088536e-01 1.531361541000000104e+00
1.173007016000000036e+01 5.922363723905937904e-01 1.559228617999999900e+00
1.172976627999999977e+01 5.922921489560589725e-01 1.554991908000000089e+00
1.142445642000000028e+01 6.885294407264669347e-01 1.520344099999999976e+00
1.088689772999999938e+01 9.516099368052912677e-01 1.487705693999999967e+00
1.018799981999999993e+01 1.265459972157554569e+00 1.473672410999999904e+00
9.376536563000000157e+00 1.567213910188681947e+00 1.472195700999999968e+00
8.496905035999999356e+00 1.845156623710404897e+00 1.144784524000000081e+00
8.047148388000000097e+00 2.028679724450837885e+00 1.189039192000000078e+00
7.747585480999999774e+00 2.152814778741269919e+00 1.172740448000000102e+00
8.577039990999999475e+00 1.916345619945851286e+00 1.307294257999999987e+00
8.683829941000000829e+00 1.878024599333013800e+00 1.276086837000000029e+00
8.974612472000000452e+00 1.774436998730759329e+00 1.228543621999999891e+00
9.377437308999999388e+00 1.567012740186256137e+00 1.240142099000000053e+00
9.838976760999999627e+00 1.135769461788175061e+00 1.417304828000000017e+00
1.039341233999999936e+01 9.182581041812942768e-01 1.607224071000000087e+00
1.092066377999999993e+01 7.310325323276654075e-01 1.604505084999999998e+00
1.132373566999999959e+01 5.915004764367650658e-01 1.583214423000000037e+00
1.155395657000000043e+01 4.819507399031554007e-01 1.560214025000000060e+00
1.155345853999999939e+01 4.824807271615047521e-01 1.547173232000000009e+00
1.132265414999999997e+01 5.919265386558419939e-01 1.554962469999999986e+00
1.091922931000000041e+01 7.318013418246231971e-01 1.572988900999999995e+00
1.039161642999999913e+01 9.188723394639229936e-01 1.583736531000000003e+00
9.838201589000000524e+00 1.136480788849828727e+00 1.428944298000000002e+00
9.377994754999999572e+00 1.567531110862881771e+00 1.265531739000000044e+00
8.975286941000000240e+00 1.774854606480634533e+00 1.248184262000000100e+00
8.684228645999999330e+00 1.878435704608650836e+00 1.285979514000000101e+00
9.385204256999999828e+00 1.640605596193477567e+00 1.409323115000000071e+00
9.533894605000000411e+00 1.648784659390812424e+00 1.355236568999999891e+00
9.868150314999999395e+00 1.550863582009917474e+00 1.317138683000000032e+00
1.018884858999999921e+01 1.265149601094966769e+00 1.353970574000000093e+00
1.039227441999999968e+01 9.178376892311671531e-01 1.419896671999999915e+00
1.076770798000000084e+01 1.073984506852500020e+00 1.536937967000000071e+00
1.125228369999999956e+01 9.589251907286496790e-01 1.563702249000000100e+00
1.163068232000000002e+01 8.843913335332749259e-01 1.579686770999999990e+00
1.185195140999999985e+01 8.182215089941221597e-01 1.593874916000000086e+00
1.185163754000000047e+01 8.183971362271023064e-01 1.582143599999999983e+00
1.163021896999999960e+01 8.844120233656808105e-01 1.555587744000000106e+00
1.125198858999999985e+01 9.592757691034482503e-01 1.537448308999999957e+00
1.076782992999999955e+01 1.074416998168523874e+00 1.516901966000000046e+00
1.039371236999999937e+01 9.199488835362331640e-01 1.450059693999999899e+00
1.018962108000000022e+01 1.266100504915502301e+00 1.389229553000000061e+00
9.868654786000000456e+00 1.551314070173045456e+00 1.347593103999999986e+00
9.534215391000000039e+00 1.649159869126946676e+00 1.373239091000000078e+00
1.015260971999999917e+01 1.454813372231256619e+00 1.477570218999999963e+00
1.034505799999999986e+01 1.478442310236070867e+00 1.423246999999999929e+00
1.068525812000000030e+01 1.292221384782171967e+00 1.410137232999999934e+00
1.088760633000000055e+01 9.512837112025062103e-01 1.457531289999999924e+00
1.091935332000000081e+01 7.307260780213150619e-01 1.508674725999999966e+00
1.125163354000000027e+01 9.589933694500941685e-01 1.564883532000000077e+00
1.165848210999999957e+01 9.724110713559588337e-01 1.586109417000000077e+00
1.197128533999999966e+01 9.860663644188296661e-01 1.603247780000000011e+00
1.214902312999999978e+01 9.875818288933299050e-01 1.619348377999999977e+00
1.214887987000000003e+01 9.875435292945392574e-01 1.609756149000000081e+00
1.197135600999999916e+01 9.856940030202068215e-01 1.586637548999999980e+00
1.165899418999999959e+01 9.720768156799198811e-01 1.572632644000000024e+00
1.125265820999999988e+01 9.586556533983029427e-01 1.563602466000000080e+00
1.092157517999999961e+01 7.313725383645988121e-01 1.548844992999999892e+00
1.088889215999999927e+01 9.524307506490781172e-01 1.502667626000000034e+00
1.068586600000000075e+01 1.292933117880881388e+00 1.444208264000000019e+00
1.034535623999999920e+01 1.478717494320784587e+00 1.441791000999999905e+00
1.089945870999999933e+01 1.366843114694943351e+00 1.534191214000000025e+00
1.108642320999999953e+01 1.260287401710082245e+00 1.501454550000000054e+00
1.136791471999999992e+01 9.312310193774537836e-01 1.501702289000000023e+00
1.142493943000000023e+01 6.883866642003469982e-01 1.543378378999999967e+00
1.132231014999999985e+01 5.910373140686631110e-01 1.583355427000000093e+00
1.162959236999999924e+01 8.841686151093076651e-01 1.613459232000000076e+00
1.197071447999999982e+01 9.858073297412146552e-01 1.619953570999999926e+00
1.221992370000000072e+01 1.057732118455754655e+00 1.624327258000000107e+00
1.235493785000000067e+01 1.092313523210552306e+00 1.630446376000000086e+00
1.235496164000000086e+01 1.092200804754031473e+00 1.623207609000000051e+00
1.222056596000000006e+01 1.057192060817951251e+00 1.616591002000000055e+00
1.197199499000000067e+01 9.851067347184002676e-01 1.619999431999999961e+00
1.163131139999999952e+01 8.835089104833753204e-01 1.629383951999999969e+00
1.132500332999999948e+01 5.900753860696437147e-01 1.642229268999999992e+00
1.142698369999999919e+01 6.890107955090952752e-01 1.599055780000000038e+00
1.136894964000000030e+01 9.324984134688735216e-01 1.533724019999999966e+00
1.108685932999999935e+01 1.260889460646650084e+00 1.512802181999999940e+00
1.155071758000000059e+01 1.378687951861742977e+00 1.605107048999999897e+00
1.167080570000000073e+01 8.621485644867548093e-01 1.595601964999999955e+00
1.180376547999999914e+01 4.764019303058968924e-01 1.588590716999999986e+00
1.172994684000000021e+01 5.923963789675089631e-01 1.597697920999999965e+00
1.155309092999999976e+01 4.813087037204643592e-01 1.640528975999999917e+00
1.185098533999999937e+01 8.175712944893567258e-01 1.658682476999999933e+00
1.214836194999999996e+01 9.867483844414413063e-01 1.654102573000000076e+00
1.235479182000000087e+01 1.091490562707207124e+00 1.646468472000000016e+00
1.245879887000000075e+01 1.136783118135885617e+00 1.638415603000000109e+00
1.245909316000000011e+01 1.136624695611956115e+00 1.635889874999999938e+00
1.235610692000000022e+01 1.090679155125865218e+00 1.650757778000000009e+00
1.215033662999999997e+01 9.855049081096008967e-01 1.668925481999999905e+00
1.185316547000000043e+01 8.163234459085819683e-01 1.692167422000000032e+00
1.155559316999999986e+01 4.788993104674421630e-01 1.722433384999999983e+00
1.173278883999999955e+01 5.920228409546032244e-01 1.661993379999999965e+00
1.180574896999999979e+01 4.781315896779744778e-01 1.609137837000000015e+00
1.167188123000000033e+01 8.643032018151823870e-01 1.595846402000000053e+00
5.939736836999999881e+00 1.953623837887335624e+00 1.172760822999999952e+00
6.410784397999999662e+00 2.204093365531027970e+00 1.265799852000000003e+00
7.485688161999999757e+00 2.289886917113023390e+00 1.441148542999999949e+00
8.578375594000000604e+00 1.915574429656747846e+00 1.562514342999999917e+00
9.377448755999999719e+00 1.367381444105459920e+00 1.614095810000000020e+00
9.938361658999999904e+00 9.531815954219334808e-01 1.589339695000000052e+00
1.067846950999999933e+01 1.632840859944518108e+00 1.296989221000000025e+00
1.143453723000000011e+01 1.450173196403256037e+00 1.348247932000000038e+00
1.198298390000000069e+01 1.031735721864845301e+00 1.417088673000000076e+00
1.198310573000000012e+01 1.031824768916361768e+00 1.407631679999999941e+00
1.143478245999999920e+01 1.450208698315746503e+00 1.333976637999999992e+00
1.067884721000000070e+01 1.632919261608352546e+00 1.279904307000000019e+00
9.938531349999999875e+00 9.550275876536283848e-01 1.557064750999999969e+00
9.377061751999999473e+00 1.368998515282308093e+00 1.574248671000000099e+00
8.577135414000000679e+00 1.916572411912148111e+00 1.519665516999999966e+00
7.483832401999999995e+00 2.289905300395110199e+00 1.399778058999999963e+00
6.409315538000000423e+00 2.203131496180755988e+00 1.236710326000000082e+00
6.409858297000000427e+00 2.203514450449400197e+00 1.103560169000000091e+00
6.778780396000000152e+00 2.321337598700717653e+00 1.204291881999999925e+00
7.706121279999999629e+00 2.269861712779885021e+00 1.406427902999999979e+00
8.684725840000000474e+00 1.877308160687754190e+00 1.552846654999999965e+00
9.434061984999999595e+00 1.341348258821566830e+00 1.615428811999999992e+00
1.001982798000000052e+01 1.062404907969463297e+00 1.534606225999999962e+00
1.075168309000000022e+01 1.413658371970036187e+00 1.320428702999999926e+00
1.143453330000000001e+01 1.215588972053593286e+00 1.374868242000000018e+00
1.186770534000000055e+01 8.882623161749181318e-01 1.475298800000000021e+00
1.186786958000000070e+01 8.880953937968978362e-01 1.470685411999999914e+00
1.143473438999999914e+01 1.216063139724393949e+00 1.365263791999999921e+00
1.075160134999999961e+01 1.415351817685537528e+00 1.307689426000000044e+00
1.001899178999999940e+01 1.062955539995629417e+00 1.509075098999999920e+00
9.433358577999999994e+00 1.342920698035764415e+00 1.575797915000000105e+00
8.683750489999999544e+00 1.878416609777668000e+00 1.508141742999999924e+00
7.705057766000000363e+00 2.270224081567464136e+00 1.360670918999999923e+00
6.778506646000000302e+00 2.321220274047374410e+00 1.167260549999999952e+00
7.484292320999999859e+00 2.289853213196475501e+00 1.071232058999999959e+00
7.705259437999999683e+00 2.270057750754233883e+00 1.141792659999999904e+00
8.283806592999999552e+00 2.127675129954432087e+00 1.329854987000000044e+00
8.974703329000000451e+00 1.773560380460706964e+00 1.522875159999999894e+00
9.595363658000000129e+00 1.263603736799926658e+00 1.620567252000000069e+00
1.020429977000000044e+01 1.104260208316993230e+00 1.480365731000000018e+00
1.087631374000000051e+01 1.056985270429979362e+00 1.371859726999999918e+00
1.142037215000000039e+01 8.038767152425587703e-01 1.428845935000000011e+00
1.171715956999999975e+01 5.897293733710615715e-01 1.525135844000000018e+00
1.171738067999999977e+01 5.892748454318671447e-01 1.525249650999999984e+00
1.142065125999999964e+01 8.042926828078418300e-01 1.427541646000000108e+00
1.087616341000000020e+01 1.058569684169887726e+00 1.367311774000000035e+00
1.020324762000000085e+01 1.105953039616291544e+00 1.464648973999999937e+00
9.594455351000000576e+00 1.265039302565914348e+00 1.581235622999999979e+00
8.974348908999999708e+00 1.774853961824633286e+00 1.475398632999999959e+00
8.283994390000000152e+00 2.127972236443243403e+00 1.284240792999999936e+00
7.705740804999999582e+00 2.270119448259483530e+00 1.113125444000000019e+00
8.577191662000000605e+00 1.916302921673493254e+00 1.167540602000000094e+00
8.683670313000000363e+00 1.878073697305725487e+00 1.207299200000000017e+00
8.973997961000000245e+00 1.774340659667215325e+00 1.313012373999999927e+00
9.376485959000000037e+00 1.566773363280423270e+00 1.474223988000000096e+00
9.838214124000000282e+00 1.135447114763755705e+00 1.632452567999999937e+00
1.039345926999999925e+01 9.190504095327737266e-01 1.501926877000000049e+00
1.092078801000000077e+01 7.311513638060144205e-01 1.459159717999999994e+00
1.132387252999999916e+01 5.914158067540331576e-01 1.501659674000000111e+00
1.155441176000000070e+01 4.818496578138486974e-01 1.575573585999999970e+00
1.155456198000000079e+01 4.818536779993734531e-01 1.577800719000000074e+00
1.132404726999999944e+01 5.920950314478126142e-01 1.505754057000000090e+00
1.092054139999999940e+01 7.326109501107818112e-01 1.460734275000000082e+00
1.039240612999999946e+01 9.208851328994401841e-01 1.493976286000000098e+00
9.837239668000000492e+00 1.136692949789262830e+00 1.592960480999999984e+00
9.377039937999999353e+00 1.567551114764423881e+00 1.431267733999999958e+00
8.974938630000000472e+00 1.774428377899781806e+00 1.282215290999999979e+00
8.684328051999999687e+00 1.878164858842076068e+00 1.191371638999999982e+00
9.376849787999999464e+00 1.368791161026840841e+00 1.334273494999999921e+00
9.433150919999999218e+00 1.342580426822501893e+00 1.337749411000000110e+00
9.594281238000000656e+00 1.264617196776909536e+00 1.349503120999999917e+00
9.837126395000000301e+00 1.136220974962852681e+00 1.372651094999999932e+00
1.013185011999999929e+01 9.598491416391126130e-01 1.533453828000000074e+00
1.052262907999999975e+01 5.588825677414571702e-01 1.622908687000000016e+00
1.081554277000000042e+01 4.166863233724192872e-01 1.628500929000000097e+00
1.100420815999999924e+01 5.739488321524218728e-01 1.626966770999999978e+00
1.114267367000000064e+01 2.915446959252055992e-01 1.741760132000000016e+00
1.114289194000000016e+01 2.907649048584812213e-01 1.738371424999999970e+00
1.100384208000000008e+01 5.744002446167345566e-01 1.616900243999999986e+00
1.081483891999999969e+01 4.168906098204423483e-01 1.614284054000000079e+00
1.052152515999999949e+01 5.598111190618512145e-01 1.607344091999999947e+00
1.013200812999999911e+01 9.610948520513860061e-01 1.375684442000000063e+00
9.838788182000000049e+00 1.136893265258876795e+00 1.371415389000000040e+00
9.595564312000000484e+00 1.265128871479952677e+00 1.349115207999999955e+00
9.433850964999999533e+00 1.342858917116475093e+00 1.337700716000000067e+00
9.938497951000000441e+00 9.555107450028118565e-01 1.465514012000000088e+00
1.001910235999999976e+01 1.063554682788589556e+00 1.404915735000000110e+00
1.020365546999999928e+01 1.106484508183978921e+00 1.377522256000000000e+00
1.039299388000000057e+01 9.209305022949706432e-01 1.419684640000000053e+00
1.052194779999999952e+01 5.594162828606058513e-01 1.471536308999999987e+00
1.075222619000000002e+01 5.978537788808829800e-01 1.610331410999999990e+00
1.101216653000000001e+01 6.515524733085522602e-01 1.622432190999999913e+00
1.120557800999999998e+01 8.411754194874341284e-01 1.633041455000000086e+00
1.130991492999999970e+01 1.030445582056204845e+00 1.645319836000000091e+00
1.130999762999999980e+01 1.029625753708853564e+00 1.638277833999999933e+00
1.120593342999999997e+01 8.397064343875378922e-01 1.615031568999999889e+00
1.101286132999999978e+01 6.506401300861276438e-01 1.597825987000000003e+00
1.075327577000000012e+01 5.979946114889544972e-01 1.583787520000000004e+00
1.052357205999999934e+01 5.603301376208401630e-01 1.509615858999999949e+00
1.039378952999999939e+01 9.191763069886043080e-01 1.463282449999999901e+00
1.020430336000000082e+01 1.104136124903675631e+00 1.421727957999999958e+00
1.001960294000000040e+01 1.062177694444076614e+00 1.437711949000000100e+00
1.067848840000000088e+01 1.632103918841727674e+00 1.384133958999999914e+00
1.075153880999999956e+01 1.414526030744279517e+00 1.405116835999999925e+00
1.087646379000000074e+01 1.057901875643529221e+00 1.470119517999999958e+00
1.092095250999999934e+01 7.319265671628699677e-01 1.540960074000000013e+00
1.081507372999999994e+01 4.168893029913142145e-01 1.561034993000000037e+00
1.101195741999999989e+01 6.510163816229103118e-01 1.634490323000000078e+00
1.123789219999999922e+01 7.783756757757606115e-01 1.636899051000000105e+00
1.139954394999999998e+01 9.529589361938942682e-01 1.637897699999999901e+00
1.147788105999999964e+01 1.120024749293062172e+00 1.640062216000000017e+00
1.147802657999999987e+01 1.119482143427715792e+00 1.634365099999999904e+00
1.140015735999999968e+01 9.521383273086168053e-01 1.624014169999999924e+00
1.123909905999999914e+01 7.777216050011354076e-01 1.619995097000000106e+00
1.101364109000000013e+01 6.509044616130411631e-01 1.619233383999999942e+00
1.081732092000000023e+01 4.172655451546568028e-01 1.613438967000000002e+00
1.092140576000000074e+01 7.309275960082921575e-01 1.581407133999999992e+00
1.087642632999999925e+01 1.056739761595940186e+00 1.507306178999999968e+00
1.075131303000000038e+01 1.413543948734676148e+00 1.431201103999999891e+00
1.143433259000000035e+01 1.449816563942158520e+00 1.436582816999999901e+00
1.143439105000000033e+01 1.215265630447040390e+00 1.483174081000000033e+00
1.142052815000000088e+01 8.028870939377530380e-01 1.567611950000000087e+00
1.132400673999999974e+01 5.907485592944312636e-01 1.632499587999999946e+00
1.100388798000000001e+01 5.740330539295147583e-01 1.618252939000000001e+00
1.120538445999999944e+01 8.397747193492146600e-01 1.669739155999999891e+00
1.139956733000000000e+01 9.519273529152579849e-01 1.658906078000000006e+00
1.153967105999999987e+01 1.055729094130209988e+00 1.647083180000000091e+00
1.160391530000000060e+01 1.170799870583865365e+00 1.636008179999999923e+00
1.160412613999999998e+01 1.170476199337899148e+00 1.631464116000000075e+00
1.154068056000000020e+01 1.055292839758016354e+00 1.637933263999999944e+00
1.140144008999999947e+01 9.513339862142357051e-01 1.649970359999999969e+00
1.120775631000000061e+01 8.395327372128565946e-01 1.662680654999999952e+00
1.100672830000000069e+01 5.741298747458098983e-01 1.678829018000000062e+00
1.132464479999999973e+01 5.899497418634631618e-01 1.652976361999999977e+00
1.142061847000000085e+01 8.024100246474754616e-01 1.585315414000000089e+00
1.143422756999999912e+01 1.215037585852644098e+00 1.494273766000000059e+00
1.198242016999999926e+01 1.030967188410612190e+00 1.492642272000000103e+00
1.186698411999999969e+01 8.874630019111472423e-01 1.573619496999999923e+00
1.171640608999999955e+01 5.882315457062190500e-01 1.649579700999999954e+00
1.155359316999999919e+01 4.803497385835432953e-01 1.694523591000000051e+00
1.114221372999999993e+01 2.908863600141254890e-01 1.862345791000000084e+00
1.131010342000000080e+01 1.029273235303051370e+00 1.700823293000000014e+00
1.147832501999999977e+01 1.118822400672903949e+00 1.682479942999999922e+00
1.160468834999999999e+01 1.169603161265768021e+00 1.667536075999999978e+00
1.167027170999999974e+01 1.199408531560452129e+00 1.645599413000000011e+00
1.167066669999999995e+01 1.199338993831841282e+00 1.642801721999999964e+00
1.160634622000000071e+01 1.169216305135414524e+00 1.665390069999999945e+00
1.148089992999999964e+01 1.118307647056245191e+00 1.681134252000000107e+00
1.131314064000000030e+01 1.028730654611593742e+00 1.699738364999999973e+00
1.114456541999999928e+01 2.909525811459883204e-01 1.793088921000000058e+00
1.155507197000000019e+01 4.793907852425215999e-01 1.684409652000000035e+00
1.171711905999999992e+01 5.874014144585376629e-01 1.642828388999999945e+00
1.186718529999999916e+01 8.868984972935683997e-01 1.569067030999999890e+00
7.177014114000000333e+00 1.722291684522625710e+00 1.238466719000000049e+00
7.555768218999999952e+00 1.936341943059638027e+00 1.300361204999999964e+00
8.458421256999999471e+00 2.052122049297959716e+00 1.435700447000000102e+00
9.386494696999999832e+00 1.639472691783575353e+00 1.552565836999999949e+00
9.938405065999999621e+00 9.526364871960878444e-01 1.599437098999999973e+00
1.065002999000000017e+01 1.907750720568778702e+00 1.209974470999999996e+00
1.150577348000000022e+01 1.722606456260129759e+00 1.262023463000000012e+00
1.221142384999999919e+01 1.478166635412649699e+00 1.333251796999999961e+00
1.269386017999999972e+01 1.204021634642737704e+00 1.402071180000000084e+00
1.269400216000000015e+01 1.203934183208980047e+00 1.396336462000000056e+00
1.221163710000000080e+01 1.478052194633183936e+00 1.322692433000000056e+00
1.150606997000000042e+01 1.722366043147687487e+00 1.248357490999999930e+00
1.065046120000000052e+01 1.907420454126845799e+00 1.194225826999999907e+00
9.938654762000000531e+00 9.545908019356598162e-01 1.565504417999999953e+00
9.385217711999999324e+00 1.640792504893602954e+00 1.510279702000000057e+00
8.456423094999999890e+00 2.052112441120611308e+00 1.396713163999999896e+00
7.554313985000000287e+00 1.935497324135307284e+00 1.275698859000000018e+00
7.554911092000000217e+00 1.935780846493502683e+00 1.173917853999999927e+00
7.909417827000000401e+00 2.108244515280821574e+00 1.241977973000000013e+00
8.718081122999999266e+00 2.099269793496042258e+00 1.379571134999999948e+00
9.534225772999999293e+00 1.647302349191202220e+00 1.510417974000000108e+00
1.001813577999999971e+01 1.058297656253530006e+00 1.545499202000000016e+00
1.067634390999999994e+01 1.803175215136856746e+00 1.227136127999999937e+00
1.148405121999999956e+01 1.609569093556715291e+00 1.286693826999999901e+00
1.213096196999999954e+01 1.365685566947736351e+00 1.373092116999999890e+00
1.252531169999999960e+01 1.152083275389669703e+00 1.472986506000000029e+00
1.252544619000000026e+01 1.152024512482925811e+00 1.468792397000000083e+00
1.213122502999999952e+01 1.365669113475404206e+00 1.363948101999999940e+00
1.148439903999999956e+01 1.609579473149362672e+00 1.274811810999999961e+00
1.067694232999999926e+01 1.802893799929235374e+00 1.213523703999999981e+00
1.001933649999999965e+01 1.063129545040260249e+00 1.509744694999999970e+00
9.533856697999999241e+00 1.649229372193115717e+00 1.466118798999999973e+00
8.717163031000000117e+00 2.099894372357162364e+00 1.336984213999999893e+00
7.909001355000000011e+00 2.108068704195974252e+00 1.210965169000000063e+00
8.457025494999999893e+00 2.052035947952429495e+00 1.134088407999999992e+00
8.717492705999999814e+00 2.099637096350504883e+00 1.197759167999999930e+00
9.303159250000000213e+00 1.973185855130142663e+00 1.328735382999999937e+00
9.867553293000000281e+00 1.549903719271614744e+00 1.461944460000000001e+00
1.020207809000000054e+01 1.102800402759898768e+00 1.484872447999999956e+00
1.073166845000000080e+01 1.506140043733129152e+00 1.284665861999999992e+00
1.140674079999999968e+01 1.317710165098247010e+00 1.355537683999999965e+00
1.192751572000000060e+01 1.115113517173923485e+00 1.449579796999999948e+00
1.221751229999999921e+01 9.661255738371615776e-01 1.544007071000000009e+00
1.221764399999999995e+01 9.660807398052728701e-01 1.542163343999999991e+00
1.192782547999999920e+01 1.115139101972253854e+00 1.445140690999999977e+00
1.140715319000000072e+01 1.317906314685616254e+00 1.349730107000000068e+00
1.073239447999999996e+01 1.505987946902072272e+00 1.278004418999999947e+00
1.020380792999999997e+01 1.106241329828912434e+00 1.450554708000000081e+00
9.868074002000000178e+00 1.551376171479508237e+00 1.416365939000000074e+00
9.303251825000000252e+00 1.973551124393188028e+00 1.283815664000000023e+00
8.717656102999999490e+00 2.099571950302214329e+00 1.165857149000000037e+00
9.385390302999999435e+00 1.640370115971334641e+00 1.210780090000000087e+00
9.533745675000000475e+00 1.648651436571909823e+00 1.266079227999999945e+00
9.867520947999999237e+00 1.550889195879158411e+00 1.376532692999999918e+00
1.018788218999999984e+01 1.265354512131238396e+00 1.483251725999999993e+00
1.039129080999999921e+01 9.190010481586082802e-01 1.490939876000000108e+00
1.076799620999999973e+01 1.074077231267352328e+00 1.380878191000000088e+00
1.125253106000000081e+01 9.585782042636417088e-01 1.453184677999999952e+00
1.163084115999999923e+01 8.839611525469700526e-01 1.533397507999999965e+00
1.185225437000000070e+01 8.178287590787748362e-01 1.608165078999999942e+00
1.185241047000000059e+01 8.177816057324642784e-01 1.610321509999999900e+00
1.163126388999999961e+01 8.839084833963450905e-01 1.537684577999999913e+00
1.125313150000000029e+01 9.587734614521199461e-01 1.458269116000000087e+00
1.076894011999999989e+01 1.074077929413986165e+00 1.386307570999999905e+00
1.039317411000000035e+01 9.212846083346215575e-01 1.460205398999999904e+00
1.018883516000000000e+01 1.265944286650280581e+00 1.438008087000000046e+00
9.868142440999999820e+00 1.550686562459300699e+00 1.331967640000000008e+00
9.534178282999999254e+00 1.648500929141494709e+00 1.235834276999999926e+00
9.938204611999999827e+00 9.529780327245153115e-01 1.380362706000000106e+00
1.001858172000000025e+01 1.061498004928624450e+00 1.426707047000000061e+00
1.020276609999999984e+01 1.105465586288219448e+00 1.508273066999999967e+00
1.039190325000000037e+01 9.205909667861114087e-01 1.585906598000000001e+00
1.052094117000000040e+01 5.594825074812997956e-01 1.590220820999999951e+00
1.075305752000000048e+01 5.977886912350011128e-01 1.490264280999999968e+00
1.101287547999999994e+01 6.511563971061684608e-01 1.565691047999999919e+00
1.120615341000000065e+01 8.407483116835332559e-01 1.658299712999999898e+00
1.131051614999999977e+01 1.030257720457602222e+00 1.744773812999999896e+00
1.131080943000000083e+01 1.029891144886071253e+00 1.750635858999999961e+00
1.120693602999999960e+01 8.399411982107110042e-01 1.672724864999999950e+00
1.101396594000000029e+01 6.505824315552301007e-01 1.584737448999999909e+00
1.075438972999999976e+01 5.977891485537650818e-01 1.511818252999999945e+00
1.052241433999999920e+01 5.602489517141491238e-01 1.550020925000000105e+00
1.039247233000000037e+01 9.185165979983693774e-01 1.533053814000000070e+00
1.020324362000000029e+01 1.102686484524773469e+00 1.455759921000000068e+00
1.001900425000000006e+01 1.059702488540704479e+00 1.388741363000000062e+00
1.064987155999999935e+01 1.907926250996090145e+00 1.312881857000000041e+00
1.067651741000000065e+01 1.803167300427900521e+00 1.363109617000000107e+00
1.073212861999999923e+01 1.505901872264897801e+00 1.476137647000000053e+00
1.076853035999999975e+01 1.073641532288450717e+00 1.590425079000000075e+00
1.075348042999999976e+01 5.973213096563475544e-01 1.666342753999999982e+00
1.068759945999999950e+01 1.904255947078712652e-01 1.655479391000000078e+00
1.075705242999999989e+01 2.087738746238159415e-01 1.647635334000000062e+00
1.072604454000000018e+01 4.614065867063868454e-01 1.759458254000000110e+00
1.066826350000000012e+01 6.299780183472454276e-01 1.833016382000000055e+00
1.066903811000000069e+01 6.298736185355380268e-01 1.838950609000000069e+00
1.072804402000000046e+01 4.608780249295730269e-01 1.775570711000000079e+00
1.075951562000000017e+01 2.081187339201736042e-01 1.666431948000000052e+00
1.068900853000000062e+01 1.894091362534900125e-01 1.607899916000000040e+00
1.075281090000000006e+01 5.981659105328034354e-01 1.651247845999999964e+00
1.076764941000000064e+01 1.074556832204309087e+00 1.576791551999999985e+00
1.073125341999999982e+01 1.506607505494775845e+00 1.465325900999999931e+00
1.067596327999999950e+01 1.803521959989609291e+00 1.356944071000000029e+00
1.150565442000000083e+01 1.722805022471083580e+00 1.365788403000000040e+00
1.148408809000000019e+01 1.609676784214223666e+00 1.415222065999999890e+00
1.140692935999999946e+01 1.317524159314533483e+00 1.524209823999999935e+00
1.125271232999999960e+01 9.582195081689023342e-01 1.631163850000000082e+00
1.101301499000000028e+01 6.507696423312703260e-01 1.721307936000000094e+00
1.075758358999999942e+01 2.086823250714219535e-01 1.778518070000000062e+00
1.079748773000000028e+01 6.479439715697590252e-01 1.659353958999999934e+00
1.078184715000000082e+01 9.373572258434051951e-01 1.656054330999999991e+00
1.072084208999999966e+01 1.133572985921071030e+00 1.659395430000000005e+00
1.072131206999999975e+01 1.133275040348619589e+00 1.659931816999999921e+00
1.078309138999999917e+01 9.364698397820961917e-01 1.653701595000000024e+00
1.079912007000000074e+01 6.476219323722677279e-01 1.640904578000000003e+00
1.075826349999999998e+01 2.086635813420319729e-01 1.714686866000000087e+00
1.101301461999999987e+01 6.512679857609681155e-01 1.706193652999999921e+00
1.125241326999999991e+01 9.589622395039902880e-01 1.626796276999999957e+00
1.140645611999999964e+01 1.318207794953322853e+00 1.522298882999999936e+00
1.148371685000000042e+01 1.610052530240468238e+00 1.414067257999999994e+00
1.221126993999999932e+01 1.478398876267785989e+00 1.421443237000000082e+00
1.213083622999999989e+01 1.365663039304761961e+00 1.484848492000000020e+00
1.192736275000000035e+01 1.114737312756506782e+00 1.594266734999999935e+00
1.163059892000000062e+01 8.834982024145143775e-01 1.686774084000000062e+00
1.120591351999999929e+01 8.404422238143263169e-01 1.791817602000000065e+00
1.072651997000000001e+01 4.609009543250510710e-01 1.888393583999999903e+00
1.078272959000000064e+01 9.361467781826501300e-01 1.707953755999999990e+00
1.085836390999999956e+01 9.800563575194509713e-01 1.662145353000000103e+00
1.082544599999999946e+01 1.141616158645770041e+00 1.639530300999999968e+00
1.082586631000000033e+01 1.141484417073051594e+00 1.639520695000000083e+00
1.085956911000000069e+01 9.799800388108225180e-01 1.652042891000000013e+00
1.078482396000000065e+01 9.359335538986635061e-01 1.682542851000000006e+00
1.072840414000000031e+01 4.602200520652803273e-01 1.803351023000000053e+00
1.120694991000000051e+01 8.400184276788080773e-01 1.765742810999999968e+00
1.163101312999999948e+01 8.839786910440154966e-01 1.674569184000000099e+00
1.192736503000000070e+01 1.115360298478829115e+00 1.585790865000000105e+00
1.213065880999999990e+01 1.366060095794479068e+00 1.478812972000000059e+00
1.269338094999999988e+01 1.204097289519384217e+00 1.458693377999999985e+00
1.252469364000000063e+01 1.152210663769861698e+00 1.559412296000000087e+00
1.221665611000000062e+01 9.661907698992301397e-01 1.659190087000000036e+00
1.185124627999999980e+01 8.175394424029841511e-01 1.735319575999999975e+00
1.130965946999999971e+01 1.030102705597937929e+00 1.854872030999999977e+00
1.066811751000000008e+01 6.297642710947811695e-01 1.950252904999999926e+00
1.072176061000000047e+01 1.133399587855703050e+00 1.729680719000000089e+00
1.082675354000000034e+01 1.141277137870144509e+00 1.698286680999999909e+00
1.087891237999999916e+01 1.139534828626186602e+00 1.656163883000000059e+00
1.087934985000000054e+01 1.139606256549547281e+00 1.653212106000000015e+00
1.082843498000000082e+01 1.141259502293947570e+00 1.688996095999999891e+00
1.072435289000000047e+01 1.133453522574821015e+00 1.709020889999999904e+00
1.067111322000000051e+01 6.298823656416018268e-01 1.856138595000000002e+00
1.131216986999999996e+01 1.029178357862769344e+00 1.815553917999999989e+00
1.185279245000000081e+01 8.170959217150994824e-01 1.706659828999999906e+00
1.221736188000000034e+01 9.662367912393879932e-01 1.637358088999999906e+00
1.252481024000000076e+01 1.152349021420466801e+00 1.540763278000000014e+00
8.232817589999999797e+00 1.407464725630867441e+00 1.313533102000000063e+00
8.560785271000000307e+00 1.644437296836695372e+00 1.362564714999999982e+00
9.358032549000000699e+00 1.830106366781010907e+00 1.464560721000000010e+00
1.015374352000000080e+01 1.453314248749719484e+00 1.544015734999999889e+00
1.067823100000000025e+01 1.632492353461001411e+00 1.310235773000000048e+00
1.150559344000000017e+01 1.722525186319510127e+00 1.263000702000000031e+00
1.229775863000000058e+01 1.527155070526100333e+00 1.306433466000000099e+00
1.292946504999999924e+01 1.225783426698319856e+00 1.382805131000000021e+00
1.335029255000000070e+01 9.094272608271272151e-01 1.477378670000000005e+00
1.335050526999999931e+01 9.095097277034831507e-01 1.475394749999999977e+00
1.292968274999999956e+01 1.225829279700034968e+00 1.377975205999999897e+00
1.229798957999999942e+01 1.527056891488136392e+00 1.298393075999999979e+00
1.150590052000000085e+01 1.722276497001624440e+00 1.252675487999999948e+00
1.067867019999999911e+01 1.632405557505993698e+00 1.298115692000000099e+00
1.015250522000000011e+01 1.454992953722197502e+00 1.506721219999999972e+00
9.356084516999999323e+00 1.830154140482688874e+00 1.430249090000000001e+00
8.559478610999999404e+00 1.643794342477364223e+00 1.342608433999999962e+00
8.560010273999999697e+00 1.643926445791142887e+00 1.247298279000000010e+00
8.908981136999999606e+00 1.867419576144908611e+00 1.301397219999999910e+00
9.651053879999999197e+00 1.923652993930456301e+00 1.395948146000000056e+00
1.034510378000000053e+01 1.476819737158202805e+00 1.479253654999999945e+00
1.075015963000000063e+01 1.415654266650928861e+00 1.334025108000000071e+00
1.148365017999999971e+01 1.609923269919430133e+00 1.291316812000000036e+00
1.222286391999999999e+01 1.433943622141720997e+00 1.341857968000000012e+00
1.279764596999999959e+01 1.173799322605495909e+00 1.426013615000000012e+00
1.313464562000000058e+01 9.686125749143599251e-01 1.531096487999999978e+00
1.313483296999999972e+01 9.686326824563308291e-01 1.529947326000000052e+00
1.279797901000000060e+01 1.173821560458965685e+00 1.422321042999999952e+00
1.222327579999999969e+01 1.433852482198535450e+00 1.335454587000000082e+00
1.148429349000000066e+01 1.609403569875692330e+00 1.283206835999999962e+00
1.075175298999999995e+01 1.414377486533474171e+00 1.322374788999999939e+00
1.034512812000000004e+01 1.478942160380828152e+00 1.441785281999999890e+00
9.650195999999999330e+00 1.924287406972358783e+00 1.359447370000000044e+00
8.908484762000000501e+00 1.867252782699240443e+00 1.276799288999999948e+00
9.356680319000000523e+00 1.829975990915096551e+00 1.204320574000000033e+00
9.650602983000000634e+00 1.924009618121527376e+00 1.261776465999999930e+00
1.023268683999999951e+01 1.788332609565928877e+00 1.357097847999999995e+00
1.068458502999999915e+01 1.291646343840672229e+00 1.446149075999999978e+00
1.087449301000000013e+01 1.058428253070515357e+00 1.386065201000000080e+00
1.140622323000000016e+01 1.318319293806837988e+00 1.368120548999999908e+00
1.200221546000000039e+01 1.212970774963875620e+00 1.427179538999999941e+00
1.245326981000000011e+01 1.070375175909419774e+00 1.504016460999999971e+00
1.269746843999999975e+01 9.730661357083156826e-01 1.580628552000000075e+00
1.269765770999999965e+01 9.730436392771451004e-01 1.582131959000000032e+00
1.245370589999999922e+01 1.070331698382351648e+00 1.505577791999999970e+00
1.200281185000000050e+01 1.212855146611529378e+00 1.426914020999999977e+00
1.140717504999999932e+01 1.317627311819104197e+00 1.366785955999999969e+00
1.087669870000000039e+01 1.057865957699841264e+00 1.376641320000000057e+00
1.068543792000000003e+01 1.292804545489619317e+00 1.408400459999999965e+00
1.023260209000000032e+01 1.788763732423837460e+00 1.316189175999999961e+00
9.650495057000000543e+00 1.923908470504573698e+00 1.232157327999999996e+00
1.015267298000000018e+01 1.454191809556701465e+00 1.264339448000000088e+00
1.034502503000000040e+01 1.478246353704831373e+00 1.330557962999999955e+00
1.068492610999999926e+01 1.292432847974341215e+00 1.428192668999999970e+00
1.088702772999999979e+01 9.520416489217036204e-01 1.500649536999999922e+00
1.091913150000000066e+01 7.323818524333988167e-01 1.462207255999999900e+00
1.125211258999999941e+01 9.591412727914875314e-01 1.468745632000000079e+00
1.165889544000000022e+01 9.720282813147279599e-01 1.523355623000000048e+00
1.197151930000000064e+01 9.855962196312287871e-01 1.577816828000000005e+00
1.214925356000000001e+01 9.872072617599197963e-01 1.626157332000000011e+00
1.214949337000000007e+01 9.871028245585348193e-01 1.633493690000000109e+00
1.197211783999999923e+01 9.853624927700517233e-01 1.590082423999999994e+00
1.165974126999999960e+01 9.717495193116232333e-01 1.534638267999999917e+00
1.125334070000000075e+01 9.584557104715015763e-01 1.478488610999999953e+00
1.092147871999999964e+01 7.322968627157758759e-01 1.454468244999999937e+00
1.088808384999999923e+01 9.521236045439813722e-01 1.458558006000000073e+00
1.068521433000000087e+01 1.292232915329391219e+00 1.379893237999999966e+00
1.034510466000000051e+01 1.477882813177169741e+00 1.293319796000000022e+00
1.067792133000000021e+01 1.633126569086811530e+00 1.314762388999999976e+00
1.075091089999999916e+01 1.414993648229809331e+00 1.403377864000000086e+00
1.087566724000000029e+01 1.058249958443893357e+00 1.521625290000000019e+00
1.092009344000000048e+01 7.325711053571457576e-01 1.600056445999999966e+00
1.081438379999999988e+01 4.175172815558390038e-01 1.594491099999999939e+00
1.101301220000000036e+01 6.506975002664411312e-01 1.565790138999999970e+00
1.123874756999999924e+01 7.779411955178577864e-01 1.606728493000000091e+00
1.140013719999999964e+01 9.525359838597079465e-01 1.663184431999999990e+00
1.147838600999999947e+01 1.119760721095662159e+00 1.728815291999999948e+00
1.147872850000000078e+01 1.119569281429543262e+00 1.740562031999999926e+00
1.140100518000000029e+01 9.520334462798922814e-01 1.688842275000000059e+00
1.123991473000000063e+01 7.774469121976397279e-01 1.633932748999999962e+00
1.101437916000000072e+01 6.504820267494209052e-01 1.590596923999999968e+00
1.081607630999999969e+01 4.173337155542408694e-01 1.559961283999999893e+00
1.092000741999999924e+01 7.310319656028545499e-01 1.544538020000000067e+00
1.087527599000000045e+01 1.057049830877824892e+00 1.465337241999999929e+00
1.075052703000000065e+01 1.414268100327381150e+00 1.362130309000000095e+00
1.150553311000000001e+01 1.722960346612624427e+00 1.358253606999999974e+00
1.148392813000000068e+01 1.609895423141502802e+00 1.409123120000000062e+00
1.140673744000000056e+01 1.317927709926224988e+00 1.513433647999999909e+00
1.125259800999999982e+01 9.587160105495597939e-01 1.610987986000000038e+00
1.101315978999999956e+01 6.507217731813164097e-01 1.666673343000000029e+00
1.075897776000000050e+01 2.089683934104066831e-01 1.670084174999999949e+00
1.079851988000000063e+01 6.479253853646377292e-01 1.671244519999999900e+00
1.078255925999999931e+01 9.375392633568163658e-01 1.780684447000000059e+00
1.072140435999999930e+01 1.133628407137437399e+00 1.858318005000000106e+00
1.072189692999999977e+01 1.133425126435123387e+00 1.867528376000000101e+00
1.078386693000000029e+01 9.367436336697365640e-01 1.812999435999999909e+00
1.080003765000000016e+01 6.474337538294414607e-01 1.716593811000000080e+00
1.075925920000000069e+01 2.085332295032752969e-01 1.705123383000000103e+00
1.101266361999999965e+01 6.508979435355384258e-01 1.650460264999999982e+00
1.125196202000000056e+01 9.592573753606663534e-01 1.586361917000000066e+00
1.140612276999999963e+01 1.318557291624046002e+00 1.490794748999999975e+00
1.148353396000000082e+01 1.610290523815443908e+00 1.395407322999999922e+00
1.229785910000000015e+01 1.527710044061878047e+00 1.408374610999999943e+00
1.222309081000000042e+01 1.434204923810159071e+00 1.458717473000000098e+00
1.200248183000000068e+01 1.212940325356465898e+00 1.558927909999999972e+00
1.165905247000000067e+01 9.719284219242171341e-01 1.648913104000000018e+00
1.123873303000000057e+01 7.779150788575343034e-01 1.707826529999999954e+00
1.079836414999999938e+01 6.479784342721593982e-01 1.740749410999999913e+00
1.039725140000000003e+01 5.705416852043320164e-01 1.758479123999999949e+00
1.025442379000000059e+01 6.042071642411790400e-01 1.787365453999999909e+00
1.007666597999999958e+01 6.028896342379429507e-01 1.852160881999999953e+00
1.007754397999999973e+01 6.035952769576937715e-01 1.861374364000000003e+00
1.025670451999999955e+01 6.051838519410216444e-01 1.819056605999999965e+00
1.039906146000000042e+01 5.700938736402878515e-01 1.748848841000000043e+00
1.079846631000000023e+01 6.479163603270350347e-01 1.727156181000000013e+00
1.123872891000000074e+01 7.780500484886582191e-01 1.693768567000000003e+00
1.165889892999999944e+01 9.723427799054729093e-01 1.634728621000000048e+00
1.200221355999999950e+01 1.213502165299722657e+00 1.545562082000000004e+00
1.222286347999999911e+01 1.434599199353123522e+00 1.449739185999999957e+00
1.292968836000000010e+01 1.226426500774068229e+00 1.467371264000000064e+00
1.279780575999999925e+01 1.174135539078341228e+00 1.525908822999999970e+00
1.245326303999999951e+01 1.070484329747506402e+00 1.617988253000000043e+00
1.197135203000000025e+01 9.855657142995276621e-01 1.693561995999999903e+00
1.139995301999999988e+01 9.523582960165524192e-01 1.769211214999999893e+00
1.078245640999999999e+01 9.373235495418743568e-01 1.867818457999999904e+00
1.025532268999999985e+01 6.041621854587720941e-01 1.903843790999999896e+00
1.025011048000000002e+01 8.238164270929970723e-01 1.673772272999999977e+00
1.011694579000000083e+01 9.708535217305197529e-01 1.650863651999999959e+00
1.011743077000000035e+01 9.710408923567671602e-01 1.653342239999999963e+00
1.025127503999999945e+01 8.242254305267060488e-01 1.664198829999999907e+00
1.025688833999999972e+01 6.038988258182937940e-01 1.811065426000000089e+00
1.078376828999999937e+01 9.362909320208772090e-01 1.836207989000000040e+00
1.140080443999999993e+01 9.519234901321800280e-01 1.749146290999999964e+00
1.197184161999999930e+01 9.855737082047852926e-01 1.677378532999999949e+00
1.245343669999999925e+01 1.070728209248843710e+00 1.601938955000000053e+00
1.279777020000000043e+01 1.174459174864054711e+00 1.512919549000000030e+00
1.335034130000000019e+01 9.099036771571262783e-01 1.514855046000000094e+00
1.313442238000000017e+01 9.692269805965628704e-01 1.604267700000000074e+00
1.269690124000000075e+01 9.735581880860832982e-01 1.675734676000000034e+00
1.214854457000000032e+01 9.871379593694988852e-01 1.738504379000000100e+00
1.147782491000000071e+01 1.119704969242001358e+00 1.835287069000000049e+00
1.072075771000000088e+01 1.133793561579460762e+00 1.933494496000000007e+00
1.007689846000000067e+01 6.027316286124192457e-01 1.966593486000000057e+00
1.011842159000000052e+01 9.708317621561386446e-01 1.736214597000000026e+00
1.016949396000000050e+01 9.539488723898716938e-01 1.670654022999999988e+00
1.016989550999999992e+01 9.541905052848896895e-01 1.668055706000000082e+00
1.011989282999999951e+01 9.711147156545136827e-01 1.718225260999999948e+00
1.007919178000000038e+01 6.037337004790774841e-01 1.864658869999999968e+00
1.072317252999999937e+01 1.133544108151533392e+00 1.901018775000000050e+00
1.147998285000000074e+01 1.118901453330234164e+00 1.806221282999999955e+00
1.215006720999999956e+01 9.863374204414392388e-01 1.710925138999999984e+00
1.269774785999999978e+01 9.730512420154023845e-01 1.648778727000000055e+00
1.313468126000000069e+01 9.691462190513101538e-01 1.576425128999999981e+00
9.037682109000000352e+00 9.654027308444160793e-01 1.387636086999999963e+00
9.347040275999999537e+00 1.300842724205894863e+00 1.436754555999999905e+00
1.011954292999999971e+01 1.634656473645933916e+00 1.520916890000000077e+00
1.090051062000000037e+01 1.365496293313964937e+00 1.561280210999999918e+00
1.143411975000000069e+01 1.449579144829831412e+00 1.354170894999999986e+00
1.221095827000000078e+01 1.477891943603093727e+00 1.327849285000000101e+00
1.292917521999999941e+01 1.225726632898775259e+00 1.377310127999999967e+00
1.343831061999999932e+01 8.121527261232321937e-01 1.474729528999999983e+00
1.371824722999999935e+01 4.413065233742972659e-01 1.579650757000000016e+00
1.371856576999999966e+01 4.413698508324815362e-01 1.585879110999999897e+00
1.343859385000000017e+01 8.122753863067797564e-01 1.478486101000000108e+00
1.292940113999999951e+01 1.225773065840649600e+00 1.376968058999999966e+00
1.221118949999999970e+01 1.477770631069196261e+00 1.324002993999999989e+00
1.143441821999999952e+01 1.449534211787496529e+00 1.347656235000000091e+00
1.089939861999999948e+01 1.367127797491765939e+00 1.530740194000000054e+00
1.011794682000000023e+01 1.634752134491768594e+00 1.494394406999999925e+00
9.346073615999999973e+00 1.300459284390853343e+00 1.422782195999999999e+00
9.346412135999999649e+00 1.300422717851202670e+00 1.319003407000000072e+00
9.698382447000000184e+00 1.596941853754604068e+00 1.370023658999999894e+00
1.043392865999999941e+01 1.746292506862743066e+00 1.448440021999999994e+00
1.108659302000000046e+01 1.258949764624045065e+00 1.508847182000000009e+00
1.143339517999999977e+01 1.216214857978856756e+00 1.390092354999999946e+00
1.213027551000000059e+01 1.365752930017086086e+00 1.381968242999999985e+00
1.279727907999999914e+01 1.173827473951801981e+00 1.433853958000000040e+00
1.326721120999999926e+01 8.877119462226212843e-01 1.514394618000000081e+00
1.350869016999999950e+01 7.111209927974020406e-01 1.591687172000000094e+00
1.350898087000000025e+01 7.111364788305006845e-01 1.597419323000000002e+00
1.326763990999999976e+01 8.876805228740505260e-01 1.519723930000000056e+00
1.279773774000000053e+01 1.173733483067608052e+00 1.435395994999999925e+00
1.213087836000000053e+01 1.365322456623643488e+00 1.380816679999999907e+00
1.143463730999999939e+01 1.214974772637889888e+00 1.387892058999999900e+00
1.108671320000000016e+01 1.260957670046406243e+00 1.479958372000000022e+00
1.043317193000000032e+01 1.746910357655573565e+00 1.420614819999999945e+00
9.697931978999999814e+00 1.596905384893420710e+00 1.353178906999999986e+00
1.011833219999999933e+01 1.634462311184664340e+00 1.273426503000000043e+00
1.043351713999999930e+01 1.746580229062415501e+00 1.327013836999999974e+00
1.102405783999999933e+01 1.571327954315358655e+00 1.409760909000000062e+00
1.136748734999999932e+01 9.314139373689447332e-01 1.487784073999999901e+00
1.141902490000000014e+01 8.045840906531038783e-01 1.462241048000000099e+00
1.192678425999999980e+01 1.115378171562463550e+00 1.486618219999999990e+00
1.245293528000000016e+01 1.070375460040610349e+00 1.535519556999999979e+00
1.282451374999999949e+01 9.960669509393907939e-01 1.581834565999999942e+00
1.301199734000000063e+01 9.533236600256851379e-01 1.611010776999999949e+00
1.301227717999999989e+01 9.532950914506763684e-01 1.620048165999999901e+00
1.282504398999999928e+01 9.959500901936215733e-01 1.593299754000000013e+00
1.245358910000000030e+01 1.070133817511085939e+00 1.543171802000000037e+00
1.192770301000000011e+01 1.114682880043501134e+00 1.492121484999999970e+00
1.142098123000000065e+01 8.029592135620353677e-01 1.467372010000000060e+00
1.136844825999999919e+01 9.320247924503897163e-01 1.461886269000000071e+00
1.102385856000000075e+01 1.571941225818009880e+00 1.376813351000000019e+00
1.043328467999999987e+01 1.746564510660350233e+00 1.304749943000000023e+00
1.089946873999999966e+01 1.366393384676209743e+00 1.317966532000000024e+00
1.108660242000000018e+01 1.260228289886454967e+00 1.392011440000000100e+00
1.136800825999999986e+01 9.317694390813611172e-01 1.485315740999999967e+00
1.142502117000000084e+01 6.894689176016803867e-01 1.531121465000000015e+00
1.132288304000000068e+01 5.917891231723739764e-01 1.537611773999999931e+00
1.163045694999999924e+01 8.838392667130761104e-01 1.586500824000000032e+00
1.197145541999999985e+01 9.852313028967412123e-01 1.620733981000000101e+00
1.222035346999999916e+01 1.057229609727827313e+00 1.638374270999999993e+00
1.235513163999999975e+01 1.092008856926071969e+00 1.639101963999999967e+00
1.235544181000000030e+01 1.091940376656796996e+00 1.655887325999999993e+00
1.222098916999999929e+01 1.057044425227269491e+00 1.660862666000000099e+00
1.197227756000000021e+01 9.849442232896103988e-01 1.638851835999999951e+00
1.163155609000000013e+01 8.832726478369156142e-01 1.601229602999999946e+00
1.132496079000000044e+01 5.908478479830865382e-01 1.546024620000000072e+00
1.142596975000000015e+01 6.888234215409209105e-01 1.499465435000000069e+00
1.136808442000000063e+01 9.317477968911526132e-01 1.442589085999999909e+00
1.108645929999999957e+01 1.260028899693527826e+00 1.358987326999999912e+00
1.143393571999999914e+01 1.450255131681710274e+00 1.373284498000000076e+00
1.143390489000000088e+01 1.215561780694467187e+00 1.434304519000000111e+00
1.141996604999999931e+01 8.034000148197741886e-01 1.523559359999999918e+00
1.132365395999999969e+01 5.914655686345592356e-01 1.579351906000000083e+00
1.100387601000000082e+01 5.741666914826997203e-01 1.591295600000000032e+00
1.120681253000000055e+01 8.392892442631600947e-01 1.670559582999999959e+00
1.140071898000000061e+01 9.515260264807113844e-01 1.677191993999999964e+00
1.154040050000000051e+01 1.055351705674327345e+00 1.685015735999999986e+00
1.160432735999999920e+01 1.170540930358423548e+00 1.715572834000000046e+00
1.160467985999999918e+01 1.170490834219221066e+00 1.737994553000000053e+00
1.154115537000000025e+01 1.055153993373586285e+00 1.722457394000000086e+00
1.140164771999999971e+01 9.513493786208151448e-01 1.707622090000000092e+00
1.120783304000000058e+01 8.394230026983278137e-01 1.694372014000000037e+00
1.100534664000000085e+01 5.763122514628643556e-01 1.568298734000000083e+00
1.132320700000000002e+01 5.905195343256316454e-01 1.534865256000000011e+00
1.141953220999999985e+01 8.033298509627350148e-01 1.480650561000000032e+00
1.143358792999999984e+01 1.215822334191275278e+00 1.406140391000000101e+00
1.221110823000000067e+01 1.478560473494452854e+00 1.422377181999999962e+00
1.213062511000000043e+01 1.365894746203345944e+00 1.468536510999999933e+00
1.192723250000000057e+01 1.115097387193717982e+00 1.551781469000000024e+00
1.163078175000000059e+01 8.836977513234025583e-01 1.622197072999999934e+00
1.120657811999999964e+01 8.399817815869796700e-01 1.662045301000000030e+00
1.072823069999999923e+01 4.612456648780488555e-01 1.741030453000000033e+00
1.078393486000000046e+01 9.362122874068573575e-01 1.711746417999999936e+00
1.085923894999999995e+01 9.799972993466375959e-01 1.727496668999999985e+00
1.082595599999999969e+01 1.141591722843310786e+00 1.829883566999999989e+00
1.082635196999999927e+01 1.141586386333667491e+00 1.847867643000000060e+00
1.086011333000000079e+01 9.798772094821825984e-01 1.782587856999999998e+00
1.078494672000000065e+01 9.362062115758428282e-01 1.748123888000000070e+00
1.072844158999999920e+01 4.606147392893219505e-01 1.771349877000000017e+00
1.120605791999999923e+01 8.396571144409804566e-01 1.651455598000000080e+00
1.163022757999999968e+01 8.842371701267636164e-01 1.600724660000000021e+00
1.192686735000000020e+01 1.115732280689353706e+00 1.531689544000000014e+00
1.213041697999999968e+01 1.366319250383642103e+00 1.455889862999999895e+00
1.292962559999999961e+01 1.226472624633218489e+00 1.477243013999999910e+00
1.279774489000000059e+01 1.174217488561029699e+00 1.523214472999999902e+00
1.245330060999999944e+01 1.070489106285810843e+00 1.600925893999999960e+00
1.197159283000000052e+01 9.854224103833156834e-01 1.659745301000000062e+00
1.140040813000000064e+01 9.521430539324156062e-01 1.682672536999999968e+00
1.078301970000000054e+01 9.369962588901354916e-01 1.680348433000000030e+00
1.025644158999999966e+01 6.048068103946078189e-01 1.726314794000000097e+00
1.025091573999999994e+01 8.241387139037041898e-01 1.767549994999999985e+00
1.011744200999999954e+01 9.709737761597381223e-01 1.934826369999999907e+00
1.011789064000000060e+01 9.710403507008827928e-01 1.947339375999999955e+00
1.025188671000000085e+01 8.242150281987219440e-01 1.841016312000000044e+00
1.025710151000000003e+01 6.047205513576346947e-01 1.765474294000000111e+00
1.078314078000000009e+01 9.362837287193497282e-01 1.683913728000000054e+00
1.140019165000000001e+01 9.520304004076896032e-01 1.674797499999999939e+00
1.197137842999999968e+01 9.857349033259544813e-01 1.646914986000000081e+00
1.245315437000000003e+01 1.070879198338361205e+00 1.587984402000000017e+00
1.279764609999999969e+01 1.174521639158370157e+00 1.514114879999999941e+00
1.343897783999999973e+01 8.126829367149809302e-01 1.547316206000000083e+00
1.326773646000000006e+01 8.881237430269718347e-01 1.586696391999999900e+00
1.282478034000000022e+01 9.963826111589801915e-01 1.645737616999999986e+00
1.222035106000000049e+01 1.057495510630855895e+00 1.691630170999999905e+00
1.154015646999999944e+01 1.055565443840738027e+00 1.726534940999999934e+00
1.085880090000000031e+01 9.801532105236633319e-01 1.757019129999999985e+00
1.025034197999999996e+01 8.242516036562572701e-01 1.785655519000000080e+00
9.789391327000000587e+00 5.878440681223987552e-01 1.793423109999999987e+00
9.601415253000000760e+00 4.460926494078777393e-01 1.854841740999999988e+00
9.602083675999999457e+00 4.472698289595171128e-01 1.866461069000000084e+00
9.790528368000000370e+00 5.964649843907792182e-01 1.831335772000000084e+00
1.025057825000000022e+01 8.243310990959790141e-01 1.777044332000000004e+00
1.085907594999999937e+01 9.801722079860091252e-01 1.747354346999999919e+00
1.154042300999999959e+01 1.055534579228703862e+00 1.716295850999999928e+00
1.222055963999999939e+01 1.057456514768930544e+00 1.680363186999999980e+00
1.282489379000000085e+01 9.964090175585762488e-01 1.633205938999999995e+00
1.326776169999999944e+01 8.882507472012689531e-01 1.576146851999999932e+00
1.371900519000000074e+01 4.419461661569533684e-01 1.624297286000000007e+00
1.350904730000000065e+01 7.119387844148270528e-01 1.657613487999999968e+00
1.301194345999999946e+01 9.538600449955677574e-01 1.689498857000000021e+00
1.235492334999999997e+01 1.092002595808009513e+00 1.732025020000000026e+00
1.160420693000000014e+01 1.170474985094221765e+00 1.811178248999999907e+00
1.082574383000000040e+01 1.141831538847214222e+00 1.897853993000000017e+00
1.011713308000000033e+01 9.710767667794593105e-01 1.978661105999999892e+00
9.602129367999999943e+00 4.462456611646371529e-01 1.964494307999999911e+00
9.628547744000000463e+00 6.458480876778260882e-01 1.685235892999999985e+00
9.628826583000000383e+00 6.462322921396738140e-01 1.683863032000000093e+00
9.603186567999999923e+00 4.473153717822569431e-01 1.857475205000000074e+00
1.011856904999999962e+01 9.712133630055832523e-01 1.957244208000000096e+00
1.082727013999999954e+01 1.141498757869946257e+00 1.880961544999999902e+00
1.160552327000000084e+01 1.169878147846921790e+00 1.793414942999999928e+00
1.235590350999999920e+01 1.091439975462571432e+00 1.713887759999999982e+00
1.301256504999999919e+01 9.532952567545246447e-01 1.669422264999999905e+00
1.350930398000000032e+01 7.116029444605649346e-01 1.636265582999999912e+00
9.489708460999999318e+00 3.537932790193892285e-01 1.437025610000000064e+00
9.799636774999999744e+00 9.602372723611098948e-01 1.492443946000000077e+00
1.060597719999999988e+01 1.487693444292636169e+00 1.578630790999999922e+00
1.155189936999999922e+01 1.378039659867088984e+00 1.647537333000000048e+00
1.198218783999999992e+01 1.030473381885716133e+00 1.401350276999999922e+00
1.269281808999999939e+01 1.203369943854639246e+00 1.370255747999999940e+00
1.334941144999999985e+01 9.092018417611601455e-01 1.442885704000000047e+00
1.371816682999999948e+01 4.422183744054789534e-01 1.583125329000000026e+00
1.385997736000000025e+01 1.631874325927565039e-01 1.639436512000000068e+00
1.386032533999999927e+01 1.631891872683344513e-01 1.651857480999999961e+00
1.371849231999999930e+01 4.422803602548032731e-01 1.594180909999999951e+00
1.334963757999999956e+01 9.092793217594098421e-01 1.448566964000000068e+00
1.269297790999999975e+01 1.203266708735092339e+00 1.370996177000000094e+00
1.198235350999999937e+01 1.030450183742180226e+00 1.398241464000000045e+00
1.155091353000000076e+01 1.378760651905192924e+00 1.622859500999999982e+00
1.060527457000000062e+01 1.487750653806107826e+00 1.567172239000000022e+00
9.799262943000000448e+00 9.601357756127233412e-01 1.487133271000000034e+00
9.799288441999999932e+00 9.599100666978792606e-01 1.370183115999999979e+00
1.015860596999999999e+01 1.353882486428191534e+00 1.421256752999999984e+00
1.093330317000000029e+01 1.604789854850331210e+00 1.506582099999999924e+00
1.167132939999999941e+01 8.605637450164587143e-01 1.607456066999999988e+00
1.186644246000000003e+01 8.880877599547405410e-01 1.493527987000000001e+00
1.252417744999999982e+01 1.151997804883760690e+00 1.489069482000000111e+00
1.313381460999999994e+01 9.688078508414885714e-01 1.560070319999999899e+00
1.350844569999999933e+01 7.116226634760232095e-01 1.638082457000000103e+00
1.366671071999999931e+01 5.783574355050914440e-01 1.650290204000000038e+00
1.366708945000000064e+01 5.783545443905254713e-01 1.664830132000000074e+00
1.350882514000000079e+01 7.114884311635732983e-01 1.647604440999999920e+00
1.313424660000000088e+01 9.685697007964141347e-01 1.564834947000000032e+00
1.252473256000000035e+01 1.151543826765291323e+00 1.491001234999999925e+00
1.186747075999999979e+01 8.865881856582653597e-01 1.494811550999999961e+00
1.167172249999999956e+01 8.637073755731425884e-01 1.588442665999999948e+00
1.093307783000000022e+01 1.605467919759318240e+00 1.494533592000000022e+00
1.015842035000000010e+01 1.354061516003240762e+00 1.415007979999999943e+00
1.060515937999999991e+01 1.487354340979006873e+00 1.325201665000000029e+00
1.093301079999999992e+01 1.604984815514489460e+00 1.373885239000000036e+00
1.155584939999999960e+01 1.317413252637624543e+00 1.465406003000000013e+00
1.180387662000000049e+01 4.785752889573159363e-01 1.575607639000000004e+00
1.171589310000000062e+01 5.895465867730222964e-01 1.585489581000000037e+00
1.221651744999999956e+01 9.661702617083040012e-01 1.617112845999999937e+00
1.269683335999999940e+01 9.729670714249920582e-01 1.668888045000000098e+00
1.301179003999999928e+01 9.531616242820736273e-01 1.702058960000000010e+00
1.315834386000000045e+01 9.408189253020678988e-01 1.671589929000000030e+00
1.315870308000000044e+01 9.408724701573271121e-01 1.692516031999999893e+00
1.301220602999999976e+01 9.530398583266878054e-01 1.714307875000000037e+00
1.269738251000000062e+01 9.726819484189190845e-01 1.675800318000000066e+00
1.221730722000000036e+01 9.655707087658440546e-01 1.621840857000000025e+00
1.171741405000000036e+01 5.875310071607710016e-01 1.591551727999999999e+00
1.180494470000000007e+01 4.772824538682506890e-01 1.566129402999999920e+00
1.155589748999999955e+01 1.318345976277492282e+00 1.450254047000000046e+00
1.093289075999999937e+01 1.605129371544071537e+00 1.364978546999999987e+00
1.155079753000000053e+01 1.378657022789808506e+00 1.360676814000000068e+00
1.167135679999999986e+01 8.624643699939533725e-01 1.445473854000000058e+00
1.180442004000000011e+01 4.777186112637541449e-01 1.529374167000000062e+00
1.173075889999999966e+01 5.927638796825229761e-01 1.556060385000000101e+00
1.155382348999999920e+01 4.803636676087402191e-01 1.662060185999999939e+00
1.185195065999999997e+01 8.166995467881941195e-01 1.719556139999999900e+00
1.214931050999999940e+01 9.858983286752318609e-01 1.745464214999999930e+00
1.235544291000000072e+01 1.090914326506998044e+00 1.746537293000000046e+00
1.245898030999999939e+01 1.136539255663708836e+00 1.694642975999999912e+00
1.245930968999999955e+01 1.136610192485825621e+00 1.726042422999999992e+00
1.235586295999999962e+01 1.090917443253553110e+00 1.766196317999999987e+00
1.214987471000000063e+01 9.858670022968348823e-01 1.757927848000000015e+00
1.185276222000000068e+01 8.165351256341920605e-01 1.728757796000000013e+00
1.155532842000000038e+01 4.796333930722171401e-01 1.670290864000000042e+00
1.173148714000000048e+01 5.922738441612004356e-01 1.543819185999999899e+00
1.180456273999999972e+01 4.781139842604338885e-01 1.508928044999999996e+00
1.167123074999999943e+01 8.628726386045360019e-01 1.427268406000000045e+00
1.198216475000000081e+01 1.031331556438910946e+00 1.446630757000000100e+00
1.186668264999999955e+01 8.875323627051010522e-01 1.471637190999999900e+00
1.171627718999999956e+01 5.884257770720010550e-01 1.510096676000000082e+00
1.155403047000000072e+01 4.801795232214249309e-01 1.546952445999999926e+00
1.114400277000000017e+01 2.902106418675513000e-01 1.786822088999999947e+00
1.131166132000000069e+01 1.028900906018575423e+00 1.774809142999999922e+00
1.147962816999999980e+01 1.118663255971887205e+00 1.764942527000000094e+00
1.160555440999999988e+01 1.169467991029167875e+00 1.751122359000000017e+00
1.167060071000000043e+01 1.199223937870467438e+00 1.721842432000000089e+00
1.167090239999999923e+01 1.199307963470599647e+00 1.767401267999999970e+00
1.160592216000000043e+01 1.169528220958043319e+00 1.775710020000000000e+00
1.148009395999999960e+01 1.118687217797354583e+00 1.779999266999999996e+00
1.131218851999999941e+01 1.029198696595565954e+00 1.785643362000000067e+00
1.114343921000000037e+01 2.922326991596133627e-01 1.794926994000000109e+00
1.155368950000000083e+01 4.807442824045990437e-01 1.528093558999999990e+00
1.171629086999999991e+01 5.889683827398753957e-01 1.492867253000000005e+00
1.186674649000000059e+01 8.881229934475138865e-01 1.459585032999999976e+00
1.269326616999999935e+01 1.204351725297813980e+00 1.491504786999999999e+00
1.252450235999999961e+01 1.152427040236329692e+00 1.526529782999999973e+00
1.221674578999999916e+01 9.662515640720620302e-01 1.583117107000000079e+00
1.185196237999999980e+01 8.169825897130660319e-01 1.631941333999999966e+00
1.131102869000000055e+01 1.029672160392730573e+00 1.660536411000000045e+00
1.066988259000000028e+01 6.302796488080036896e-01 1.797512685999999915e+00
1.072296814000000076e+01 1.133556363867474603e+00 1.760372586999999989e+00
1.082754843000000022e+01 1.141457518355399436e+00 1.738138965999999952e+00
1.087934004999999971e+01 1.139458770830277690e+00 1.757083766999999908e+00
1.087961486000000022e+01 1.139559390228044311e+00 1.819819467000000079e+00
1.082791811999999965e+01 1.141446694929046712e+00 1.757290763999999950e+00
1.072346633000000082e+01 1.133548183996431646e+00 1.771166792999999906e+00
1.066978175000000029e+01 6.298983975229894838e-01 1.808931958999999923e+00
1.131045796999999986e+01 1.029373174638402944e+00 1.656996367999999942e+00
1.185164396000000053e+01 8.179129905966454617e-01 1.622304202000000029e+00
1.221683338999999968e+01 9.666876756672739823e-01 1.574577161999999975e+00
1.252464851999999951e+01 1.152669140710376405e+00 1.520714839999999901e+00
1.335028883000000022e+01 9.100558602198179914e-01 1.559259013999999999e+00
1.313438131999999925e+01 9.692985517421391917e-01 1.592898499999999995e+00
1.269713770999999980e+01 9.732524943159032160e-01 1.639994627000000094e+00
1.214925764000000008e+01 9.864595277292403930e-01 1.668146056999999960e+00
1.147890224000000003e+01 1.119491159595384921e+00 1.657464126000000038e+00
1.072176887000000001e+01 1.133851107758565568e+00 1.660980818999999942e+00
1.007801384000000056e+01 6.035104446470607176e-01 1.760640744999999896e+00
1.011904071000000016e+01 9.710679871264917828e-01 1.744529857000000073e+00
1.016994670999999961e+01 9.539872794735985151e-01 1.800947000999999936e+00
1.017019119999999965e+01 9.541050637547793256e-01 1.882198269000000090e+00
1.011944124999999950e+01 9.711251575844076500e-01 1.757819046999999912e+00
1.007826174000000030e+01 6.036553722794251176e-01 1.772533936999999948e+00
1.072174163000000036e+01 1.133508100588784373e+00 1.663589138999999939e+00
1.147853923999999992e+01 1.119198688344910320e+00 1.655547478999999989e+00
1.214904398000000008e+01 9.871154860370487949e-01 1.662314041999999992e+00
1.269722044999999966e+01 9.735159500254616516e-01 1.634475834999999933e+00
1.313449169999999988e+01 9.693286058455359289e-01 1.588904341000000109e+00
1.371894952999999973e+01 4.418877724605474455e-01 1.616592140000000066e+00
1.350907089999999933e+01 7.118414266426421610e-01 1.638835623000000075e+00
1.301212592999999984e+01 9.535417531278256309e-01 1.669915339999999970e+00
1.235534325000000067e+01 1.091607339684855571e+00 1.682684367000000014e+00
1.160477507999999958e+01 1.170366097037792041e+00 1.660459686999999906e+00
1.082623008999999925e+01 1.141930190242517407e+00 1.644247691999999983e+00
1.011744045999999919e+01 9.711988172972852995e-01 1.650497563000000056e+00
9.602487628000000441e+00 4.469666076675569144e-01 1.726670533000000063e+00
9.628938080999999372e+00 6.458464424785724800e-01 1.847432557000000086e+00
9.629144738000000814e+00 6.459776747464794910e-01 1.944998467000000009e+00
9.602791761000000648e+00 4.474836245574330129e-01 1.739583448000000088e+00
1.011767790000000034e+01 9.712356523137173347e-01 1.653880661000000085e+00
1.082631003999999919e+01 1.141602532860042540e+00 1.646289585999999971e+00
1.160461006000000062e+01 1.170181147659752563e+00 1.659454918000000001e+00
1.235523987000000012e+01 1.091916717451104413e+00 1.678781215000000104e+00
1.301216407999999980e+01 9.536538573217643311e-01 1.665863494999999972e+00
1.350909719000000031e+01 7.117825019013269694e-01 1.635882202999999979e+00
1.386079598999999973e+01 1.632226285364311025e-01 1.659763276999999926e+00
1.366737041000000019e+01 5.787148974250406752e-01 1.670750152000000099e+00
1.315871072000000019e+01 9.412251251892782555e-01 1.688334498999999989e+00
1.245904488000000043e+01 1.136899643313162844e+00 1.706969678000000101e+00
1.167038566000000088e+01 1.199524531409830841e+00 1.729512871999999923e+00
1.087887560999999970e+01 1.139679174593546840e+00 1.759038821000000086e+00
1.016927358999999953e+01 9.540419197463244627e-01 1.794403519999999919e+00
9.628115319999999144e+00 6.454284416418842873e-01 1.827930398999999984e+00
9.334481635999999583e+00 2.418401022192649130e-01 1.785173126000000110e+00
9.334642874000000035e+00 2.434857984564406941e-01 1.877454415000000099e+00
9.628185143999999696e+00 6.455233701967509896e-01 1.824312554999999891e+00
1.016938090000000017e+01 9.541025901906153850e-01 1.789558537000000005e+00
1.087900738999999994e+01 1.139702663071662680e+00 1.753933748999999986e+00
1.167052507000000006e+01 1.199509578198257431e+00 1.724392058999999922e+00
1.245917215999999961e+01 1.136847489739302386e+00 1.701600964999999910e+00
1.315880506999999966e+01 9.411452120624511641e-01 1.682536897000000087e+00
1.366741711999999964e+01 5.786346257106379509e-01 1.665891377999999978e+00
