1.523329795000000075e+01 0.000000000000000000e+00 2.254471715000000209e+00
1.524776821999999932e+01 4.263020518014809523e-02 2.260958079999999981e+00
1.528913361999999942e+01 7.911684191865564486e-02 2.261619265000000212e+00
1.535145757999999994e+01 1.043540188615882797e-01 2.262585430000000120e+00
1.542596864999999973e+01 1.150560059546581054e-01 2.263904963999999964e+00
1.550241684999999947e+01 1.101287401809121075e-01 2.265456723999999866e+00
1.590304938999999962e+01 1.903721120660676780e+00 1.541661092000000011e+00
1.690453830999999951e+01 1.092600876631834916e+00 1.616464362999999960e+00
1.738629779000000042e+01 3.533154059663942137e-01 1.657583932000000093e+00
1.524610951000000014e+01 4.263896347002191223e-02 2.127866957999999808e+00
1.527259757999999934e+01 8.164627230657323098e-02 2.180056653999999927e+00
1.532024642000000014e+01 1.129786714849264073e-01 2.200394356999999967e+00
1.538411858999999993e+01 1.365242015750647020e-01 2.208651822000000209e+00
1.545985278999999935e+01 1.561479457946587379e-01 2.212305624999999942e+00
1.554671626999999923e+01 2.325212813375357179e-01 2.201774937999999793e+00
1.610267375000000101e+01 1.733405179231678250e+00 1.611254865000000036e+00
1.702129486000000114e+01 1.081456136342534791e+00 1.641007517000000027e+00
1.747878273999999976e+01 4.249145664708646186e-01 1.677703863999999934e+00
1.528748397999999931e+01 7.914100673004068054e-02 2.129924990000000129e+00
1.531940147000000074e+01 1.134232280768258522e-01 2.137294257000000197e+00
1.537962867999999972e+01 1.420279920121663986e-01 2.133780794999999841e+00
1.545658494000000083e+01 1.822083344761913359e-01 2.122864676999999922e+00
1.556181003000000018e+01 2.818436444496444926e-01 2.097407238000000174e+00
1.578223704000000005e+01 7.848864764304387398e-01 1.956100398000000018e+00
1.651685673000000065e+01 1.487223868311581709e+00 1.678730159999999971e+00
1.729262489999999985e+01 1.001452924761946139e+00 1.694420365999999900e+00
1.769529414000000145e+01 4.637533981288827212e-01 1.725700221999999950e+00
1.534982255000000073e+01 1.043870136082559463e-01 2.133127172000000016e+00
1.538291429999999949e+01 1.368870688675412617e-01 2.120790683000000065e+00
1.545602872000000083e+01 1.823782251638642882e-01 2.088623080000000076e+00
1.555962463000000007e+01 2.685242678465515342e-01 2.042255173000000035e+00
1.573823151999999936e+01 5.056279851545232296e-01 1.962953744000000000e+00
1.616134324000000078e+01 1.113435451636233919e+00 1.790367827999999939e+00
1.691521833999999913e+01 1.269030856729445933e+00 1.709083582999999962e+00
1.757170464000000010e+01 8.452921758213066683e-01 1.746452721999999902e+00
1.791510372999999845e+01 3.786394778977634212e-01 1.779892620000000036e+00
1.542435122000000014e+01 1.150924426882149326e-01 2.137115624999999852e+00
1.545847243999999954e+01 1.564201997574741765e-01 2.113426168000000160e+00
1.556092772999999951e+01 2.821634832315286778e-01 2.044399754000000069e+00
1.573782480000000028e+01 5.057672350703368291e-01 1.936294933999999968e+00
1.603821931999999961e+01 8.404391494211348457e-01 1.797588822999999891e+00
1.656357706000000007e+01 1.128445482071661399e+00 1.698526294000000103e+00
1.722505795000000006e+01 1.022070932185044523e+00 1.723525764999999987e+00
1.776266993000000127e+01 6.562839771228174968e-01 1.788510749000000066e+00
1.804669093000000046e+01 2.373246114819038688e-01 1.829695457999999997e+00
1.550081787000000055e+01 1.101651619221445250e-01 2.141389525000000127e+00
1.554519426000000060e+01 2.327060189291492998e-01 2.092829229999999985e+00
1.578137240000000041e+01 7.860894063520250663e-01 1.869984402999999906e+00
1.616090378999999899e+01 1.113895273315883339e+00 1.704026932999999966e+00
1.656333014000000148e+01 1.128453131177529878e+00 1.632825994000000058e+00
1.698953506000000147e+01 9.388793038484076758e-01 1.642101068000000108e+00
1.744088324999999884e+01 7.074982278830689308e-01 1.725646711000000000e+00
1.782768121999999877e+01 4.695821662215512449e-01 1.819286184999999945e+00
1.804518957000000157e+01 2.000168679738865418e-01 1.873031188999999985e+00
1.590264576000000041e+01 1.904032519585789007e+00 1.304546680999999930e+00
1.610234331999999924e+01 1.734253828576823198e+00 1.405587335000000104e+00
1.651657296999999858e+01 1.487582476016487076e+00 1.522113883000000056e+00
1.691491213000000116e+01 1.269119249741938127e+00 1.578472708999999918e+00
1.722470081999999891e+01 1.021988684642513023e+00 1.613344971999999933e+00
1.744056983999999844e+01 7.072178259135973866e-01 1.651213304000000104e+00
1.760530132999999964e+01 3.413604655842416569e-01 1.723581867000000045e+00
1.777380669000000069e+01 2.867985296507816195e-01 1.835103573000000043e+00
1.790263716999999843e+01 3.270119954195973011e-01 1.912374266999999906e+00
1.690422947000000065e+01 1.092802027091617001e+00 1.464319168999999921e+00
1.702106178000000014e+01 1.081552936753399363e+00 1.499148823000000075e+00
1.729238740999999990e+01 1.001445593747211316e+00 1.572359228000000053e+00
1.757138636999999903e+01 8.452029167007936161e-01 1.637359038999999905e+00
1.776222234999999827e+01 6.561404432400330666e-01 1.683266847000000066e+00
1.782711743000000126e+01 4.693234560951609069e-01 1.714747556999999922e+00
1.777327259000000126e+01 2.860303856888070095e-01 1.745970411000000055e+00
1.767226624999999984e+01 1.615204446609259659e-01 1.822688239000000099e+00
1.765257439000000161e+01 4.110108637011019028e-01 1.952860186000000109e+00
1.738603887000000014e+01 3.533811595195621158e-01 1.552245080999999916e+00
1.747853767000000147e+01 4.248806107289453404e-01 1.577913828000000018e+00
1.769501457000000144e+01 4.636117221790708176e-01 1.636064390000000035e+00
1.791472437999999912e+01 3.784140603657267787e-01 1.694612419000000036e+00
1.804615396000000160e+01 2.371033205129781107e-01 1.739042683999999950e+00
1.804446782000000127e+01 2.000346014623153035e-01 1.767336218999999931e+00
1.790174449999999950e+01 3.270997818785997269e-01 1.783258739999999953e+00
1.765160016000000098e+01 4.108616464009818836e-01 1.800723171000000011e+00
1.742214068999999910e+01 2.553565383791298049e-01 1.918480761000000090e+00
1.524635300999999998e+01 4.263905739432590630e-02 2.157443135999999928e+00
1.527270337999999938e+01 8.150498511363013510e-02 2.231071644000000020e+00
1.532021139000000076e+01 1.128251210150211098e-01 2.239022800999999951e+00
1.538399519999999931e+01 1.363521398801601225e-01 2.236345045999999837e+00
1.545969157000000038e+01 1.559985507045156261e-01 2.229410101000000033e+00
1.554659241999999963e+01 2.326458832419339429e-01 2.197845801000000154e+00
1.610327291000000116e+01 1.733000518856264494e+00 1.582808956000000045e+00
1.702158478000000130e+01 1.081212202219128393e+00 1.633385370999999919e+00
1.747887670000000071e+01 4.247787488469603190e-01 1.672816743000000050e+00
1.747876362999999955e+01 4.249759430809953997e-01 1.672485119999999936e+00
1.702121246999999826e+01 1.081524346523281555e+00 1.632736324999999988e+00
1.610258595000000170e+01 1.733122141122809268e+00 1.581893580000000021e+00
1.554702467999999982e+01 2.329387306951613279e-01 2.170157746000000110e+00
1.546016539000000023e+01 1.564324537602728993e-01 2.193414848000000195e+00
1.538445203999999933e+01 1.367909197710294178e-01 2.188963913999999900e+00
1.532060710999999920e+01 1.132260091954893078e-01 2.176888884999999885e+00
1.527299709000000050e+01 8.178990811258565752e-02 2.155926385999999972e+00
1.527183340999999928e+01 8.170876127878359818e-02 2.130185031999999978e+00
1.524934606000000059e+01 1.089300452535336000e-01 2.223507393999999859e+00
1.531952292000000071e+01 1.090227609131200898e-01 2.211331504999999975e+00
1.539442367999999917e+01 1.254371137558180915e-01 2.205045811000000189e+00
1.547245093000000082e+01 1.339523257732884998e-01 2.200410767000000156e+00
1.554795265999999998e+01 1.289905229501008554e-01 2.197291388000000012e+00
1.624317229000000040e+01 1.711763914497654637e+00 1.595830069000000018e+00
1.712405104999999850e+01 1.069396375484820139e+00 1.652370235000000021e+00
1.756318724999999858e+01 4.663823828737622135e-01 1.689941002999999942e+00
1.756312331999999898e+01 4.664772982422187853e-01 1.689598568999999939e+00
1.712384026999999875e+01 1.069556665029867348e+00 1.651748988000000029e+00
1.624278347999999994e+01 1.711908680876544686e+00 1.596857508999999897e+00
1.554848402000000007e+01 1.291989640573726894e-01 2.174678082999999873e+00
1.547305657000000068e+01 1.342106471161640113e-01 2.170890051000000209e+00
1.539505098000000061e+01 1.256955081385117967e-01 2.168474584000000149e+00
1.532010924999999979e+01 1.092115658311002130e-01 2.168042632000000136e+00
1.524980064000000013e+01 1.093250137865132837e-01 2.168924507999999918e+00
1.531905307000000072e+01 1.133452375401049206e-01 2.113341629000000221e+00
1.531856331000000004e+01 1.090190009229493745e-01 2.102237471000000024e+00
1.535758047999999931e+01 1.564325148305231450e-01 2.121559781000000200e+00
1.543975198999999954e+01 1.780598548542179915e-01 2.121714365999999963e+00
1.554282543000000061e+01 2.564910997829540906e-01 2.097794142999999778e+00
1.576608842000000088e+01 9.189317330891266788e-01 1.903383245999999973e+00
1.659876424000000128e+01 1.513930854879374843e+00 1.661027835999999924e+00
1.737023526999999845e+01 9.958479062047719266e-01 1.699277018999999944e+00
1.776386559000000176e+01 4.826254558783513726e-01 1.733116561000000111e+00
1.776383849999999853e+01 4.826460700161038786e-01 1.732703231999999982e+00
1.737013852000000114e+01 9.959026977738362207e-01 1.698448361000000073e+00
1.659858455000000177e+01 1.513927694620354147e+00 1.661911630000000084e+00
1.576623193000000001e+01 9.175947224652832857e-01 1.907461182000000033e+00
1.554339655999999970e+01 2.560497158970080345e-01 2.086487623000000013e+00
1.544038472000000084e+01 1.778346205692236115e-01 2.109704896000000218e+00
1.535811005999999956e+01 1.563473822202924857e-01 2.124292758000000170e+00
1.531875501000000028e+01 1.090175079544754844e-01 2.123063283000000023e+00
1.538278981000000023e+01 1.369500989184603001e-01 2.107407510999999900e+00
1.539340375999999999e+01 1.256315402157192895e-01 2.092581102000000026e+00
1.543921723999999962e+01 1.781966934975788286e-01 2.070298355999999895e+00
1.553657019000000084e+01 2.755298024048345451e-01 2.033367532999999838e+00
1.571622980999999974e+01 5.251851305581209939e-01 1.952117513999999998e+00
1.617553752999999972e+01 1.212519360157791271e+00 1.758592659000000058e+00
1.697300455999999969e+01 1.291020724203264303e+00 1.702915031999999940e+00
1.763151497000000134e+01 8.491578416074512248e-01 1.749725956000000027e+00
1.797108828000000003e+01 3.989382129334959615e-01 1.784589699000000085e+00
1.797108414999999937e+01 3.989123925166154772e-01 1.784023871000000039e+00
1.763148142000000007e+01 8.491658749194991307e-01 1.748350808999999950e+00
1.697290285000000054e+01 1.291042047495228884e+00 1.702178798999999909e+00
1.617547470999999959e+01 1.212065672568849894e+00 1.761640759999999917e+00
1.571656016000000022e+01 5.245401869826357144e-01 1.953184373000000029e+00
1.553707945999999929e+01 2.752718029568132496e-01 2.036543599999999898e+00
1.543963459000000071e+01 1.782585088215758451e-01 2.084351529000000092e+00
1.539358353999999984e+01 1.256811041333416312e-01 2.108567610999999786e+00
1.545852737999999960e+01 1.567774241600523866e-01 2.104869340000000033e+00
1.547137389000000063e+01 1.342312999337419710e-01 2.087819969999999969e+00
1.554203423999999956e+01 2.566421182532386824e-01 2.034082698000000189e+00
1.571585205000000052e+01 5.252675982469414695e-01 1.927135830000000105e+00
1.603211457000000095e+01 8.914964680695792731e-01 1.783699037000000098e+00
1.658947258999999974e+01 1.180090717107611820e+00 1.688132737999999966e+00
1.727246467000000152e+01 1.041593611561768551e+00 1.724431201000000025e+00
1.781331713999999877e+01 6.690053110671985159e-01 1.792454760000000036e+00
1.809604341000000005e+01 2.727323773344860758e-01 1.833508222999999937e+00
1.809605571999999896e+01 2.726538734321026225e-01 1.832711680000000065e+00
1.781332503999999872e+01 6.689873729910758016e-01 1.790248014999999970e+00
1.727240205000000017e+01 1.041664500911961611e+00 1.721519041999999944e+00
1.658934436999999917e+01 1.179994802291245426e+00 1.685708203999999988e+00
1.603219964999999902e+01 8.909167017965546886e-01 1.781625186999999944e+00
1.571622875999999991e+01 5.249034651320073630e-01 1.929289597999999994e+00
1.554240919999999981e+01 2.567539349625493350e-01 2.046655024000000100e+00
1.547154326000000069e+01 1.343082809990837900e-01 2.100271193000000203e+00
1.554565166999999981e+01 2.345810659594301240e-01 2.085742026000000138e+00
1.554681788999999981e+01 1.292946174604296117e-01 2.086586703000000043e+00
1.576532950000000000e+01 9.204279983660250686e-01 1.821451648999999895e+00
1.617511247999999924e+01 1.212894855231932967e+00 1.675713599999999914e+00
1.658920403999999849e+01 1.180086925269456133e+00 1.624264237000000000e+00
1.702501690000000067e+01 9.663223020810919328e-01 1.643462224000000083e+00
1.748541992999999906e+01 7.285701644670005139e-01 1.731505532999999986e+00
1.787599909000000054e+01 4.916975862172451306e-01 1.824829467000000038e+00
1.809382945999999848e+01 2.418316934773091509e-01 1.876999982000000067e+00
1.809385818000000157e+01 2.417038641729654935e-01 1.875879988000000109e+00
1.787604844999999898e+01 4.916324123048806949e-01 1.821412671000000039e+00
1.748540765999999991e+01 7.286464700105953485e-01 1.725458036999999889e+00
1.702492712000000097e+01 9.663870843894364349e-01 1.633873259000000022e+00
1.658916345000000092e+01 1.179933609312646459e+00 1.611001686999999905e+00
1.617521870999999933e+01 1.212386757978359375e+00 1.661479015999999920e+00
1.576558591000000042e+01 9.197800417076756885e-01 1.815364248999999930e+00
1.554697642000000002e+01 1.293871124984143639e-01 2.096628863999999925e+00
1.610299188999999842e+01 1.732444125647800925e+00 1.399214343999999999e+00
1.624296821000000079e+01 1.711736770020693355e+00 1.423288182999999929e+00
1.659850605999999829e+01 1.514165544444777023e+00 1.519115127999999926e+00
1.697268884000000000e+01 1.291158062606609258e+00 1.582250879000000054e+00
1.727209665999999899e+01 1.041591816330504239e+00 1.621048717999999944e+00
1.748510600999999909e+01 7.283571678724414244e-01 1.660616204999999956e+00
1.765246425000000130e+01 3.767429134587312323e-01 1.733249993000000044e+00
1.782573620999999875e+01 3.237398129051002882e-01 1.842763748999999951e+00
1.795692135999999905e+01 3.507589403695289265e-01 1.916841306000000023e+00
1.795697391999999937e+01 3.506303966237064862e-01 1.915240733000000084e+00
1.782584431000000080e+01 3.235741630581914219e-01 1.837347829999999904e+00
1.765252647000000152e+01 3.767788324935076316e-01 1.722695384999999968e+00
1.748510325999999893e+01 7.284332991445005012e-01 1.645260686999999944e+00
1.727206761000000057e+01 1.041618329648024810e+00 1.602523385000000022e+00
1.697265034999999855e+01 1.291114742315296660e+00 1.561950973999999936e+00
1.659844422000000108e+01 1.514105786312024193e+00 1.498494325000000016e+00
1.624288319000000058e+01 1.711770276204874319e+00 1.407175607000000106e+00
1.702124359000000098e+01 1.081503407589180732e+00 1.496315783000000010e+00
1.712382266999999914e+01 1.069613006751241713e+00 1.527599053000000096e+00
1.737002346999999958e+01 9.959729349416691635e-01 1.591679856000000060e+00
1.763123172999999966e+01 8.492097514878959030e-01 1.652577331000000038e+00
1.781291271999999992e+01 6.690151972738288544e-01 1.696913421000000088e+00
1.787548587999999938e+01 4.916128078004302071e-01 1.727601960000000103e+00
1.782524950000000175e+01 3.232414109408858205e-01 1.758029048000000039e+00
1.773238592999999952e+01 2.229637875145333570e-01 1.832422769999999979e+00
1.771967251999999959e+01 4.314827569292093989e-01 1.956939068000000059e+00
1.771978143000000117e+01 4.312987836967332456e-01 1.954478761999999925e+00
1.773257153000000130e+01 2.227799865185569050e-01 1.823227461999999965e+00
1.782534425000000056e+01 3.230950046129467124e-01 1.743254972999999985e+00
1.787551420000000135e+01 4.915690893520793803e-01 1.709735495000000105e+00
1.781290315000000035e+01 6.690095494161041323e-01 1.677387846000000016e+00
1.763119555999999832e+01 8.492146908243300985e-01 1.632767236000000066e+00
1.736996727000000007e+01 9.959822012027416127e-01 1.573836946999999986e+00
1.712377237000000108e+01 1.069617434392685418e+00 1.516117959000000015e+00
1.747865718999999984e+01 4.250402211727758450e-01 1.575940072999999941e+00
1.756302055999999823e+01 4.665851238376095278e-01 1.602194290999999993e+00
1.776368803000000085e+01 4.827015986324890151e-01 1.656022427999999991e+00
1.797082144000000170e+01 3.989447115321613779e-01 1.711163436999999954e+00
1.809562714999999855e+01 2.728199705140429976e-01 1.753565792999999928e+00
1.809323798999999866e+01 2.421293218042558371e-01 1.780656049000000074e+00
1.795616717000000051e+01 3.510373417475408653e-01 1.795751725999999993e+00
1.771883327999999835e+01 4.315407036991235068e-01 1.811508847000000033e+00
1.750550631000000124e+01 3.286415367203879834e-01 1.921342579000000050e+00
1.750580457999999950e+01 3.285228912285312886e-01 1.916522080000000017e+00
1.771892536000000007e+01 4.313246765117590975e-01 1.798626486999999941e+00
1.795618713000000000e+01 3.509023824849336615e-01 1.779257660999999935e+00
1.809323218999999838e+01 2.420223636345183449e-01 1.762109262000000065e+00
1.809560756000000126e+01 2.727668593389308005e-01 1.733988003999999972e+00
1.797078896000000015e+01 3.989268744849047699e-01 1.691905057999999906e+00
1.776364566000000167e+01 4.826850879124359728e-01 1.639383145999999902e+00
1.756298655999999880e+01 4.665551077428367610e-01 1.591978375999999917e+00
1.528772550000000052e+01 7.913618035080989543e-02 2.159027066999999800e+00
1.531950156999999990e+01 1.132134629897731670e-01 2.185443097999999917e+00
1.537955402999999954e+01 1.418010169099097606e-01 2.176042800999999915e+00
1.545636284999999965e+01 1.819920235520014196e-01 2.155365870999999878e+00
1.556152501000000044e+01 2.817528066462639535e-01 2.113319601999999797e+00
1.578222431000000014e+01 7.858723710171156007e-01 1.930214925000000026e+00
1.651742958000000172e+01 1.487112787477661513e+00 1.645256457999999977e+00
1.729300646000000086e+01 1.001120515220498497e+00 1.676735491999999939e+00
1.769543539000000010e+01 4.635409807464048737e-01 1.712604264999999959e+00
1.769528946000000147e+01 4.638199457910910373e-01 1.712060310000000030e+00
1.729256618999999873e+01 1.001514702295323467e+00 1.675605228000000002e+00
1.651686315999999977e+01 1.486905378804488587e+00 1.643832882000000106e+00
1.578275224999999971e+01 7.845594663874574382e-01 1.908261546000000086e+00
1.556240541999999927e+01 2.820986711429511185e-01 2.071821412999999890e+00
1.545718162000000007e+01 1.824545302131336810e-01 2.100722724999999791e+00
1.538020423000000036e+01 1.422479838580935629e-01 2.110496529000000177e+00
1.531989830000000019e+01 1.136143623840153993e-01 2.122757426999999808e+00
1.531916728999999933e+01 1.132692140962448524e-01 2.131843830999999856e+00
1.531876714999999933e+01 1.089895585722239074e-01 2.154775696999999823e+00
1.535772651000000089e+01 1.561745453443503240e-01 2.167129740000000027e+00
1.543972096999999977e+01 1.778460605954112483e-01 2.146862823000000198e+00
1.554270101000000004e+01 2.563016887047137593e-01 2.109122933000000089e+00
1.576606985999999999e+01 9.194429306727079920e-01 1.879202755999999974e+00
1.659898504999999957e+01 1.513862737941185754e+00 1.639482340000000038e+00
1.737038855000000126e+01 9.957019385200298611e-01 1.687331394000000095e+00
1.776392815999999897e+01 4.825299374284496845e-01 1.724105205000000085e+00
1.776381543999999835e+01 4.827310823308901266e-01 1.723499845000000086e+00
1.737003999999999948e+01 9.960122061643407188e-01 1.686050263000000049e+00
1.659847827000000109e+01 1.513838098169282942e+00 1.638728163999999987e+00
1.576657218000000071e+01 9.171180734700609127e-01 1.859664307999999933e+00
1.554374750000000027e+01 2.565234855314415530e-01 2.068348395000000117e+00
1.544070301000000001e+01 1.781763319535991374e-01 2.094462184000000171e+00
1.535842008999999919e+01 1.565619434496809681e-01 2.102192703000000051e+00
1.531896436000000072e+01 1.091179713557835357e-01 2.109286465999999916e+00
1.537897577000000027e+01 1.422303208981500200e-01 2.093461244000000221e+00
1.535708615000000066e+01 1.566135934492493276e-01 2.083129979000000187e+00
1.529767387000000056e+01 1.840588181141527557e-01 2.139761306000000030e+00
1.541206419000000061e+01 1.631484632831184667e-01 2.109766706999999908e+00
1.551525761999999986e+01 1.456430549041797529e-01 2.087303238000000061e+00
1.587317795000000054e+01 1.561931339680691755e+00 1.661951065000000005e+00
1.683850385999999943e+01 1.463587174757666087e+00 1.661648111999999955e+00
1.756573829999999958e+01 9.469717206118306585e-01 1.719553054999999997e+00
1.793156554000000114e+01 4.819809127236955315e-01 1.756329081999999930e+00
1.793148103000000049e+01 4.821158348433733365e-01 1.755534477999999954e+00
1.756546357999999941e+01 9.472207853303320491e-01 1.717700481999999917e+00
1.683802040999999861e+01 1.463797098070416913e+00 1.660824928000000034e+00
1.587269485999999930e+01 1.561409914180840630e+00 1.667501550000000110e+00
1.551639366000000031e+01 1.456707901895658852e-01 2.057156355000000048e+00
1.541317349000000014e+01 1.632785316769429507e-01 2.074895473999999851e+00
1.529858079999999987e+01 1.855841574883711209e-01 2.093364173999999966e+00
1.535716576000000089e+01 1.565684903704330777e-01 2.082318512000000066e+00
1.545576480000000075e+01 1.826938009373701710e-01 2.061504955000000194e+00
1.543910645999999964e+01 1.784790823017737282e-01 2.048519484999999918e+00
1.541144517000000036e+01 1.632921965581922985e-01 2.024843307999999897e+00
1.547439147999999953e+01 2.818581085614934034e-01 2.010743381999999801e+00
1.565615127999999956e+01 5.932310789798200812e-01 1.917118861000000063e+00
1.626664161000000064e+01 1.469017031669923368e+00 1.683884106999999908e+00
1.714101699000000067e+01 1.297022556949537497e+00 1.700530005999999927e+00
1.778574831999999972e+01 8.307105658372574419e-01 1.762253574000000045e+00
1.811042098000000067e+01 4.093156600305211668e-01 1.799698709000000063e+00
1.811035980000000123e+01 4.094084375407313070e-01 1.798591851999999935e+00
1.778553720000000027e+01 8.309105669813485751e-01 1.759358377999999945e+00
1.714060328000000055e+01 1.297269929463175320e+00 1.697663007000000057e+00
1.626610562000000115e+01 1.468758508408610330e+00 1.687246511999999976e+00
1.565652915999999983e+01 5.914084214539662154e-01 1.922552035999999909e+00
1.547516287999999918e+01 2.814659175901225163e-01 2.017995772999999993e+00
1.541178737000000076e+01 1.632406134165705625e-01 2.050536248999999867e+00
1.543920943000000001e+01 1.783890316904480078e-01 2.059799057999999849e+00
1.556112378000000085e+01 2.829272574673750706e-01 2.022606643000000037e+00
1.554229342000000003e+01 2.574874564260520859e-01 2.015901205000000029e+00
1.551468973000000062e+01 1.457380399497384127e-01 2.007040799999999958e+00
1.565593862999999963e+01 5.936233940852627677e-01 1.900075528999999985e+00
1.602462570000000142e+01 1.069040504999589913e+00 1.732383169000000001e+00
1.668175627999999833e+01 1.305994025455808449e+00 1.661750464000000038e+00
1.740696297999999942e+01 1.065743552751918566e+00 1.728700536999999926e+00
1.794502390999999974e+01 6.758706079762591967e-01 1.803200820999999898e+00
1.822011910000000157e+01 3.081339796621256344e-01 1.844656682000000103e+00
1.822007802999999981e+01 3.081856560675926282e-01 1.843118408000000041e+00
1.794486969000000087e+01 6.760199176738453941e-01 1.798805073000000032e+00
1.740663140999999925e+01 1.065976028324535640e+00 1.722331915999999907e+00
1.668128267000000164e+01 1.305982095051217096e+00 1.655428667000000020e+00
1.602454940999999877e+01 1.067919260451873242e+00 1.726620051000000045e+00
1.565646100000000018e+01 5.929596675061082900e-01 1.901653948000000094e+00
1.551502076999999957e+01 1.457397871821095592e-01 2.031575145000000138e+00
1.554240354999999951e+01 2.573549419489870593e-01 2.025739673999999990e+00
1.578242619000000069e+01 7.873562058725159796e-01 1.846982963999999949e+00
1.576647110999999946e+01 9.212931111804547601e-01 1.798459397000000015e+00
1.587369789999999981e+01 1.560912856177256947e+00 1.578555104999999958e+00
1.626664862000000156e+01 1.469086365867195099e+00 1.593875630000000099e+00
1.668165546999999904e+01 1.306003525171406165e+00 1.592804158000000081e+00
1.713286886999999936e+01 1.025296081482417687e+00 1.640236752999999936e+00
1.760914147000000085e+01 7.640562082443147496e-01 1.742538499999999990e+00
1.800215241000000077e+01 5.193787969271932425e-01 1.836779930000000061e+00
1.821706328000000141e+01 2.861080921575973601e-01 1.886941076000000050e+00
1.821704185000000109e+01 2.860971791607317405e-01 1.884825801000000078e+00
1.800205683000000079e+01 5.194463876696214788e-01 1.830254805000000040e+00
1.760891700000000171e+01 7.642124029687002995e-01 1.730814603000000007e+00
1.713256241999999929e+01 1.025420986577569860e+00 1.621281624999999948e+00
1.668144743999999946e+01 1.305870463857273789e+00 1.564899288000000110e+00
1.626659023999999931e+01 1.468526918348326049e+00 1.557496320000000045e+00
1.587362103000000069e+01 1.560492840294310124e+00 1.531896350000000018e+00
1.576648016000000041e+01 9.209139084015753873e-01 1.787807590999999974e+00
1.651739867999999944e+01 1.486641166874359987e+00 1.508749313000000036e+00
1.659906747999999865e+01 1.513483040255431566e+00 1.510737809999999959e+00
1.683855064999999840e+01 1.463470549840568458e+00 1.542228119000000008e+00
1.714095614000000012e+01 1.297066450892990552e+00 1.591188360999999940e+00
1.740679901000000029e+01 1.065799394931368438e+00 1.630947498000000051e+00
1.760895939999999982e+01 7.639964991772969505e-01 1.673728426000000047e+00
1.778006256999999835e+01 4.366715585937424038e-01 1.749390181000000100e+00
1.796098375000000047e+01 3.732808841927064969e-01 1.857140027000000027e+00
1.809459208999999902e+01 3.721119105525864112e-01 1.926464187000000106e+00
1.809459642999999929e+01 3.720476631984310223e-01 1.923530535000000041e+00
1.796096637999999857e+01 3.732056532356061163e-01 1.847203227000000059e+00
1.777998033000000078e+01 4.367439007970450038e-01 1.730031708000000057e+00
1.760883357999999888e+01 7.641156455805097059e-01 1.645537441000000101e+00
1.740666509000000062e+01 1.065858967042335514e+00 1.596939040000000087e+00
1.714081979999999916e+01 1.297076444372965431e+00 1.554379426999999980e+00
1.683841024999999902e+01 1.463489797207141452e+00 1.507413493000000049e+00
1.659897318000000155e+01 1.513492349699887995e+00 1.488791882999999983e+00
1.729279886000000133e+01 1.001259016284792747e+00 1.565245345999999982e+00
1.737029955999999942e+01 9.958203507395638754e-01 1.587276469000000079e+00
1.756569689999999895e+01 9.470806404872774698e-01 1.630868146000000074e+00
1.778566400000000058e+01 8.308111799922198726e-01 1.678860507000000002e+00
1.794483656999999965e+01 6.759858510697893674e-01 1.717530098999999977e+00
1.800185743999999843e+01 5.194843254864424109e-01 1.746264867000000054e+00
1.796067280999999838e+01 3.731764208961304008e-01 1.776362001000000079e+00
1.788637415999999902e+01 2.909413438152768649e-01 1.848523963999999964e+00
1.788720410999999899e+01 4.434033831991443519e-01 1.964123140999999961e+00
1.788726640999999873e+01 4.432657042673608938e-01 1.959823579000000038e+00
1.788646896999999925e+01 2.908128602290654952e-01 1.832390906999999958e+00
1.796068049000000144e+01 3.730777910860857971e-01 1.750264268000000012e+00
1.800180780999999897e+01 5.194570959219958484e-01 1.714481375000000085e+00
1.794475836999999885e+01 6.759911441224841777e-01 1.682785973999999962e+00
1.778556907000000109e+01 8.308303710000207731e-01 1.644054802000000093e+00
1.756559894000000099e+01 9.471027396676297005e-01 1.600635043000000035e+00
1.737023342999999898e+01 9.958311067994577437e-01 1.568940023999999989e+00
1.769530602000000030e+01 4.637084521811805637e-01 1.630763219999999958e+00
1.776387766999999940e+01 4.827072578928840452e-01 1.652701940999999897e+00
1.793155162000000047e+01 4.821304432592596334e-01 1.693978994999999932e+00
1.811036435999999838e+01 4.094530697282719456e-01 1.738794205000000037e+00
1.821995199999999926e+01 3.083845298806445756e-01 1.775078622000000106e+00
1.821675212999999971e+01 2.865369268205680831e-01 1.799179612999999955e+00
1.809413991999999993e+01 3.725316918882985440e-01 1.813219542999999989e+00
1.788666518999999866e+01 4.436744225334766090e-01 1.827367803000000013e+00
1.770719868999999846e+01 3.902403050531481621e-01 1.925551655999999889e+00
1.770746004000000084e+01 3.901628323970499079e-01 1.917628915000000100e+00
1.788670860999999945e+01 4.434619197468143703e-01 1.805624295999999962e+00
1.809410450000000026e+01 3.723946887217691737e-01 1.784580744999999968e+00
1.821669337000000155e+01 2.864365674628286951e-01 1.766491749000000056e+00
1.821988641000000086e+01 3.083294105263756357e-01 1.740447942999999942e+00
1.811029432999999855e+01 4.094339695414295210e-01 1.705000547000000033e+00
1.793148314000000099e+01 4.821195830958089901e-01 1.665438081000000015e+00
1.776383231000000151e+01 4.826926133142089848e-01 1.635747905999999974e+00
1.535006070999999928e+01 1.043799091471626084e-01 2.161362291000000102e+00
1.538298383999999963e+01 1.366731156399028368e-01 2.161280946999999841e+00
1.545590544000000044e+01 1.821350087694298403e-01 2.120794878999999966e+00
1.555932652000000083e+01 2.683128570982902250e-01 2.062709196000000134e+00
1.573787957999999954e+01 5.057247009575916996e-01 1.962617418000000002e+00
1.616139654999999919e+01 1.114252930906400652e+00 1.757082027000000046e+00
1.691565068999999966e+01 1.269030906623823229e+00 1.675588677999999998e+00
1.757204684999999955e+01 8.450053302269437960e-01 1.722360330000000106e+00
1.791524293000000156e+01 3.783939139809615604e-01 1.759833642000000031e+00
1.791512034999999869e+01 3.786705395681563835e-01 1.759300647000000106e+00
1.757170324999999877e+01 8.453047150770306439e-01 1.721523597000000017e+00
1.691529639999999901e+01 1.268767476270924011e+00 1.676239543000000110e+00
1.616181401000000051e+01 1.112725917799424646e+00 1.753868589999999950e+00
1.573898888000000085e+01 5.055889291001215424e-01 1.938617838000000093e+00
1.556039872999999929e+01 2.686996008333275010e-01 2.019885268999999983e+00
1.545672290000000082e+01 1.825942673620725432e-01 2.066071377000000098e+00
1.538344093000000079e+01 1.371105600604316799e-01 2.113334778000000025e+00
1.538294662999999929e+01 1.368746005647718811e-01 2.134112691999999978e+00
1.539357771000000064e+01 1.256138231778005099e-01 2.140579186000000078e+00
1.543935650999999964e+01 1.779548815024411257e-01 2.112578983000000132e+00
1.553652431999999983e+01 2.751989896394212431e-01 2.056710815999999831e+00
1.571602666000000070e+01 5.250500620765146120e-01 1.953222009000000092e+00
1.617551638999999852e+01 1.213001492293050987e+00 1.728237736999999941e+00
1.697321154000000121e+01 1.291029920940475417e+00 1.674313667999999922e+00
1.763169090999999966e+01 8.489921595924757591e-01 1.728876179000000013e+00
1.797116687999999840e+01 3.987955154145524372e-01 1.767224120999999926e+00
1.797106168999999909e+01 3.990157645845254786e-01 1.766552461999999935e+00
1.763138388999999862e+01 8.492650562313532880e-01 1.727584255000000013e+00
1.697284259999999989e+01 1.290871920261245531e+00 1.674322607999999990e+00
1.617582187000000005e+01 1.211282779850334501e+00 1.725920544999999917e+00
1.571721870999999915e+01 5.246886038628469917e-01 1.929055468999999912e+00
1.553766021999999936e+01 2.755544936792848065e-01 2.013708541000000185e+00
1.544007344000000082e+01 1.784808206049031398e-01 2.059043598999999780e+00
1.539384152000000050e+01 1.257478726053911089e-01 2.101990310999999778e+00
1.545582508999999938e+01 1.826583199744413188e-01 2.080955558999999955e+00
1.543920870000000001e+01 1.783899349733618911e-01 2.081680668000000178e+00
1.541172753999999934e+01 1.632176508241010571e-01 2.074823872000000069e+00
1.547458959000000078e+01 2.814876349899440022e-01 2.039506916000000114e+00
1.565612010000000076e+01 5.928967418813830825e-01 1.922314531000000049e+00
1.626661735000000064e+01 1.469226450733138067e+00 1.663708670999999972e+00
1.714107858999999934e+01 1.297028437555139080e+00 1.684871020000000108e+00
1.778580432000000044e+01 8.306492086813991316e-01 1.750407963000000011e+00
1.811044766999999922e+01 4.092608532037823044e-01 1.789577927999999929e+00
1.811035708000000000e+01 4.094344836660606113e-01 1.788544415000000054e+00
1.778552059000000085e+01 8.309240934792384570e-01 1.747909439000000065e+00
1.714063154999999838e+01 1.297140100876944535e+00 1.682845836999999900e+00
1.626642757999999844e+01 1.467976411232223777e+00 1.663503195000000101e+00
1.565730622000000061e+01 5.918132619681378825e-01 1.897771171000000034e+00
1.547576034000000078e+01 2.818219373264553296e-01 1.995410689999999931e+00
1.541215077000000022e+01 1.632627750508171827e-01 2.033283890999999954e+00
1.543932341000000008e+01 1.782665063475313283e-01 2.064835401999999931e+00
1.555931591000000047e+01 2.691418422594347715e-01 2.016018576000000007e+00
1.553647703999999941e+01 2.761088047814328483e-01 2.010266221000000186e+00
1.547443136999999957e+01 2.825363062187087326e-01 1.990133425000000011e+00
1.540916617000000066e+01 2.231588074065884719e-01 2.003979596999999835e+00
1.561828827000000075e+01 1.026373442740566633e+00 1.758083776000000098e+00
1.651049048999999869e+01 1.569042227694438907e+00 1.641813645999999904e+00
1.737197194999999894e+01 1.210709569447091294e+00 1.711674318000000028e+00
1.796694139999999962e+01 7.541181151394508175e-01 1.783460677999999966e+00
1.826319289999999995e+01 3.581558769216507399e-01 1.823205658000000007e+00
1.826311832000000024e+01 3.583028378708891792e-01 1.821668854999999976e+00
1.796669237000000052e+01 7.543877686563987828e-01 1.779265343999999915e+00
1.737150654999999944e+01 1.211006070740052953e+00 1.706329981999999967e+00
1.650987002999999831e+01 1.568988572120444180e+00 1.639352629000000006e+00
1.561810655000000025e+01 1.024823866048084842e+00 1.767974144000000081e+00
1.541044710999999978e+01 2.243247244610152291e-01 1.971626418000000047e+00
1.547453224999999932e+01 2.822997587172769163e-01 1.986429216000000109e+00
1.553652534999999979e+01 2.759773621207845529e-01 2.007476765999999913e+00
1.573814722999999915e+01 5.067667976128492624e-01 1.913419981000000103e+00
1.571635485000000010e+01 5.262677941329162445e-01 1.907123616000000021e+00
1.565657941000000086e+01 5.948516007499458080e-01 1.881591081999999915e+00
1.561935949000000079e+01 1.026237577176311699e+00 1.753166664000000097e+00
1.607449898000000132e+01 1.487706511659278030e+00 1.597588733000000039e+00
1.687010353999999879e+01 1.390712725387194482e+00 1.636420184999999972e+00
1.759665011999999962e+01 1.029519510085193934e+00 1.738786364999999945e+00
1.810451366999999934e+01 6.324403904678506105e-01 1.819437240000000067e+00
1.835998825000000068e+01 2.785166963551140573e-01 1.861652016999999937e+00
1.835993124000000165e+01 2.786341680299456725e-01 1.859495043999999986e+00
1.810431150000000144e+01 6.326776589803806417e-01 1.813104331999999985e+00
1.759623398000000094e+01 1.029856864360424007e+00 1.728767313000000083e+00
1.686944031999999893e+01 1.390990476314345692e+00 1.623552469999999914e+00
1.607393946999999912e+01 1.486524673053940537e+00 1.579857870999999969e+00
1.561954661999999949e+01 1.023885431465490825e+00 1.694063080999999915e+00
1.565656914999999927e+01 5.943258077805088080e-01 1.869836488000000019e+00
1.571636821999999967e+01 5.260720916541794523e-01 1.902578799000000043e+00
1.616187288000000066e+01 1.114050183438217267e+00 1.682522829999999914e+00
1.617612255999999959e+01 1.212730434816802871e+00 1.658360327000000023e+00
1.626732945999999913e+01 1.468421081165392161e+00 1.585718855000000094e+00
1.651096263999999891e+01 1.568472413146056565e+00 1.550037349999999980e+00
1.687025673999999853e+01 1.390627036096403479e+00 1.564508956000000062e+00
1.731481564999999989e+01 1.053806176635273317e+00 1.640671302000000109e+00
1.778449185999999926e+01 7.600078276021703383e-01 1.756886192000000069e+00
1.815954852000000130e+01 4.985238264958972154e-01 1.851674330000000035e+00
1.836084638999999896e+01 2.636848258801020584e-01 1.900358487000000096e+00
1.836080881999999903e+01 2.637355908450434994e-01 1.897428625999999952e+00
1.815940395999999879e+01 4.986877961384371671e-01 1.842527500999999956e+00
1.778417877000000047e+01 7.602684186167797398e-01 1.740168750000000042e+00
1.731435092999999981e+01 1.054061061084785589e+00 1.613363761000000007e+00
1.686980730000000150e+01 1.390739447629729453e+00 1.524147512000000093e+00
1.651062180999999995e+01 1.568348795905143644e+00 1.500272980000000089e+00
1.626710727000000034e+01 1.468213573080295653e+00 1.542306479999999924e+00
1.617605205999999995e+01 1.212536482053309550e+00 1.638302587999999949e+00
1.691566407999999910e+01 1.268559697901236349e+00 1.565064926000000023e+00
1.697334968999999916e+01 1.290617302773621633e+00 1.572744026999999933e+00
1.714128443999999973e+01 1.296741301285636139e+00 1.587809465000000086e+00
1.737214239000000049e+01 1.210575696601594364e+00 1.616846953000000031e+00
1.759671978000000081e+01 1.029505768313214720e+00 1.649769465999999962e+00
1.778447291000000163e+01 7.600255208931123718e-01 1.692810955999999978e+00
1.795540593000000129e+01 4.631983974383339642e-01 1.769471503999999973e+00
1.813330214000000140e+01 3.705837043311536183e-01 1.872749363999999916e+00
1.825983014999999909e+01 3.390580315275160128e-01 1.937361917999999905e+00
1.825981960000000015e+01 3.390369977823307623e-01 1.933393750000000022e+00
1.813323756999999858e+01 3.706185846640304149e-01 1.859391749999999899e+00
1.795523893000000015e+01 4.633351868411673125e-01 1.743935301000000049e+00
1.778423088999999990e+01 7.601878739567479171e-01 1.656251740000000083e+00
1.759646015999999946e+01 1.029639550835624418e+00 1.606492180999999908e+00
1.737190083999999857e+01 1.210666105980557239e+00 1.571835526999999955e+00
1.714109536999999861e+01 1.296786094397132327e+00 1.548664674000000074e+00
1.697325392000000122e+01 1.290615439574884560e+00 1.549992551999999968e+00
1.757185072000000048e+01 8.449243066398388624e-01 1.628597419999999962e+00
1.763161872999999957e+01 8.489288614989032311e-01 1.646368520000000002e+00
1.778583872000000099e+01 8.306271353346520447e-01 1.676616931000000088e+00
1.796700385000000111e+01 7.541212048185453876e-01 1.711701469999999947e+00
1.810452541000000082e+01 6.324878917549746626e-01 1.742712314999999901e+00
1.815947436000000081e+01 4.986264289633509095e-01 1.768367714999999896e+00
1.813317766000000120e+01 3.706433918455783738e-01 1.798025331000000060e+00
1.808036612000000076e+01 3.007144573450571956e-01 1.866303161000000044e+00
1.808860127999999889e+01 4.041135347756287244e-01 1.970500947999999974e+00
1.808865173999999953e+01 4.040168536805968102e-01 1.964904482999999979e+00
1.808041210000000021e+01 3.006468514448903950e-01 1.845972069999999965e+00
1.813310815000000176e+01 3.705654764362635301e-01 1.765408446999999992e+00
1.815933908999999957e+01 4.986301226785798124e-01 1.728556809999999944e+00
1.810436913999999931e+01 6.325304188059592825e-01 1.699350270999999912e+00
1.796685238999999967e+01 7.541694431417077515e-01 1.668951925000000003e+00
1.778571578000000031e+01 8.306612335548904102e-01 1.640671097000000023e+00
1.763155112000000102e+01 8.489421331091486778e-01 1.625365452999999905e+00
1.791506226999999996e+01 3.783406442514720136e-01 1.687540298999999910e+00
1.797108465000000166e+01 3.988072234565981922e-01 1.706098434000000053e+00
1.811046887999999910e+01 4.093256473161340225e-01 1.736917644000000038e+00
1.826325242000000060e+01 3.582263448618701052e-01 1.770819530999999891e+00
1.836000805000000113e+01 2.786630868614161649e-01 1.799388090000000107e+00
1.836077613999999869e+01 2.639824895138339067e-01 1.819379053000000024e+00
1.825965564999999913e+01 3.393938707069306671e-01 1.832128905999999890e+00
1.808834909000000124e+01 4.043842974502573351e-01 1.845446106999999891e+00
1.794312840999999992e+01 3.741495933766248450e-01 1.931786760000000047e+00
1.794337245999999908e+01 3.740989396965334057e-01 1.922270359999999956e+00
1.808834694000000098e+01 4.041616641691669343e-01 1.819411150000000088e+00
1.825956007999999997e+01 3.392543902708631820e-01 1.797037693000000047e+00
1.836065668000000173e+01 2.638994643873751600e-01 1.778796848999999902e+00
1.835989229000000122e+01 2.786260210056744069e-01 1.756275961000000052e+00
1.826315075999999848e+01 3.582145116788497674e-01 1.729084480999999895e+00
1.811039015000000063e+01 4.093191531711822262e-01 1.702336193000000053e+00
1.797104175999999853e+01 3.988016186056801415e-01 1.686019543000000009e+00
1.542458522999999992e+01 1.150843429499520121e-01 2.164308558000000104e+00
1.545852426999999985e+01 1.562212555569927330e-01 2.146911959000000092e+00
1.556078091000000008e+01 2.819708526052344122e-01 2.064402529000000097e+00
1.573752258999999931e+01 5.057636891084394959e-01 1.943979925999999914e+00
1.603794328000000036e+01 8.408590874398502724e-01 1.790865527000000013e+00
1.656365604999999874e+01 1.128978108391867519e+00 1.672262732000000085e+00
1.722537945999999920e+01 1.022116745354423317e+00 1.691210246000000028e+00
1.776294668999999971e+01 6.560736814391591176e-01 1.758756415999999989e+00
1.804680727999999945e+01 2.370596946411928363e-01 1.802061625999999972e+00
1.804672138999999831e+01 2.373033644431149503e-01 1.801582237000000086e+00
1.776271528999999916e+01 6.562531525713064529e-01 1.758397345999999972e+00
1.722516536999999914e+01 1.021886781421785795e+00 1.693956854000000067e+00
1.656391445999999945e+01 1.127871826387772280e+00 1.679452603000000099e+00
1.603888776000000149e+01 8.398746088776559704e-01 1.790130140000000036e+00
1.573862397000000080e+01 5.056151147635229437e-01 1.921381070000000024e+00
1.556165595000000046e+01 2.823050262387861165e-01 2.023508211999999862e+00
1.545899733999999981e+01 1.566508322810829523e-01 2.110486944999999892e+00
1.545870071000000046e+01 1.567029005839597477e-01 2.135618098000000131e+00
1.547152666000000032e+01 1.342284248363642962e-01 2.130841515000000186e+00
1.554212974000000003e+01 2.564163414699204835e-01 2.062426687999999952e+00
1.571576924000000020e+01 5.250575868174160998e-01 1.936033413999999953e+00
1.603193899000000044e+01 8.917042872308710288e-01 1.777192463000000000e+00
1.658948931000000115e+01 1.180463164247747443e+00 1.662421817000000024e+00
1.727263725999999977e+01 1.041625514130050556e+00 1.693231351999999967e+00
1.781347217000000072e+01 6.688640126219789206e-01 1.763816462000000085e+00
1.809611306000000042e+01 2.725743646612296400e-01 1.807196801999999991e+00
1.809603265999999877e+01 2.727688232078929742e-01 1.806500226999999903e+00
1.781324335000000048e+01 6.690489953502222198e-01 1.762708570000000030e+00
1.727237883999999823e+01 1.041465247609883349e+00 1.694516533999999908e+00
1.658964117000000016e+01 1.179339744469877216e+00 1.668089275999999899e+00
1.603287472999999963e+01 8.904955925085705770e-01 1.776306657999999983e+00
1.571689645000000013e+01 5.249597866765731702e-01 1.913606927000000013e+00
1.554289162000000069e+01 2.569894753023735934e-01 2.021466238999999998e+00
1.547182171000000039e+01 1.343365503360697266e-01 2.099573862999999818e+00
1.556121721999999963e+01 2.828963581591635856e-01 2.062052539000000184e+00
1.554242482999999986e+01 2.574598035970248611e-01 2.064472235000000211e+00
1.551493168000000011e+01 1.457309970807771082e-01 2.051704285000000016e+00
1.565604148999999978e+01 5.931778042190594125e-01 1.910458800000000013e+00
1.602456898000000152e+01 1.069143467264090930e+00 1.730978244999999971e+00
1.668177465999999853e+01 1.306202981097939864e+00 1.641778010999999982e+00
1.740704098999999871e+01 1.065747429061027152e+00 1.704140854999999899e+00
1.794508915000000115e+01 6.757938295183435473e-01 1.780161574000000080e+00
1.822014731000000154e+01 3.080602592938258555e-01 1.823247704999999996e+00
1.822007143000000084e+01 3.082196470877872074e-01 1.822010268999999960e+00
1.794485472999999942e+01 6.760128404720756601e-01 1.777180248999999934e+00
1.740668893999999867e+01 1.065784246563265203e+00 1.701609833000000016e+00
1.668161908000000082e+01 1.305353852118729341e+00 1.642584516999999966e+00
1.602529979999999910e+01 1.067342374116397874e+00 1.729467497999999992e+00
1.565717951000000063e+01 5.929798640872324667e-01 1.889102904000000027e+00
1.551538479999999964e+01 1.457127980845522586e-01 2.015529680999999851e+00
1.554252475000000011e+01 2.571138029367837086e-01 2.047926291000000010e+00
1.573820101999999999e+01 5.068269754981993280e-01 1.953679331000000019e+00
1.571645417000000045e+01 5.264096222012992765e-01 1.947973222999999976e+00
1.565668690999999946e+01 5.949819021712959843e-01 1.920861707999999890e+00
1.561924467000000050e+01 1.027509884454870903e+00 1.787528484999999945e+00
1.607455622999999889e+01 1.487858805438430521e+00 1.615846691000000002e+00
1.687014346000000131e+01 1.390763466699272755e+00 1.629604381000000046e+00
1.759668206999999995e+01 1.029505224751120274e+00 1.726162192000000095e+00
1.810453254000000101e+01 6.324098182346310493e-01 1.806397237999999961e+00
1.835999328999999847e+01 2.784931526184201145e-01 1.849085262000000007e+00
1.835992681999999832e+01 2.786417299983410811e-01 1.847153019999999923e+00
1.810431146999999896e+01 6.326562892280758188e-01 1.801012379000000108e+00
1.759627675999999852e+01 1.029746638355690802e+00 1.718554042999999920e+00
1.686963461999999936e+01 1.390619933377708284e+00 1.621814552000000020e+00
1.607456303000000020e+01 1.485402763740470755e+00 1.610368333999999901e+00
1.561958042000000013e+01 1.024632044934012720e+00 1.796750923999999916e+00
1.565650027000000044e+01 5.939422982276996166e-01 1.911390111000000003e+00
1.571636890000000086e+01 5.259850287092242560e-01 1.941259864000000057e+00
1.603872472999999843e+01 8.412448453842678031e-01 1.792657962999999910e+00
1.603285603000000137e+01 8.922450116775388906e-01 1.783932681000000020e+00
1.602564694000000145e+01 1.069639884311444744e+00 1.738869537000000021e+00
1.607565576000000007e+01 1.487144887406395055e+00 1.610441140999999909e+00
1.646956928000000175e+01 1.661779082350650860e+00 1.503462139999999891e+00
1.717035500000000070e+01 1.276570866337904064e+00 1.633374050000000022e+00
1.779556748999999982e+01 9.011810277153190496e-01 1.751772730999999972e+00
1.823401564999999991e+01 5.379407892851069128e-01 1.837104945999999961e+00
1.845564959000000016e+01 2.069504870248839723e-01 1.880853866000000041e+00
1.845559738000000038e+01 2.070878708794533507e-01 1.878131143000000058e+00
1.823382937999999953e+01 5.381812613097873843e-01 1.828971762999999973e+00
1.779517891000000063e+01 9.015210316718964556e-01 1.738175135999999954e+00
1.716969616000000087e+01 1.276945427982122849e+00 1.613206310999999893e+00
1.646857570999999965e+01 1.662195477924861997e+00 1.470634634999999912e+00
1.607480247999999889e+01 1.486441486143923907e+00 1.574844565000000030e+00
1.602519429000000173e+01 1.068898546319805520e+00 1.716793403000000051e+00
1.603265547000000169e+01 8.918858597470297189e-01 1.772991611999999995e+00
1.656411267000000009e+01 1.128318137467030802e+00 1.623532572000000007e+00
1.659008993000000132e+01 1.179825152769722330e+00 1.619458821999999909e+00
1.668248389000000032e+01 1.305501820074601138e+00 1.593240262999999990e+00
1.687076833000000065e+01 1.390151136633895890e+00 1.567684977000000091e+00
1.717066205000000068e+01 1.276382163864875352e+00 1.580821840999999894e+00
1.756571899000000059e+01 9.811429302602192593e-01 1.660936423999999967e+00
1.797649438999999916e+01 6.840993810526865282e-01 1.773947173000000044e+00
1.829914999000000009e+01 4.196129039217508239e-01 1.866385042000000105e+00
1.847153674999999851e+01 1.831744494370225740e-01 1.914575133999999901e+00
1.847150312999999855e+01 1.832482693844979527e-01 1.910922215999999896e+00
1.829901518999999865e+01 4.198074005759704352e-01 1.854934067999999936e+00
1.797618230000000139e+01 6.844107991947923075e-01 1.753094901000000094e+00
1.756518681000000015e+01 9.814936768271527168e-01 1.628200686000000008e+00
1.717000219000000172e+01 1.276737744924661966e+00 1.536542438999999982e+00
1.687016579999999877e+01 1.390356821105219076e+00 1.520278097000000050e+00
1.668206839000000130e+01 1.305494396704925508e+00 1.555405812999999915e+00
1.658989457999999928e+01 1.179758618009445037e+00 1.599517568000000001e+00
1.722531989999999880e+01 1.021566617027584556e+00 1.603980790000000045e+00
1.727271743000000015e+01 1.041121844393074536e+00 1.615150333000000105e+00
1.740725486999999916e+01 1.065340056167020766e+00 1.629521433000000075e+00
1.759694117000000091e+01 1.029212558025561997e+00 1.650701527000000057e+00
1.779576557000000037e+01 9.010350185556000868e-01 1.678861661000000005e+00
1.797657680000000013e+01 6.840857078035764705e-01 1.721429445999999919e+00
1.814247376000000145e+01 4.376237293118748206e-01 1.793838014000000092e+00
1.829804659999999927e+01 3.083086394160258759e-01 1.886760355999999916e+00
1.840173625999999985e+01 2.531149062021721408e-01 1.947145397000000111e+00
1.840173092999999938e+01 2.531048563891492020e-01 1.942290295000000055e+00
1.829798381999999890e+01 3.084144742219676605e-01 1.870830980000000032e+00
1.814227295999999967e+01 4.378079752963053850e-01 1.764936059999999918e+00
1.797624860000000169e+01 6.842856530640546442e-01 1.681536563999999956e+00
1.779539085000000043e+01 9.012513860453686965e-01 1.632805499999999910e+00
1.759659561000000139e+01 1.029391007871255592e+00 1.604397097999999966e+00
1.740699915000000075e+01 1.065441351192971675e+00 1.590900973999999968e+00
1.727258866000000026e+01 1.041154955352219691e+00 1.593123024000000054e+00
1.776261974999999893e+01 6.558306419013167909e-01 1.675324597999999998e+00
1.781327792000000088e+01 6.686643543302088766e-01 1.691549017999999904e+00
1.794505698000000038e+01 6.756592812316049024e-01 1.715775719999999893e+00
1.810460349999999963e+01 6.322957838288911780e-01 1.742989740999999926e+00
1.823410102000000066e+01 5.378567764478140445e-01 1.768414032999999996e+00
1.829918978999999979e+01 4.195984675283153109e-01 1.792177931999999974e+00
1.829803370999999856e+01 3.083525436374988660e-01 1.822352914000000101e+00
1.826849405000000104e+01 2.633798366976723981e-01 1.884261175000000010e+00
1.827202168999999898e+01 3.227310180537640849e-01 1.974179142000000109e+00
1.827208063000000138e+01 3.226560074011181056e-01 1.967522733000000024e+00
1.826851631999999981e+01 2.633502378963475388e-01 1.861984534999999941e+00
1.829790579999999878e+01 3.082998009525758643e-01 1.787564458000000078e+00
1.829898017000000010e+01 4.196460014557011897e-01 1.749780593999999967e+00
1.823387317999999979e+01 5.379501578892890157e-01 1.722382142999999921e+00
1.810439892999999856e+01 6.323828526291357388e-01 1.698040916000000067e+00
1.794490641999999880e+01 6.757143163260305174e-01 1.678557665999999893e+00
1.781320124000000149e+01 6.686873747768703469e-01 1.670080927000000104e+00
1.804642597000000137e+01 2.369445632610999719e-01 1.731910163000000002e+00
1.809584717999999981e+01 2.725865950249169445e-01 1.748594929000000020e+00
1.822004757999999924e+01 3.081532274961499840e-01 1.773282154999999971e+00
1.836001411999999888e+01 2.785452269986714025e-01 1.799455545999999906e+00
1.845570800000000133e+01 2.069727487701396307e-01 1.821770252000000090e+00
1.847156844999999947e+01 1.832721654982445436e-01 1.838400073000000079e+00
1.840171275000000151e+01 2.532708662491258700e-01 1.850677751999999954e+00
1.827194876000000079e+01 3.228845619711671611e-01 1.864817203999999951e+00
1.815865249999999875e+01 3.156427839278428404e-01 1.939200717000000074e+00
1.815888735000000054e+01 3.155910305274841066e-01 1.928951212999999942e+00
1.827190678999999918e+01 3.226615916405534135e-01 1.837734702000000109e+00
1.840156136999999958e+01 2.531373535583122947e-01 1.813792614000000025e+00
1.847139166999999915e+01 1.832224763633033826e-01 1.795417189999999996e+00
1.845554472999999973e+01 2.069717066178726195e-01 1.775992272999999955e+00
1.835988296000000020e+01 2.785453023069562328e-01 1.755259023000000029e+00
1.821995848999999978e+01 3.081452178229766581e-01 1.736919013000000067e+00
1.809580423999999965e+01 2.725792766328252736e-01 1.727632870000000098e+00
1.550104744999999973e+01 1.101570236875161063e-01 2.167530197000000047e+00
1.554526242000000025e+01 2.326112719072664925e-01 2.120681686999999815e+00
1.578137407000000003e+01 7.865820229938155217e-01 1.902598126000000001e+00
1.616089605000000162e+01 1.114491934347345614e+00 1.750538979000000106e+00
1.656335712999999998e+01 1.128913735806593044e+00 1.671928434000000019e+00
1.698968971000000039e+01 9.391216410174053619e-01 1.651473635000000106e+00
1.744114848999999978e+01 7.075347222991452689e-01 1.704941910999999921e+00
1.782791070000000033e+01 4.694301300908509389e-01 1.785720363000000033e+00
1.804528147999999987e+01 1.998395141261340435e-01 1.836273765999999918e+00
1.804522392000000153e+01 1.999650203479148569e-01 1.835545334999999945e+00
1.782775211999999954e+01 4.695382657209032362e-01 1.785018691000000102e+00
1.744097909999999985e+01 7.074176978638637703e-01 1.708061019000000069e+00
1.698969247000000138e+01 9.385725217822422639e-01 1.660440662000000067e+00
1.656359954999999928e+01 1.127803337852341548e+00 1.681075376999999982e+00
1.616129070999999939e+01 1.112951340199041850e+00 1.750211755000000036e+00
1.578188484000000003e+01 7.852357746204214894e-01 1.882990804999999934e+00
1.554569167999999912e+01 2.328885446327295938e-01 2.093128338000000088e+00
1.554583094999999915e+01 2.345199153905825895e-01 2.124641172000000022e+00
1.554696771000000055e+01 1.293172994949708943e-01 2.124775168000000214e+00
1.576552979999999948e+01 9.210166622608758624e-01 1.858851889999999951e+00
1.617524588999999935e+01 1.213378124924193280e+00 1.725815231999999977e+00
1.658929476999999864e+01 1.180458594722930465e+00 1.663521977999999901e+00
1.702514671000000135e+01 9.665075536066746187e-01 1.651014490999999973e+00
1.748559338999999824e+01 7.285662865647669628e-01 1.709068381000000025e+00
1.787613818999999893e+01 4.915643591853089966e-01 1.790569022999999982e+00
1.809388385000000099e+01 2.417178143697037429e-01 1.840453477000000060e+00
1.809382293000000175e+01 2.418296148076883589e-01 1.839432538000000061e+00
1.787596191000000090e+01 4.916874471950206105e-01 1.788844456000000083e+00
1.748537628000000055e+01 7.284780094643159565e-01 1.710185222000000005e+00
1.702508212000000043e+01 9.659907598678559859e-01 1.657468066999999934e+00
1.658948150000000155e+01 1.179328737592935550e+00 1.671158721000000069e+00
1.617557791000000122e+01 1.211691795145979134e+00 1.726705240000000030e+00
1.576595473999999975e+01 9.191363294748008395e-01 1.842488184999999890e+00
1.554724947999999962e+01 1.293687375588576660e-01 2.100790427999999821e+00
1.578260545999999920e+01 7.876376242250699988e-01 1.943737754999999900e+00
1.576681111999999985e+01 9.221454745203585546e-01 1.903146243999999987e+00
1.587420969000000071e+01 1.561364138263868329e+00 1.688672957000000086e+00
1.626695532000000100e+01 1.469475634262795483e+00 1.674264165000000082e+00
1.668184482999999929e+01 1.306258566954052069e+00 1.646999365999999965e+00
1.713301099999999977e+01 1.025391403635333321e+00 1.652834550999999985e+00
1.760925556999999841e+01 7.640124290604189961e-01 1.722417893000000033e+00
1.800222274000000056e+01 5.192794748512373770e-01 1.805179872999999935e+00
1.821708311000000080e+01 2.860483423083178822e-01 1.853326919999999989e+00
1.821702063000000038e+01 2.861509107043177513e-01 1.851600544000000070e+00
1.800202911999999955e+01 5.194392185657717986e-01 1.800962742999999922e+00
1.760896314000000018e+01 7.640406415313092392e-01 1.718429930999999966e+00
1.713277088999999975e+01 1.025072979352765090e+00 1.652129463000000076e+00
1.668175851999999892e+01 1.305329598376006262e+00 1.648956721000000014e+00
1.626684695000000147e+01 1.467941841763591881e+00 1.675712652999999941e+00
1.587365059000000045e+01 1.560442187619597743e+00 1.692269406999999948e+00
1.576650912999999932e+01 9.207857444230916899e-01 1.901213470000000072e+00
1.616207228000000029e+01 1.114254946678016056e+00 1.807741827000000079e+00
1.617650903999999912e+01 1.213064203393161344e+00 1.782318086999999940e+00
1.626782019999999918e+01 1.468665418302391945e+00 1.712734133000000103e+00
1.651136342999999940e+01 1.568605490086112164e+00 1.662266170000000098e+00
1.687051715000000129e+01 1.390696554070629531e+00 1.639152079000000040e+00
1.731496715999999836e+01 1.053797135039580057e+00 1.662960615999999892e+00
1.778456999000000138e+01 7.599421718084599098e-01 1.744637616999999974e+00
1.815957974999999891e+01 4.984598404100242797e-01 1.827903975999999986e+00
1.836084560000000110e+01 2.636620474409293591e-01 1.874237925999999943e+00
1.836078913000000057e+01 2.637653030364783824e-01 1.871653140000000048e+00
1.815939248999999833e+01 4.986537677919014588e-01 1.820650711000000088e+00
1.778423336999999904e+01 7.601235601780120810e-01 1.734168858000000091e+00
1.731453166000000010e+01 1.053830864896555308e+00 1.651681246000000103e+00
1.687003526999999892e+01 1.390433099691707364e+00 1.629524847000000110e+00
1.651071011999999882e+01 1.568274468383636044e+00 1.654726750000000024e+00
1.626703952000000086e+01 1.468420145197926185e+00 1.707119137999999925e+00
1.617606604999999931e+01 1.212645960283208035e+00 1.778739112000000011e+00
1.656425240000000088e+01 1.128395844196055320e+00 1.716890816999999902e+00
1.659034558000000104e+01 1.179933517719365721e+00 1.710033063000000020e+00
1.668280182000000167e+01 1.305586145936030729e+00 1.684614829000000036e+00
1.687105801999999954e+01 1.390165558399927281e+00 1.654946902999999914e+00
1.717085907999999961e+01 1.276348356841838561e+00 1.643116054999999909e+00
1.756582137999999915e+01 9.810887876418682430e-01 1.684228996000000089e+00
1.797653715999999946e+01 6.840485800781908043e-01 1.771721129999999977e+00
1.829916195999999928e+01 4.195812528471041247e-01 1.854790227000000069e+00
1.847153089000000037e+01 1.831739639125924135e-01 1.900594174000000081e+00
1.847148753000000099e+01 1.832764256129593428e-01 1.897081857000000094e+00
1.829900634999999909e+01 4.197815376157840728e-01 1.844322913000000064e+00
1.797621322999999904e+01 6.843316932766525529e-01 1.754510183000000056e+00
1.756528610000000157e+01 9.814166026668473819e-01 1.661237040000000054e+00
1.717011768000000060e+01 1.276699564572876033e+00 1.617790397000000047e+00
1.687019689999999983e+01 1.390423214082151748e+00 1.631841649999999921e+00
1.668204066999999924e+01 1.305585147925612421e+00 1.666958654999999956e+00
1.658991851000000040e+01 1.179815936509974295e+00 1.700427074999999899e+00
1.699010017000000161e+01 9.384965134951334109e-01 1.650019546000000004e+00
1.702573074000000020e+01 9.659071297817383162e-01 1.654512951999999926e+00
1.713366577000000035e+01 1.024821336797551830e+00 1.652657615999999940e+00
1.731551470000000137e+01 1.053331214902557988e+00 1.651566214000000032e+00
1.756609343999999950e+01 9.808669473580911013e-01 1.667208159000000078e+00
1.786260515000000026e+01 7.885320931148077639e-01 1.717569391999999917e+00
1.815719916000000111e+01 5.407772438757360023e-01 1.799306657000000031e+00
1.839045542999999938e+01 3.065533074082782417e-01 1.881101987000000086e+00
1.851741368000000065e+01 9.884895660839178311e-02 1.929035944000000002e+00
1.851738977000000119e+01 9.892648464185629931e-02 1.924462815000000049e+00
1.839034996000000177e+01 3.067348327814403697e-01 1.867129516000000100e+00
1.815693487000000061e+01 5.410702677584247056e-01 1.775540330999999972e+00
1.786212263999999905e+01 7.888896890679857332e-01 1.684798371000000072e+00
1.756542393000000146e+01 9.812337831036188618e-01 1.629129030999999950e+00
1.731479885999999979e+01 1.053594414530036216e+00 1.614505587000000020e+00
1.713308058999999872e+01 1.024918260508154155e+00 1.623364687000000028e+00
1.702540764000000095e+01 9.659081845019396040e-01 1.638376687000000054e+00
1.744099637000000058e+01 7.068488693814468649e-01 1.649707406999999959e+00
1.748560021999999847e+01 7.279230402697065561e-01 1.662153017000000066e+00
1.760941990999999973e+01 7.634791416171005096e-01 1.678024382000000037e+00
1.778480725000000007e+01 7.595264905030115754e-01 1.697850223999999963e+00
1.797673331000000019e+01 6.837805869669666414e-01 1.724750765000000019e+00
1.815728586000000178e+01 5.406672297630704671e-01 1.765057000999999959e+00
1.831052877999999851e+01 3.639774481315770083e-01 1.825578259999999897e+00
1.842648194999999944e+01 2.097174127095279283e-01 1.900685406000000022e+00
1.849170321000000072e+01 1.343379960240004833e-01 1.955958666999999984e+00
1.849171055000000052e+01 1.343177068092403503e-01 1.950028716000000051e+00
1.842644067000000163e+01 2.098571097804245167e-01 1.882668283999999970e+00
1.831033964999999952e+01 3.641866242682175736e-01 1.796025184000000108e+00
1.815693626999999921e+01 5.408953676844437952e-01 1.726533850000000037e+00
1.797629208000000034e+01 6.840355650797638187e-01 1.681421687999999914e+00
1.778436897999999999e+01 7.597624670812689329e-01 1.655216913999999928e+00
1.760907346999999845e+01 7.636391235286319468e-01 1.643087057000000017e+00
1.748541133999999886e+01 7.279944651128574806e-01 1.642277004999999956e+00
1.782737683999999945e+01 4.690819644568669511e-01 1.709548816000000082e+00
1.787574840999999992e+01 4.912876855462088854e-01 1.725124447000000005e+00
1.800203305999999870e+01 5.190948520674907307e-01 1.747096168999999977e+00
1.815954380000000157e+01 4.982879171943912500e-01 1.770857826000000079e+00
1.829918947000000173e+01 4.194087727482019301e-01 1.794146154999999965e+00
1.839047787000000156e+01 3.064138701313354196e-01 1.818568125999999952e+00
1.842647910999999894e+01 2.096424908936902476e-01 1.850471914999999967e+00
1.842275641999999891e+01 1.977555854578846306e-01 1.903479946000000034e+00
1.841194680999999989e+01 2.204754350038386490e-01 1.975588840999999984e+00
1.841202283000000151e+01 2.204239266339526049e-01 1.967702803999999972e+00
1.842277264999999886e+01 1.977562144358526730e-01 1.880895371000000038e+00
1.842632998999999927e+01 2.096561468757389690e-01 1.816866724999999905e+00
1.839022879999999915e+01 3.065015538864195310e-01 1.777790509999999990e+00
1.829891216000000043e+01 4.195400221402215690e-01 1.749879715000000058e+00
1.815929136999999827e+01 4.984149978984901419e-01 1.727680029999999922e+00
1.800184452999999962e+01 5.191871209996079539e-01 1.711379307999999932e+00
1.787564934999999977e+01 4.913355908626806934e-01 1.704484190000000066e+00
1.804460794999999962e+01 2.000756696995059369e-01 1.761277808000000000e+00
1.809334235000000035e+01 2.420444411170789012e-01 1.777057869000000068e+00
1.821675713000000130e+01 2.863870674304930253e-01 1.798924358000000057e+00
1.836070283999999830e+01 2.638993360487866813e-01 1.821009190999999916e+00
1.847148715000000152e+01 1.832982937587800676e-01 1.839907208000000072e+00
1.851739936999999969e+01 9.888104574070027963e-02 1.855223599999999973e+00
1.849168673000000140e+01 1.343067447753344690e-01 1.868678846999999976e+00
1.841192928999999978e+01 2.204576012324404310e-01 1.885534424000000042e+00
1.833113179000000059e+01 2.453913248675964331e-01 1.946889754000000083e+00
1.833135989000000166e+01 2.453167071756374995e-01 1.936264940999999906e+00
1.841186665000000033e+01 2.202869673622226410e-01 1.859425934999999974e+00
1.849150025999999869e+01 1.341838997045199378e-01 1.833271748000000034e+00
1.851718323000000055e+01 9.887376452801795168e-02 1.813913499999999956e+00
1.847128800999999854e+01 1.833213369292015782e-01 1.795779902000000039e+00
1.836054492999999965e+01 2.639083395402502252e-01 1.778225970000000045e+00
1.821665176000000130e+01 2.863855380237498305e-01 1.763532260000000074e+00
1.809329157999999893e+01 2.420432388474403063e-01 1.756532076999999914e+00
1.590281550000000088e+01 1.903916290713658421e+00 1.536769945000000082e+00
1.610284818999999956e+01 1.734031022822912771e+00 1.587553417000000078e+00
1.651700831000000136e+01 1.487553176189615245e+00 1.650873398999999964e+00
1.691522395000000145e+01 1.269146085174256422e+00 1.680469656999999950e+00
1.722492903999999925e+01 1.022025722314323204e+00 1.695334455000000018e+00
1.744078053999999867e+01 7.072176910184828635e-01 1.707802959999999981e+00
1.760554739999999896e+01 3.413578670224585720e-01 1.740247330000000092e+00
1.777402989000000133e+01 2.866714070661977032e-01 1.809664589000000046e+00
1.790271785999999921e+01 3.269270811233482288e-01 1.867132188000000026e+00
1.790266481999999826e+01 3.270036451020695289e-01 1.865232076000000072e+00
1.777387640999999974e+01 2.868014787109902652e-01 1.806475926000000065e+00
1.760535755000000080e+01 3.413240972377402094e-01 1.740901261000000089e+00
1.744059857999999963e+01 7.071024484038145319e-01 1.712281431000000076e+00
1.722469377999999907e+01 1.021805934980947850e+00 1.699902438999999932e+00
1.691484518000000037e+01 1.268895639882668069e+00 1.682609967000000095e+00
1.651641949000000054e+01 1.487357700084846801e+00 1.650142377000000105e+00
1.610214736000000002e+01 1.734165733291440636e+00 1.586344959000000054e+00
1.610334737999999888e+01 1.732215937157427721e+00 1.608037933999999947e+00
1.624357846999999921e+01 1.711292226463127619e+00 1.602552066000000108e+00
1.659902781999999988e+01 1.513960560931095989e+00 1.647966284000000003e+00
1.697305773000000073e+01 1.291085938088056162e+00 1.681115447999999901e+00
1.727235247999999856e+01 1.041568905640231302e+00 1.698572774000000063e+00
1.748530789999999868e+01 7.283324925194055721e-01 1.712590778000000036e+00
1.765266005000000149e+01 3.767092659755065798e-01 1.745940188999999920e+00
1.782589155000000147e+01 3.235823860459957069e-01 1.815065925999999941e+00
1.795696913000000094e+01 3.506824681567276558e-01 1.871218559999999975e+00
1.795690700999999834e+01 3.507599796509838774e-01 1.868946612000000007e+00
1.782571597999999824e+01 3.236826949554729715e-01 1.810583790999999998e+00
1.765245202999999918e+01 3.766897034008772072e-01 1.744481940000000009e+00
1.748512050000000073e+01 7.282818905265489029e-01 1.714876821000000051e+00
1.727211527000000046e+01 1.041422609289524015e+00 1.701340469000000022e+00
1.697266919000000129e+01 1.290939645498458743e+00 1.682142134000000011e+00
1.659841854000000083e+01 1.513988574809982834e+00 1.647239126000000109e+00
1.624292005999999944e+01 1.711700337868622412e+00 1.602446558000000021e+00
1.651772292000000064e+01 1.486492889533792994e+00 1.689909692999999935e+00
1.659960299000000106e+01 1.513176823848641384e+00 1.675848628000000007e+00
1.683908698999999842e+01 1.463151042514431621e+00 1.676586182999999952e+00
1.714136161000000058e+01 1.296866241381061879e+00 1.696388940000000067e+00
1.740707766999999961e+01 1.065680333630158572e+00 1.712547376999999926e+00
1.760915667000000084e+01 7.639169454032046502e-01 1.727590906000000093e+00
1.778021946000000142e+01 4.366168467536641340e-01 1.762170451000000027e+00
1.796108363000000097e+01 3.731451576968281558e-01 1.830140926999999973e+00
1.809460849999999965e+01 3.720559913849690314e-01 1.883123512000000055e+00
1.809454334999999858e+01 3.721319557956365709e-01 1.879993701999999933e+00
1.796089625000000112e+01 3.732452654300176809e-01 1.822601319999999969e+00
1.777998191000000006e+01 4.366604474487988941e-01 1.755415380999999941e+00
1.760891536999999829e+01 7.639976471659865043e-01 1.724051157999999973e+00
1.740675829999999991e+01 1.065732498038639564e+00 1.710201874000000011e+00
1.714087135999999845e+01 1.297002312247074185e+00 1.693615408000000100e+00
1.683842351999999920e+01 1.463480971922565210e+00 1.673716243000000103e+00
1.659906588000000127e+01 1.513451800849343165e+00 1.674383873000000023e+00
1.691593171999999967e+01 1.268442848714287363e+00 1.730728601999999894e+00
1.697378701999999961e+01 1.290390484441921615e+00 1.725679589000000069e+00
1.714175871999999856e+01 1.296443663498262566e+00 1.721075925999999923e+00
1.737252902000000176e+01 1.210312787173362548e+00 1.727532456000000050e+00
1.759698848000000027e+01 1.029309932907516378e+00 1.737479315000000080e+00
1.778464969999999923e+01 7.598893387655070164e-01 1.751306312000000087e+00
1.795552582999999913e+01 4.631227474496918961e-01 1.786400052999999932e+00
1.813336406999999895e+01 3.704854036066562162e-01 1.851958926000000005e+00
1.825982656000000048e+01 3.390265062504367322e-01 1.901482415000000037e+00
1.825976848000000174e+01 3.390999707392014506e-01 1.897367776999999922e+00
1.813319153000000128e+01 3.706022295887705376e-01 1.840927417000000066e+00
1.795527931000000166e+01 4.632553801889474077e-01 1.773191025999999892e+00
1.778435212999999848e+01 7.601273785408214634e-01 1.740004419999999996e+00
1.759658200999999877e+01 1.029598155377655866e+00 1.727820005000000103e+00
1.737196770999999984e+01 1.210686696788938477e+00 1.718749614999999897e+00
1.714112048999999871e+01 1.296838446738404205e+00 1.713870993000000009e+00
1.697334409000000122e+01 1.290600565790957166e+00 1.721656618999999999e+00
1.722552450999999962e+01 1.021496752795951757e+00 1.748416607000000011e+00
1.727304592999999855e+01 1.040985554508134348e+00 1.749862373000000026e+00
1.740762126999999992e+01 1.065137754925005176e+00 1.751053978000000066e+00
1.759725068999999920e+01 1.028991691533960973e+00 1.756011530000000098e+00
1.779597816000000066e+01 9.008410565008793114e-01 1.763828410999999985e+00
1.797670361999999855e+01 6.839387306252565635e-01 1.778497358999999944e+00
1.814254749999999916e+01 4.375434196175824186e-01 1.814810338000000023e+00
1.829808174000000065e+01 3.082547060863509159e-01 1.876823082999999892e+00
1.840172626000000022e+01 2.531056839175749862e-01 1.923835490999999953e+00
1.840168381999999880e+01 2.531683864220864999e-01 1.918690294999999990e+00
1.829794958000000094e+01 3.083761263297589150e-01 1.862514337999999992e+00
1.814232531000000037e+01 4.377440774455086947e-01 1.795587813999999893e+00
1.797637994999999833e+01 6.842838764490837278e-01 1.759067468000000023e+00
1.779552336000000068e+01 9.012832362288231147e-01 1.745777007999999908e+00
1.759667355999999927e+01 1.029462053903332786e+00 1.739911406000000049e+00
1.740703535999999829e+01 1.065506138884220855e+00 1.738380891999999900e+00
1.727266773999999927e+01 1.041153437421837857e+00 1.742795225000000059e+00
1.744111419000000041e+01 7.068643312725610972e-01 1.746539583999999978e+00
1.748578286000000048e+01 7.279358703066327596e-01 1.753285546000000084e+00
1.760962363999999880e+01 7.634560263794152313e-01 1.761847654999999957e+00
1.778497897000000094e+01 7.594576568845773368e-01 1.771787510000000010e+00
1.797684457000000080e+01 6.836851790048183997e-01 1.784064228999999946e+00
1.815734155000000172e+01 5.405762211841396159e-01 1.804605250000000050e+00
1.831055471000000168e+01 3.639271249770616445e-01 1.843427496999999970e+00
1.842649666999999880e+01 2.097059409372507288e-01 1.900964534000000095e+00
1.849169746000000103e+01 1.343477189928634630e-01 1.947084899000000036e+00
1.849167863999999994e+01 1.343892863700294760e-01 1.940754410000000041e+00
1.842642136999999991e+01 2.098271133455593962e-01 1.883726234000000055e+00
1.831038038000000157e+01 3.641496649470094549e-01 1.819407352000000033e+00
1.815703089999999875e+01 5.409272554116655307e-01 1.777743615000000110e+00
1.797639218000000128e+01 6.841162591229370538e-01 1.757087359000000015e+00
1.778443462999999980e+01 7.598516129462996593e-01 1.747065032000000073e+00
1.760910931000000090e+01 7.636962054091203100e-01 1.742328796000000013e+00
1.748546516000000040e+01 7.280141254198161382e-01 1.742342169000000052e+00
1.760539447000000024e+01 3.408097611472670208e-01 1.734031263999999961e+00
1.765266399000000064e+01 3.762493403336740205e-01 1.745541328999999919e+00
1.778033724000000149e+01 4.362048187713631342e-01 1.761443802000000058e+00
1.795566631999999885e+01 4.627180451222220325e-01 1.779438748000000015e+00
1.814263011999999975e+01 4.371993322875538657e-01 1.800631572999999985e+00
1.831056394999999881e+01 3.637313109364553876e-01 1.828858566000000074e+00
1.843602419999999853e+01 2.538133947701098347e-01 1.868418687999999994e+00
1.850468153999999998e+01 1.220335141727036388e-01 1.919944953999999981e+00
1.852201541999999890e+01 5.479807147595491985e-03 1.967425921000000022e+00
1.852203414999999964e+01 5.499064015911799344e-03 1.959566662999999931e+00
1.850466782000000165e+01 1.221562622529006881e-01 1.900209036999999990e+00
1.843589679999999831e+01 2.540151709180205608e-01 1.840967400999999892e+00
1.831029604000000077e+01 3.639898652380867961e-01 1.796284911000000095e+00
1.814224407000000028e+01 4.374587071305099939e-01 1.765729136999999893e+00
1.795522826999999921e+01 4.629062860892613762e-01 1.745963206999999962e+00
1.777994694999999936e+01 4.362710085082094902e-01 1.734283247000000028e+00
1.765243085999999906e+01 3.762236894202579118e-01 1.730050051999999949e+00
1.777330903000000006e+01 2.861779650011812004e-01 1.746028353000000033e+00
1.782532173999999969e+01 3.232489168937069945e-01 1.760762616000000058e+00
1.796071770000000001e+01 3.729727981610219678e-01 1.781529668999999982e+00
1.813315498000000048e+01 3.703461346118209763e-01 1.803813751000000076e+00
1.829794633999999931e+01 3.081080266085057806e-01 1.826831768999999994e+00
1.842638204000000002e+01 2.095485242633100820e-01 1.852593868000000032e+00
1.850459529999999830e+01 1.218838474952880918e-01 1.884515562000000033e+00
1.852721286999999961e+01 1.130629074172626175e-01 1.926420765000000035e+00
1.850119275999999857e+01 1.232300572485886536e-01 1.978328775000000039e+00
1.850128570000000039e+01 1.232406310912748659e-01 1.968457711999999971e+00
1.852724106000000148e+01 1.130982899350703313e-01 1.904696393999999904e+00
1.850448010999999937e+01 1.220384863052069863e-01 1.854702271999999930e+00
1.842615733999999961e+01 2.096492916152613017e-01 1.816939690000000107e+00
1.829766784999999985e+01 3.082051368224940080e-01 1.788094145000000079e+00
1.813287714000000150e+01 3.704487328137525126e-01 1.765843781000000057e+00
1.796049061000000080e+01 3.730541903273347226e-01 1.749866074999999910e+00
1.782519193999999985e+01 3.232880038648247023e-01 1.742267776999999906e+00
1.790171306999999956e+01 3.273566074944135318e-01 1.779145108999999891e+00
1.795611109000000027e+01 3.511850695910480602e-01 1.794503100000000018e+00
1.809399827000000016e+01 3.725684162436474489e-01 1.815566358999999963e+00
1.825943320000000014e+01 3.394510883318184180e-01 1.836291098000000011e+00
1.840146389999999954e+01 2.534431867801594240e-01 1.854450370999999986e+00
1.849149926000000121e+01 1.346421230378049838e-01 1.870686652999999922e+00
1.852186125000000061e+01 5.382865595141847828e-03 1.887138173000000085e+00
1.850110676999999981e+01 1.230029141571729878e-01 1.908338944000000037e+00
1.845534881000000027e+01 1.771401156957436995e-01 1.955296560000000072e+00
1.845556837000000172e+01 1.770187319742608234e-01 1.944169701999999944e+00
1.850105804000000020e+01 1.230650431126336652e-01 1.884563551000000059e+00
1.852168065000000041e+01 5.351949873193176561e-03 1.855676131000000062e+00
1.849128102999999967e+01 1.346082673664839580e-01 1.834228133000000094e+00
1.840125713999999846e+01 2.534181899858124476e-01 1.815384094999999975e+00
1.825926387999999889e+01 3.394327443008022249e-01 1.797980804999999904e+00
1.809387912000000043e+01 3.725579160516545030e-01 1.783294367000000102e+00
1.795604910999999859e+01 3.511815841946669403e-01 1.775419048000000055e+00
1.690435167000000050e+01 1.092713297208573797e+00 1.609915060999999925e+00
1.702136258999999896e+01 1.081312836659365617e+00 1.631002188999999936e+00
1.729271194000000023e+01 1.001166008788607842e+00 1.679151121000000080e+00
1.757165042999999827e+01 8.449723226904254370e-01 1.726806005000000033e+00
1.776242115999999882e+01 6.559707143083489678e-01 1.763929123999999904e+00
1.782728155999999942e+01 4.691779744130509799e-01 1.790988566000000004e+00
1.777345614000000040e+01 2.858434448066823896e-01 1.814003613999999986e+00
1.767251320000000092e+01 1.615128478921105393e-01 1.850862293000000047e+00
1.765268861999999928e+01 4.108667532969860203e-01 1.909075172999999959e+00
1.765258097999999976e+01 4.110555588773930902e-01 1.903150150999999957e+00
1.767230325999999963e+01 1.615741158054600224e-01 1.842558142999999982e+00
1.777329484999999920e+01 2.859734961489199812e-01 1.811821797999999983e+00
1.782711034000000083e+01 4.692983337001305766e-01 1.791586657999999943e+00
1.776217451999999852e+01 6.561673101523491924e-01 1.764671737000000018e+00
1.757129108999999900e+01 8.452891499610137860e-01 1.726590496000000030e+00
1.729225818999999831e+01 1.001574657865542006e+00 1.678062477000000108e+00
1.702098250999999962e+01 1.081633306199498490e+00 1.630050408000000006e+00
1.702144699999999844e+01 1.081321647928943808e+00 1.638561388000000063e+00
1.712415503000000072e+01 1.069287753759865955e+00 1.653137673000000030e+00
1.737035755999999864e+01 9.956238281586602401e-01 1.691778102000000006e+00
1.763149613999999943e+01 8.489180976020624936e-01 1.734728637999999989e+00
1.781310175999999856e+01 6.687920554967070608e-01 1.770026451999999972e+00
1.787562670000000153e+01 4.914315030506593573e-01 1.796658461000000040e+00
1.782539488999999833e+01 3.230543513608947759e-01 1.820034200000000046e+00
1.773258234000000044e+01 2.229076342988132731e-01 1.856884739999999923e+00
1.771975385000000003e+01 4.313402735208561323e-01 1.912984486000000039e+00
1.771963815999999881e+01 4.315018729578366519e-01 1.906600842000000018e+00
1.773237724000000171e+01 2.229441704574579297e-01 1.847210556000000059e+00
1.782526452999999833e+01 3.232479686331219959e-01 1.816412412999999892e+00
1.787549929000000049e+01 4.916099911567730074e-01 1.795990702999999966e+00
1.781290244999999928e+01 6.690377650044883051e-01 1.769718925999999914e+00
1.763118322000000049e+01 8.492749520179688760e-01 1.733723888000000102e+00
1.736995106000000177e+01 9.960537623567338184e-01 1.690210989000000108e+00
1.712381939999999858e+01 1.069606748115005335e+00 1.651992737999999905e+00
1.729300307000000103e+01 1.001054583409548115e+00 1.702218930999999991e+00
1.737060264000000132e+01 9.954881080575557206e-01 1.708414604999999975e+00
1.756600393000000082e+01 9.467057188315177729e-01 1.729550244999999986e+00
1.778590669000000091e+01 8.304748324145165839e-01 1.759988145999999976e+00
1.794500130000000127e+01 6.757149902296391009e-01 1.789000334000000025e+00
1.800196602000000112e+01 5.192689837190079816e-01 1.813245315000000080e+00
1.796077674000000002e+01 3.729932270694765184e-01 1.836537913999999994e+00
1.788652242999999942e+01 2.908943976635779971e-01 1.872781379000000079e+00
1.788725394000000080e+01 4.432845291228528772e-01 1.924024060999999897e+00
1.788714384000000024e+01 4.434158504914833543e-01 1.916654061000000020e+00
1.788633718999999900e+01 2.909290888444778789e-01 1.859991493000000107e+00
1.796067087999999856e+01 3.732103529193251390e-01 1.829401601000000044e+00
1.800186134999999865e+01 5.195040906692730553e-01 1.809354067999999982e+00
1.794482196999999957e+01 6.760274273368716003e-01 1.785939079000000040e+00
1.778561685000000026e+01 8.308867643222679344e-01 1.756841835999999990e+00
1.756563905000000148e+01 9.471465942457898413e-01 1.726575822999999898e+00
1.737032183000000174e+01 9.957778879037924025e-01 1.706585795000000072e+00
1.757202703999999827e+01 8.447377008196486070e-01 1.764418242999999942e+00
1.763187392000000031e+01 8.486292487611063473e-01 1.767722374000000096e+00
1.778610043999999846e+01 8.302676145369423111e-01 1.778492388999999951e+00
1.796720848000000004e+01 7.537737866426479361e-01 1.797143240000000031e+00
1.810465338999999929e+01 6.321936889380679325e-01 1.817902439000000037e+00
1.815954307999999884e+01 4.983912347799864806e-01 1.837735150000000095e+00
1.813323747000000097e+01 3.704600192159321348e-01 1.859436985999999958e+00
1.808047039999999939e+01 3.006745168607942720e-01 1.894152037000000011e+00
1.808863024000000053e+01 4.040226439605111852e-01 1.940379593999999930e+00
1.808853726999999978e+01 4.041311122461042071e-01 1.931958838999999983e+00
1.808032349000000139e+01 3.007228228597710884e-01 1.878126761000000089e+00
1.813315757000000161e+01 3.706888796147823073e-01 1.848094397000000111e+00
1.815945401999999831e+01 4.986811593747074722e-01 1.829690339999999971e+00
1.810448720000000122e+01 6.325725293849474573e-01 1.811137213999999940e+00
1.796694154000000054e+01 7.542278927710009961e-01 1.791001912000000029e+00
1.778578088000000079e+01 8.306982667456925817e-01 1.773429869999999964e+00
1.763164224000000146e+01 8.488843553169134193e-01 1.764808170000000009e+00
1.776276650999999873e+01 6.556768287349422630e-01 1.812766628000000102e+00
1.781348470000000006e+01 6.684168372472758524e-01 1.816081472000000030e+00
1.794526760000000110e+01 6.753480320097257072e-01 1.823354550999999990e+00
1.810476231000000169e+01 6.319762356158765693e-01 1.835361505000000060e+00
1.823418708999999893e+01 5.375732112927829043e-01 1.849609429000000027e+00
1.829921736000000010e+01 4.193690853741930957e-01 1.864814952999999997e+00
1.829805006999999861e+01 3.081885472323300790e-01 1.884026108000000033e+00
1.826855567999999863e+01 2.633454618392020441e-01 1.916795457000000091e+00
1.827204170999999988e+01 3.226704661623315262e-01 1.959356070999999977e+00
1.827197364999999962e+01 3.227554468318545311e-01 1.949853543999999994e+00
1.826846141000000046e+01 2.634036967134019136e-01 1.898335697999999905e+00
1.829799846999999957e+01 3.084087947076430969e-01 1.868639503999999896e+00
1.829914147999999940e+01 4.197022716322394986e-01 1.852316765999999948e+00
1.823403219000000064e+01 5.380019627648552349e-01 1.838650193999999960e+00
1.810451714999999950e+01 6.324493463504845536e-01 1.825672890999999964e+00
1.794498571000000098e+01 6.757556061163900729e-01 1.815691675999999921e+00
1.781328754000000103e+01 6.686405858243457123e-01 1.811764158999999985e+00
1.782749374999999858e+01 4.689973053038968831e-01 1.844894824000000044e+00
1.787590574000000032e+01 4.911441069294174566e-01 1.849610186000000045e+00
1.800218918999999929e+01 5.188916522942375043e-01 1.857188403999999959e+00
1.815965458000000154e+01 4.980540751484948681e-01 1.866876430999999892e+00
1.829923654999999982e+01 4.191816608576136027e-01 1.877416385000000076e+00
1.839047302000000172e+01 3.062227831393130595e-01 1.889216658999999909e+00
1.842646308999999860e+01 2.095309537195769733e-01 1.906315621000000071e+00
1.842278157999999877e+01 1.977363842082644207e-01 1.937186148000000108e+00
1.841196684999999889e+01 2.204520396405596772e-01 1.977617348999999969e+00
1.841193197999999853e+01 2.205168655119974785e-01 1.966858412999999972e+00
1.842274683000000124e+01 1.977930344328750756e-01 1.917343774999999972e+00
1.842643795000000040e+01 2.097179305333942700e-01 1.887384592000000083e+00
1.839040350999999873e+01 3.065788272714199958e-01 1.872068888000000042e+00
1.829908419999999936e+01 4.196305612410707875e-01 1.861690507000000050e+00
1.815941992000000127e+01 4.985116763632387871e-01 1.852889247000000017e+00
1.800192850999999905e+01 5.192492807495258100e-01 1.846179838000000073e+00
1.787572760000000116e+01 4.913211412645856480e-01 1.843408002000000101e+00
1.777338482000000042e+01 2.862462724647960588e-01 1.856408151999999978e+00
1.782541790000000148e+01 3.233044131193350545e-01 1.863639872000000031e+00
1.796080966999999973e+01 3.729633029276828160e-01 1.873897609999999991e+00
1.813321546999999967e+01 3.702713906019549639e-01 1.884411414999999979e+00
1.829796333999999902e+01 3.079950933903842225e-01 1.894263859000000050e+00
1.842636419000000103e+01 2.094414568222255357e-01 1.905358654000000040e+00
1.850457036999999971e+01 1.218586714892811729e-01 1.922521402999999962e+00
1.852721585999999832e+01 1.130691597087020994e-01 1.951903962999999909e+00
1.850121346999999972e+01 1.232392090143150515e-01 1.990929755000000023e+00
1.850122698999999926e+01 1.233261562819687462e-01 1.978685357000000034e+00
1.852723753000000073e+01 1.131076156198749377e-01 1.931682037999999935e+00
1.850456150999999849e+01 1.219964350208434245e-01 1.900791947000000093e+00
1.842628728000000038e+01 2.097491985865664876e-01 1.883359245000000071e+00
1.829779933000000014e+01 3.083688701744190519e-01 1.872780834000000061e+00
1.813297767999999976e+01 3.706087342527129569e-01 1.864699882000000031e+00
1.796055674999999852e+01 3.731673189831192228e-01 1.858090017000000094e+00
1.782524878999999984e+01 3.233532419734922447e-01 1.854593595999999955e+00
1.767183530000000147e+01 1.620894281560204819e-01 1.832686870000000079e+00
1.773202874000000051e+01 2.234420087802334309e-01 1.843630563000000055e+00
1.788608861999999888e+01 2.912198181946247244e-01 1.858644860999999926e+00
1.808009819999999834e+01 3.008264620615976881e-01 1.873860665000000036e+00
1.826819695000000010e+01 2.634250182927989625e-01 1.888843365000000052e+00
1.842244357999999949e+01 1.978684663446118319e-01 1.905458485999999896e+00
1.852697859999999963e+01 1.133507642604972276e-01 1.926726305000000083e+00
1.856968615999999983e+01 1.895091930900747249e-02 1.955506007999999962e+00
1.854111664999999931e+01 9.165368633629297768e-02 1.992251414999999914e+00
1.854120869999999854e+01 9.174427559511637298e-02 1.978765582000000078e+00
1.856974373999999983e+01 1.904067611140712601e-02 1.935655074000000031e+00
1.852695847000000029e+01 1.134597434866803228e-01 1.903198903999999914e+00
1.842233925000000028e+01 1.979640645125597676e-01 1.879087664999999907e+00
1.826801863000000026e+01 2.634856608763077035e-01 1.860979893999999968e+00
1.807987394999999964e+01 3.008200815064804856e-01 1.846795339999999896e+00
1.788586949000000104e+01 2.911121673799225151e-01 1.835991605000000026e+00
1.773188748000000103e+01 2.232574113467190868e-01 1.830241704999999941e+00
1.765135159000000087e+01 4.112959544343299800e-01 1.799625237000000100e+00
1.771857015999999874e+01 4.318689337487781055e-01 1.813539674999999907e+00
1.788632537000000156e+01 4.438474820192928050e-01 1.832897841000000083e+00
1.808791287000000025e+01 4.045260110934754683e-01 1.852242460000000035e+00
1.827144416999999876e+01 3.231229836702094182e-01 1.870449030999999929e+00
1.841142869999999832e+01 2.208988523149870431e-01 1.888595459000000032e+00
1.850074101999999954e+01 1.236827121290999254e-01 1.908782473000000035e+00
1.854080701000000175e+01 9.190102613754284888e-02 1.934197439999999935e+00
1.853218701999999851e+01 1.080314589492403221e-01 1.968095359000000100e+00
1.853238427000000144e+01 1.078371692443349517e-01 1.955646097000000028e+00
1.854081362000000155e+01 9.229172874073295063e-02 1.914156788000000109e+00
1.850063030999999825e+01 1.238059009341217209e-01 1.884045809999999932e+00
1.841127076000000073e+01 2.208305056657938747e-01 1.860551123000000029e+00
1.827128109999999950e+01 3.230370261164784429e-01 1.840407007999999900e+00
1.808776736000000085e+01 4.044607220945317105e-01 1.822296885000000088e+00
1.788621088000000015e+01 4.438028162957365352e-01 1.806887793000000020e+00
1.771850296999999941e+01 4.318379623827068303e-01 1.797599665999999985e+00
1.738613104999999948e+01 3.533487695421794195e-01 1.650176831000000011e+00
1.747868139999999926e+01 4.247464732242313135e-01 1.668430238000000010e+00
1.769516299000000004e+01 4.634314110227526484e-01 1.712955549999999993e+00
1.791484592000000120e+01 3.782282378426405911e-01 1.763265027999999957e+00
1.804624197000000052e+01 2.369216357668809392e-01 1.807290338000000052e+00
1.804453024000000028e+01 1.999112777339032143e-01 1.842685342000000004e+00
1.790180176999999873e+01 3.270126233278963790e-01 1.874412819000000008e+00
1.765170343999999858e+01 4.106909391875809834e-01 1.916724126999999944e+00
1.742243017999999921e+01 2.552975624530190446e-01 1.979610190000000047e+00
1.742210804999999851e+01 2.554407084435403874e-01 1.960830593000000066e+00
1.765159269999999836e+01 4.108804923242112550e-01 1.911210952000000018e+00
1.790174462999999960e+01 3.270937792278745260e-01 1.873043387000000060e+00
1.804446778999999879e+01 2.000509577607872125e-01 1.842452940999999900e+00
1.804615074999999891e+01 2.371826483795737572e-01 1.807180975999999939e+00
1.791471806999999927e+01 3.785178389318052394e-01 1.762919276999999951e+00
1.769501264999999890e+01 4.637203423988748296e-01 1.712413455999999945e+00
1.747856579000000110e+01 4.249503700539411510e-01 1.668013015999999960e+00
1.747876193000000100e+01 4.249377767324468147e-01 1.674161771000000076e+00
1.756314436999999984e+01 4.663715211669332561e-01 1.688717838999999943e+00
1.776380058999999889e+01 4.824596281082296767e-01 1.726537704000000062e+00
1.797090241000000077e+01 3.987057620911611533e-01 1.772036954999999914e+00
1.809567153000000062e+01 2.725885703438562513e-01 1.813417757000000075e+00
1.809325309000000104e+01 2.419625788001721622e-01 1.847685940999999943e+00
1.795617541000000017e+01 3.509167472441628854e-01 1.879343693000000037e+00
1.771889146999999909e+01 4.313453267230861754e-01 1.921673952999999990e+00
1.750576093000000100e+01 3.285561560019170657e-01 1.981256420000000018e+00
1.750546196999999893e+01 3.286827331900924465e-01 1.962012596999999969e+00
1.771882503000000142e+01 4.315728919505747441e-01 1.915632608999999986e+00
1.795617758999999936e+01 3.510511346404036614e-01 1.877500839999999949e+00
1.809325919999999854e+01 2.421497228799156243e-01 1.847041579999999961e+00
1.809565032000000073e+01 2.728769995619036992e-01 1.812962073000000007e+00
1.797083886000000064e+01 3.990257140207862929e-01 1.771422612000000063e+00
1.776370286999999948e+01 4.827736111700148269e-01 1.725819119999999929e+00
1.756306133000000003e+01 4.665878464110288504e-01 1.688218047999999971e+00
1.769539161000000149e+01 4.635786893280926524e-01 1.731712176000000047e+00
1.776396438000000089e+01 4.824857692256740993e-01 1.739991446999999969e+00
1.793161875999999921e+01 4.818766645070037269e-01 1.764289159999999912e+00
1.811039655000000081e+01 4.091981632663346802e-01 1.798021308000000040e+00
1.821994501000000000e+01 3.081455660853971712e-01 1.831965567999999989e+00
1.821671394999999904e+01 2.863628396690950928e-01 1.862496114999999897e+00
1.809409632999999928e+01 3.723973027241353484e-01 1.893092479999999966e+00
1.788667823000000112e+01 4.434811505748602056e-01 1.934782162000000083e+00
1.770741396000000023e+01 3.901782250890391546e-01 1.987956204000000060e+00
1.770716395000000176e+01 3.902861894082721439e-01 1.967803369999999941e+00
1.788665780999999910e+01 4.437004934034399772e-01 1.927577620000000103e+00
1.809415049000000053e+01 3.725433437133915393e-01 1.890134342999999939e+00
1.821677664999999990e+01 2.865470350611777905e-01 1.860847367999999946e+00
1.821998002000000128e+01 3.084201951646705631e-01 1.830650847000000025e+00
1.811038479000000123e+01 4.095138565013342058e-01 1.796733603000000068e+00
1.793156581999999943e+01 4.821778116381054691e-01 1.763120307999999969e+00
1.776391162999999906e+01 4.826809353824923488e-01 1.739272750000000034e+00
1.791512442999999877e+01 3.782060693372275018e-01 1.796074350000000042e+00
1.797113966999999946e+01 3.985898995348394203e-01 1.800384098000000099e+00
1.811049879000000118e+01 4.090727038118912584e-01 1.813983311000000098e+00
1.826324212999999830e+01 3.579665221742624470e-01 1.835700786000000084e+00
1.835995403000000081e+01 2.784203628846487755e-01 1.860336933999999998e+00
1.836068879000000109e+01 2.638080126505628620e-01 1.885094300000000000e+00
1.825956533000000093e+01 3.392580288945744593e-01 1.912810893999999928e+00
1.808832367000000119e+01 4.041973561879813048e-01 1.952434052000000086e+00
1.794331220000000116e+01 3.741016302740436950e-01 2.000328795999999798e+00
1.794311494000000096e+01 3.741973502491523496e-01 1.979497821000000046e+00
1.808834463999999898e+01 4.043975845069439079e-01 1.943922716999999967e+00
1.825966242000000150e+01 3.394022825167417601e-01 1.908496227999999961e+00
1.836079571999999871e+01 2.639943591787572430e-01 1.882161736000000030e+00
1.836003192000000084e+01 2.787004267611617458e-01 1.857885309000000040e+00
1.826327033000000100e+01 3.582858213498774647e-01 1.833493604999999915e+00
1.811048145999999903e+01 4.093687661596674965e-01 1.812173717999999933e+00
1.797111104000000026e+01 3.987779088991421084e-01 1.799337605000000062e+00
1.804647277999999844e+01 2.367951538803449163e-01 1.853088478000000094e+00
1.809588057999999933e+01 2.723579295446215132e-01 1.855638298999999991e+00
1.822005137000000019e+01 3.078985680021210647e-01 1.863241852000000032e+00
1.835997310000000127e+01 2.782821414593135700e-01 1.876460653999999950e+00
1.845561912000000149e+01 2.067161623115104374e-01 1.892997360999999934e+00
1.847144417000000161e+01 1.830855034606766740e-01 1.911510430999999954e+00
1.840158681999999857e+01 2.531411628500206401e-01 1.934840203999999897e+00
1.827189414000000056e+01 3.227149680351705241e-01 1.970897890999999902e+00
1.815881162999999887e+01 3.155893014997874779e-01 2.015576489999999943e+00
1.815866464999999863e+01 3.156874302587197034e-01 1.994572326999999978e+00
1.827195014999999856e+01 3.228906529570005901e-01 1.961025443999999895e+00
1.840171760999999861e+01 2.532817445892129871e-01 1.929080216000000014e+00
1.847158293000000029e+01 1.832992191285474637e-01 1.907172403999999988e+00
1.845572625999999872e+01 2.070311242903518922e-01 1.889260337000000067e+00
1.836002816999999965e+01 2.786178674347650763e-01 1.873172985000000068e+00
1.822005792999999940e+01 3.082041055082465064e-01 1.860642249000000081e+00
1.809586771000000027e+01 2.725610327485395445e-01 1.854169109000000093e+00
1.804464911999999899e+01 1.999686323954736333e-01 1.899529604999999899e+00
1.809336400999999839e+01 2.418752028249906427e-01 1.901590764000000044e+00
1.821674604000000031e+01 2.861929036437088070e-01 1.906399243000000077e+00
1.836064534999999864e+01 2.636912593756206014e-01 1.914482806000000092e+00
1.847138074000000074e+01 1.830792745807450217e-01 1.924958587000000110e+00
1.851725702999999967e+01 9.864918598510105663e-02 1.937621797000000035e+00
1.849154297999999841e+01 1.341870304028829064e-01 1.955556062000000095e+00
1.841185916999999961e+01 2.203430132182985224e-01 1.986589064999999987e+00
1.833127003999999971e+01 2.453115181690769531e-01 2.029735092000000130e+00
1.833117346999999953e+01 2.454334601025897900e-01 2.009061788999999987e+00
1.841194465999999963e+01 2.204681954804034449e-01 1.975189800999999967e+00
1.849169695000000146e+01 1.343228601878452833e-01 1.948183020999999959e+00
1.851741305999999909e+01 9.894008813294366544e-02 1.931712416999999959e+00
1.847150069999999999e+01 1.833781348415351731e-01 1.919747612999999964e+00
1.836071086999999835e+01 2.639859620166526977e-01 1.909901104000000016e+00
1.821676161999999977e+01 2.864532990170660653e-01 1.902799876000000001e+00
1.809335704000000078e+01 2.420460111025784788e-01 1.899560463000000032e+00
1.790175668999999914e+01 3.273282366526713005e-01 1.937744963000000098e+00
1.795613167000000132e+01 3.511141707030974723e-01 1.939800275999999934e+00
1.809398665999999878e+01 3.724613494568258520e-01 1.943004737000000093e+00
1.825937880000000035e+01 3.393196317404179596e-01 1.947434040999999949e+00
1.840136439000000124e+01 2.533033843840976074e-01 1.952827982000000073e+00
1.849136599999999930e+01 1.345084341975560094e-01 1.959636127000000005e+00
1.852172602999999995e+01 5.266506126384028902e-03 1.971089121999999971e+00
1.850103985000000151e+01 1.230589203450966063e-01 1.995450810999999991e+00
1.845546445000000091e+01 1.770075967634668623e-01 2.038364533000000201e+00
1.845542501999999985e+01 1.771810166315812285e-01 2.018492504000000132e+00
1.850114896999999914e+01 1.230385248755023336e-01 1.982320811999999988e+00
1.852188758000000135e+01 5.414591409127984811e-03 1.961736281000000082e+00
1.849151924999999963e+01 1.346769271607136387e-01 1.951790031999999897e+00
1.840147623000000010e+01 2.535063690506997869e-01 1.945760286000000061e+00
1.825943510000000103e+01 3.395286330844239364e-01 1.941146628000000041e+00
1.809399452999999980e+01 3.726331786473927044e-01 1.938005215000000003e+00
1.795612009999999970e+01 3.512069757927400171e-01 1.936939900999999908e+00
1.765140011000000086e+01 4.113090615223489732e-01 1.972804043000000007e+00
1.771860017999999926e+01 4.318432358809558558e-01 1.974254710000000079e+00
1.788633190999999911e+01 4.437832527659715254e-01 1.974286580000000013e+00
1.808788897999999890e+01 4.044291983243715749e-01 1.973695906000000111e+00
1.827138684999999896e+01 3.230111372571201622e-01 1.972830614000000038e+00
1.841134475000000137e+01 2.208131240864528444e-01 1.972325450999999896e+00
1.850065323999999833e+01 1.237474355235705092e-01 1.975339457000000021e+00
1.854076444000000023e+01 9.214446898946389297e-02 1.990983938999999925e+00
1.853226426999999887e+01 1.078262058219144615e-01 2.033812065999999863e+00
1.853230033999999904e+01 1.080589997949407410e-01 2.015472346000000137e+00
1.854088402000000002e+01 9.194539370878831996e-02 1.976460888999999943e+00
1.850078932999999992e+01 1.236807616591771158e-01 1.963557473999999914e+00
1.841145820999999927e+01 2.209186112563350513e-01 1.961882498000000030e+00
1.827145640999999898e+01 3.231758179184273105e-01 1.963157593999999895e+00
1.808790753999999978e+01 4.045958622771169688e-01 1.964882140999999915e+00
1.788631055000000103e+01 4.439048500914932749e-01 1.967061589000000055e+00
1.771857160000000064e+01 4.318930249093385632e-01 1.969978478999999894e+00
1.742122197000000128e+01 2.557642891989885259e-01 1.924808285999999979e+00
1.750463878000000051e+01 3.290236168848342801e-01 1.927756138999999980e+00
1.770639621000000119e+01 3.905099416854253547e-01 1.929761150999999897e+00
1.794233829999999941e+01 3.743121264653858082e-01 1.932629844000000041e+00
1.815782317000000035e+01 3.157736724240239878e-01 1.936510936999999988e+00
1.833025188999999955e+01 2.456192132684867080e-01 1.941143752999999972e+00
1.845447117000000148e+01 1.776919695187609283e-01 1.947544766999999899e+00
1.853149184999999832e+01 1.093427606375880351e-01 1.960571266000000090e+00
1.855781118999999890e+01 1.661595910645760274e-02 1.995892913000000046e+00
1.855794399999999911e+01 1.659154532344747635e-02 1.980881957000000027e+00
1.853156888999999907e+01 1.094461584091034057e-01 1.947330191000000044e+00
1.845450157999999874e+01 1.777605822029694194e-01 1.934894933999999900e+00
1.833024594999999834e+01 2.456553150330660074e-01 1.928261583999999917e+00
1.815778698000000091e+01 3.157854117698454255e-01 1.923317267000000053e+00
1.794227882999999935e+01 3.742963788891521260e-01 1.919668959000000008e+00
1.770632761999999971e+01 3.904529085785292675e-01 1.918405931999999980e+00
1.750458861999999982e+01 3.289290108115359157e-01 1.920604653999999911e+00
