8.285471669999999733e+01 0.000000000000000000e+00 1.494156923000000026e+00
8.290791912999999624e+01 1.612700322106004058e-01 1.498714126999999952e+00
8.306311555000000624e+01 2.943613639800157777e-01 1.488318151999999950e+00
8.329205238999999494e+01 3.786819817253332943e-01 1.473088908999999891e+00
8.355864757000000509e+01 4.061627263847072955e-01 1.456397600000000070e+00
8.382495115999999769e+01 3.788026014233247807e-01 1.440795247999999917e+00
8.405675159000000463e+01 3.051308743124783729e-01 1.428010078000000016e+00
8.422684329999999875e+01 1.970730988610379097e-01 1.419062462999999941e+00
8.431659738999999831e+01 6.803600683812602301e-02 1.414480458999999968e+00
8.290733405000000289e+01 1.616641390000831124e-01 1.381420730000000097e+00
8.293854206999999690e+01 1.757779652479939392e-01 1.439238011999999900e+00
8.308080395000000351e+01 2.892299486891373728e-01 1.476805370999999978e+00
8.330278848000000380e+01 3.704393754746789780e-01 1.469155792000000016e+00
8.356296279000000027e+01 3.971962568030744101e-01 1.454963883000000013e+00
8.382348926000000233e+01 3.709353080800939506e-01 1.440529839999999950e+00
8.405061492999999473e+01 2.997125231963792547e-01 1.428356374000000040e+00
8.421745862999999588e+01 1.953834702955934699e-01 1.419724068999999922e+00
8.430556364999999630e+01 7.440249718321022276e-02 1.415275041999999983e+00
8.306281930999999474e+01 2.948728873001515427e-01 1.374054233999999930e+00
8.308059022999999854e+01 2.895871545447324391e-01 1.384765374000000104e+00
8.316392274000000384e+01 2.841167805701074744e-01 1.427414441000000034e+00
8.334486151000000120e+01 3.381117914508761646e-01 1.451925077000000064e+00
8.357943324000000018e+01 3.662891374245322851e-01 1.449102042999999895e+00
8.382058605999999656e+01 3.456104741556294546e-01 1.439213274000000098e+00
8.403302245000000426e+01 2.827911032067531028e-01 1.429199968999999903e+00
8.418991707000000702e+01 1.900128750781597264e-01 1.421629998000000006e+00
8.427300775000000499e+01 8.979751304605179674e-02 1.417621790999999964e+00
8.329212397999999951e+01 3.793071785691313202e-01 1.363975600999999926e+00
8.330287590999999736e+01 3.710203499695551299e-01 1.368034455000000094e+00
8.334497242999999855e+01 3.385321757089437833e-01 1.384434415000000085e+00
8.344759231999999827e+01 2.982402537153686639e-01 1.414951564000000106e+00
8.362005757999999389e+01 3.039492295396188926e-01 1.433818580999999925e+00
8.382091844999999353e+01 2.968706478990830733e-01 1.435001379000000021e+00
8.400626452999999572e+01 2.521140170784986756e-01 1.429881560000000107e+00
8.414585166000000527e+01 1.802594463873322117e-01 1.424538195000000007e+00
8.422043127000000595e+01 1.082906503744573423e-01 1.421415848000000093e+00
8.355912843999999495e+01 4.068096365317604990e-01 1.353201636000000097e+00
8.356344201999999655e+01 3.978276917081198238e-01 1.355544555000000040e+00
8.357989132000000154e+01 3.668798824506754319e-01 1.363716716999999967e+00
8.362039978999999335e+01 3.044560766309452049e-01 1.380985872999999975e+00
8.370488724000000502e+01 2.333740092566289615e-01 1.406205597000000029e+00
8.383459618000000546e+01 2.151980680837736193e-01 1.423982357999999948e+00
8.397484645000000114e+01 2.019316480727394447e-01 1.428813647999999992e+00
8.408795381999999563e+01 1.647694319926862883e-01 1.427923131000000012e+00
8.415010463999999502e+01 1.260563807518032819e-01 1.426478842999999941e+00
8.382582696999999428e+01 3.793883859308702644e-01 1.343372838999999930e+00
8.382435796999999411e+01 3.715166100072714861e-01 1.345129409000000109e+00
8.382142546000000038e+01 3.461879056100598540e-01 1.350729944000000016e+00
8.382166927999999473e+01 2.974797360020853265e-01 1.361347402999999900e+00
8.383510574999999676e+01 2.158700489827060642e-01 1.379145480000000035e+00
8.387643604999999525e+01 1.237211763443744755e-01 1.403237481999999980e+00
8.394718118999999490e+01 1.204061474060919013e-01 1.422501567000000078e+00
8.402027920000000449e+01 1.409126648406717475e-01 1.430570955000000088e+00
8.406482784000000663e+01 1.411228911476549164e-01 1.432528529000000050e+00
8.405796178999999313e+01 3.055921585267065144e-01 1.335508187999999929e+00
8.405181684999999447e+01 3.001736402508989876e-01 1.337032267000000108e+00
8.403419639999999902e+01 2.832583552063871468e-01 1.341690081000000090e+00
8.400737465999999642e+01 2.526217470171258084e-01 1.349803504000000043e+00
8.397581447999999682e+01 2.025905047719218921e-01 1.362257647999999932e+00
8.394782675000000438e+01 1.214618119965682891e-01 1.380939515999999978e+00
8.393682721000000413e+01 4.701188302038106573e-03 1.406472729000000088e+00
8.394980431000000465e+01 1.057811772893948732e-01 1.429144855999999963e+00
8.396784309999999607e+01 1.523074794721295810e-01 1.439010353000000020e+00
8.422829400000000533e+01 1.973665536208915605e-01 1.330115178000000009e+00
8.421890141000000085e+01 1.956774895584494633e-01 1.331537525999999971e+00
8.419133524999999452e+01 1.903116573334315831e-01 1.335809282999999903e+00
8.414722281000000237e+01 1.805807913650255003e-01 1.342955377000000006e+00
8.408924158000000659e+01 1.651645824057614564e-01 1.353118292000000000e+00
8.402141072000000577e+01 1.415129873514074932e-01 1.366871710000000073e+00
8.395059752999999603e+01 1.067926648197497497e-01 1.386206889999999969e+00
8.389116292999999303e+01 9.592869897999935225e-02 1.415325060000000024e+00
8.386354819000000305e+01 1.579747249010727828e-01 1.443898581000000014e+00
8.431817349000000661e+01 6.813655814366768870e-02 1.327391356999999994e+00
8.430713242999999579e+01 7.450162039200407260e-02 1.328773049999999900e+00
8.427455435999999622e+01 8.989766408324621760e-02 1.332897321999999996e+00
8.422193935999999326e+01 1.084009811782839228e-01 1.339696435000000019e+00
8.415155541000000028e+01 1.261884640024793502e-01 1.349052675999999895e+00
8.406619822999999769e+01 1.412921715002992684e-01 1.360807906000000012e+00
8.396909839999999292e+01 1.525440422835787624e-01 1.374867311000000036e+00
8.386459127999999907e+01 1.583666944807725074e-01 1.392074154999999980e+00
8.376618075999999746e+01 1.605605643498229096e-01 1.427029018999999899e+00
8.290788190000000668e+01 1.614506366769381807e-01 1.505036875999999912e+00
8.294115813000000514e+01 1.757776393726386277e-01 1.489751089999999945e+00
8.308224382999999591e+01 2.884553045371991420e-01 1.481316309000000109e+00
8.330364151000000561e+01 3.699877099638156919e-01 1.468561309000000037e+00
8.356351936000000080e+01 3.968898240023218116e-01 1.453408032000000016e+00
8.382386008999999660e+01 3.707003108040911599e-01 1.438850334000000064e+00
8.405085257999999726e+01 2.995172388703774558e-01 1.426803631999999933e+00
8.421759056999999871e+01 1.952119592274280946e-01 1.418396873999999919e+00
8.430560366000000272e+01 7.425910339876680422e-02 1.414233341000000088e+00
8.430553500000000611e+01 7.449086945930259718e-02 1.414581362000000064e+00
8.421737833000000251e+01 1.954814930927322170e-01 1.419474933999999910e+00
8.405047618999999770e+01 2.998205451323258663e-01 1.428723403000000003e+00
8.382327820000000429e+01 3.710617446056084789e-01 1.441836867999999994e+00
8.356265281000000300e+01 3.973567887915374075e-01 1.457891446999999951e+00
8.330232436999999379e+01 3.706688846392870440e-01 1.475435468999999999e+00
8.308004809000000535e+01 2.896037072251362310e-01 1.492851490000000059e+00
8.293737296000000470e+01 1.758395549612700171e-01 1.509869550999999976e+00
8.294004243999999915e+01 1.759140246553707598e-01 1.442395703000000085e+00
8.297138307000000168e+01 1.913393007480877206e-01 1.452941884999999989e+00
8.310156686999999920e+01 2.835469180429120439e-01 1.470178223000000006e+00
8.331512234000000205e+01 3.614796175327163463e-01 1.464534503999999959e+00
8.356826040999999350e+01 3.877484683042080049e-01 1.451901126999999958e+00
8.382270241000000510e+01 3.627061332312920827e-01 1.438532670999999930e+00
8.404496849999999597e+01 2.939840000455488656e-01 1.427111223999999901e+00
8.420843449999999564e+01 1.933707378738101779e-01 1.419029322999999954e+00
8.429478815999999597e+01 7.964010113391158108e-02 1.415005829999999909e+00
8.429473765999999557e+01 7.979704620550814864e-02 1.415356953999999945e+00
8.420827855999999656e+01 1.935672070124742350e-01 1.420116334000000036e+00
8.404469258000000309e+01 2.942048499354475988e-01 1.429044103999999926e+00
8.382227724000000535e+01 3.629661706551522427e-01 1.441530519000000066e+00
8.356763042000000041e+01 3.880766318802702508e-01 1.456371902000000107e+00
8.331417553999999370e+01 3.619296544858903730e-01 1.471267633999999935e+00
8.310006658999999729e+01 2.841099358567981681e-01 1.480632833999999898e+00
8.296955495000000269e+01 1.913618197013095823e-01 1.463618665000000041e+00
8.308149104999999679e+01 2.891372981654476981e-01 1.385775176000000108e+00
8.310109099000000299e+01 2.838689976850337082e-01 1.394336459000000028e+00
8.318458984000000100e+01 2.821564907362815178e-01 1.427313207000000084e+00
8.335867163999999718e+01 3.301211003029927427e-01 1.447844920000000091e+00
8.358580539000000442e+01 3.567068621655460903e-01 1.445937436999999992e+00
8.382062161999999716e+01 3.371138890427652912e-01 1.437081765999999927e+00
8.402807781999999293e+01 2.767681875398276259e-01 1.427844104999999919e+00
8.418153533000000266e+01 1.875952288251032385e-01 1.420849964000000076e+00
8.426284764999999766e+01 9.302738836555345114e-02 1.417288434999999902e+00
8.426281457999999702e+01 9.311150441906979047e-02 1.417653545000000070e+00
8.418143390999999554e+01 1.877184943264307293e-01 1.421978501999999978e+00
8.402790108000000657e+01 2.769024260275569915e-01 1.429842609999999903e+00
8.382035707000000002e+01 3.372564252281281538e-01 1.440151476999999902e+00
8.358543620999999746e+01 3.568502460769443774e-01 1.450399712999999924e+00
8.335819711000000609e+01 3.302393517777020837e-01 1.454010733999999916e+00
8.318414631999999642e+01 2.824270564635896208e-01 1.433999798999999964e+00
8.310091490000000647e+01 2.842836695613010778e-01 1.397777853000000015e+00
8.330342052000000308e+01 3.707426198253439553e-01 1.368313055000000000e+00
8.331498512000000289e+01 3.621234257745830631e-01 1.371752985999999952e+00
8.335865311999999960e+01 3.305087493040883562e-01 1.386746763000000104e+00
8.346031530999999859e+01 2.930032728024418165e-01 1.413742827999999951e+00
8.362741393000000301e+01 2.958910442372796878e-01 1.431061168000000050e+00
8.382211970999999551e+01 2.883987582720656806e-01 1.432741978999999999e+00
8.400241212999999618e+01 2.457382112518509132e-01 1.428351547000000110e+00
8.413849396999999897e+01 1.772729112689804820e-01 1.423613387000000063e+00
8.421125748000000044e+01 1.095483046266713112e-01 1.420973586999999982e+00
8.421124245999999403e+01 1.095773957578670271e-01 1.421366109000000044e+00
8.413844985999999437e+01 1.773178713944250084e-01 1.424822046000000064e+00
8.400234306999999490e+01 2.457697146374865360e-01 1.430468937999999968e+00
8.382203862999999444e+01 2.883973515784441499e-01 1.435902167000000063e+00
8.362735700000000350e+01 2.958656766393600868e-01 1.435285928000000100e+00
8.346034534999999721e+01 2.931105057312690665e-01 1.418314781999999941e+00
8.335874979000000451e+01 3.306620672186969534e-01 1.390029766000000055e+00
8.331505095999999355e+01 3.621798086160482044e-01 1.373254750999999940e+00
8.356380090000000394e+01 3.976337777804465068e-01 1.355618878000000027e+00
8.356857361999999512e+01 3.884498855383186067e-01 1.357619920999999952e+00
8.358613364999999362e+01 3.573250320743624475e-01 1.365383537000000036e+00
8.362768013000000167e+01 2.963665161148932858e-01 1.381667616999999959e+00
8.371107082999999704e+01 2.280441340656324256e-01 1.405047820000000058e+00
8.383671046999999987e+01 2.083564498553754085e-01 1.421936829000000069e+00
8.397232794999999328e+01 1.955268041493802567e-01 1.427098521000000009e+00
8.408194514000000197e+01 1.612229631306535127e-01 1.426791302999999900e+00
8.414224710999999957e+01 1.257003597549607721e-01 1.425877209000000034e+00
8.414225238000000218e+01 1.256891282098663853e-01 1.426316367999999946e+00
8.408196664000000453e+01 1.611796357732019069e-01 1.428130965000000030e+00
8.397238500999999644e+01 1.954353142503529872e-01 1.429379114000000062e+00
8.383683772000000545e+01 2.082576417383086576e-01 1.425079734999999959e+00
8.371128570000000479e+01 2.280775307038787336e-01 1.408503695999999916e+00
8.362791282999999964e+01 2.963874691389569715e-01 1.384470507000000072e+00
8.358630211999999915e+01 3.572950579117818437e-01 1.367132715999999970e+00
8.356865709000000209e+01 3.884276976261066272e-01 1.358432266000000110e+00
8.382459826999999564e+01 3.713653159143638915e-01 1.345125617000000107e+00
8.382345358999999974e+01 3.633530966915098359e-01 1.346655139999999973e+00
8.382136096000000691e+01 3.377397950723610154e-01 1.352026726999999928e+00
8.382279006999999638e+01 2.890267141750968993e-01 1.362304548000000004e+00
8.383717090999999755e+01 2.089995109726552613e-01 1.379369100999999986e+00
8.387786226999999428e+01 1.198118822233323888e-01 1.402213002999999958e+00
8.394583068000000026e+01 1.154227465102833083e-01 1.420816775000000032e+00
8.401584547000000214e+01 1.371954350535224132e-01 1.429185171000000087e+00
8.405856434000000377e+01 1.395548822343112005e-01 1.431705620000000012e+00
8.405859497000000147e+01 1.395117288243716558e-01 1.432223116999999935e+00
8.401594839999999920e+01 1.370590283341215077e-01 1.430726420999999915e+00
8.394602942999999584e+01 1.152549862010495835e-01 1.423248966999999920e+00
8.387814280999999994e+01 1.198168966112524714e-01 1.405019752999999927e+00
8.383744620000000225e+01 2.089300732401532246e-01 1.381796674999999919e+00
8.382299668000000281e+01 2.889146687163059446e-01 1.364031009000000072e+00
8.382149112000000457e+01 3.376567200576922612e-01 1.353096590999999904e+00
8.382351565999999821e+01 3.633120520513210550e-01 1.347163855000000021e+00
8.405197108999999500e+01 3.000469509930414058e-01 1.336992643000000092e+00
8.404609295000000202e+01 2.945052631659667575e-01 1.338348308999999903e+00
8.402918515000000355e+01 2.772881435448221743e-01 1.342836887999999895e+00
8.400346442999999397e+01 2.462889699679084443e-01 1.350754210000000066e+00
8.397324734999999407e+01 1.962091664250033007e-01 1.362915037000000051e+00
8.394644406999999831e+01 1.164581370809949501e-01 1.381013299999999999e+00
8.393552907999999491e+01 5.349623808753587069e-03 1.405509885000000070e+00
8.394694207999999946e+01 1.033529200937669257e-01 1.427597242999999905e+00
8.396339039000000071e+01 1.499491797071530741e-01 1.437881957000000099e+00
8.396345811999999853e+01 1.498775028964169920e-01 1.438538665000000050e+00
8.394714485000000082e+01 1.032154769712900211e-01 1.429427972000000047e+00
8.393580977999999959e+01 6.005013636250914819e-03 1.407917824000000095e+00
8.394669288999999424e+01 1.162807149390657491e-01 1.383202875000000054e+00
8.397342457000000593e+01 1.960117231696537621e-01 1.364584366000000104e+00
8.400357990000000541e+01 2.461428415574166972e-01 1.351923736999999903e+00
8.402925392999999588e+01 2.771965555818627913e-01 1.343575610999999892e+00
8.404612500999999725e+01 2.944615779325359672e-01 1.338705736999999951e+00
8.421898695000000146e+01 1.955663800058415058e-01 1.331479953000000105e+00
8.420983454000000279e+01 1.937184695559830694e-01 1.332764848999999918e+00
8.418291954000000032e+01 1.879426776348079586e-01 1.336894817999999985e+00
8.413983754999999576e+01 1.776390316453736740e-01 1.343887602999999986e+00
8.408320955000000652e+01 1.616579666503578649e-01 1.353871637999999988e+00
8.401695623999999896e+01 1.378225302055395840e-01 1.367379238999999913e+00
8.394771876000000077e+01 1.043426264393900044e-01 1.386251852000000007e+00
8.388918415999999922e+01 9.582417521822175766e-02 1.414341234999999974e+00
8.386104314000000670e+01 1.553740487681834481e-01 1.442360953999999973e+00
8.386117978999999423e+01 1.552844582978333554e-01 1.443297315999999997e+00
8.388942276000000220e+01 9.593388443121801668e-02 1.416483879000000057e+00
8.394786584999999945e+01 1.041574729745059213e-01 1.388336167000000065e+00
8.401702441999999849e+01 1.375985302921736153e-01 1.369037512000000012e+00
8.408323699000000317e+01 1.614856612444884043e-01 1.355119127999999895e+00
8.413984630000000209e+01 1.775186964789081945e-01 1.344777075999999960e+00
8.418292087999999751e+01 1.878667871172360615e-01 1.337466795000000097e+00
8.420983404999999777e+01 1.936817650098751897e-01 1.333044764000000049e+00
8.430715827999999590e+01 7.441009767868614344e-02 1.328706646000000102e+00
8.429634620999999584e+01 7.977448749418042384e-02 1.329964541000000056e+00
8.426439238999999759e+01 9.315182914487803167e-02 1.333958820000000101e+00
8.421277109000000394e+01 1.096761881849075415e-01 1.340619183999999908e+00
8.414370952000000159e+01 1.258460521794718123e-01 1.349825848000000050e+00
8.405995104999999512e+01 1.397351586869325091e-01 1.361418446000000060e+00
8.396466413000000273e+01 1.501938684331712015e-01 1.375296628000000076e+00
8.386209986999999444e+01 1.557649539747231193e-01 1.392260277999999962e+00
8.376541392999999402e+01 1.584269787148599173e-01 1.426021887999999960e+00
8.376560551000000032e+01 1.584107703159084446e-01 1.427744385000000005e+00
8.386197135000000458e+01 1.557023830055436209e-01 1.394367935000000003e+00
8.396448026000000198e+01 1.501775410610380335e-01 1.377039120000000061e+00
8.405977941000000442e+01 1.397402549693034790e-01 1.362802341999999944e+00
8.414356791000000158e+01 1.258598368991884764e-01 1.350886191999999930e+00
8.421266441000000214e+01 1.096924900132444647e-01 1.341387190999999923e+00
8.426432153000000369e+01 9.316659021164599985e-02 1.334457972999999908e+00
8.429631093000000419e+01 7.978369805871676768e-02 1.330210295000000098e+00
8.306327077000000259e+01 2.947578155535042765e-01 1.494631835999999936e+00
8.308238882999999930e+01 2.888099115585678889e-01 1.486302980000000051e+00
8.316646771000000626e+01 2.839764474326303967e-01 1.472858213000000083e+00
8.334669408000000601e+01 3.374066734305293802e-01 1.461093058999999972e+00
8.358062413999999762e+01 3.656476839619286490e-01 1.448430912999999931e+00
8.382136558999999920e+01 3.451027581233880315e-01 1.435728394999999935e+00
8.403351413999999409e+01 2.823742156989557106e-01 1.424947967999999898e+00
8.419018502000000126e+01 1.896605659347801454e-01 1.417389312000000068e+00
8.427308365000000379e+01 8.956637173942401386e-02 1.413792683000000050e+00
8.427294129000000567e+01 8.995048526090589081e-02 1.414515796999999964e+00
8.418974402000000623e+01 1.902152149999937758e-01 1.419634260999999897e+00
8.403272848000000295e+01 2.830170205988554177e-01 1.428964772999999910e+00
8.382014148999999748e+01 3.458712864446505386e-01 1.442026301999999927e+00
8.357878279000000532e+01 3.665964328162622521e-01 1.457978253000000057e+00
8.334391712999999413e+01 3.383972378576851625e-01 1.475608511999999983e+00
8.316278732000000673e+01 2.841241557237330073e-01 1.492283465000000087e+00
8.308019502000000500e+01 2.899641871314443398e-01 1.498032275999999996e+00
8.308184660999999949e+01 2.891429732235376027e-01 1.481954889000000053e+00
8.310223680999999374e+01 2.838195974985323611e-01 1.474306756999999912e+00
8.318602783000000045e+01 2.823009900730865107e-01 1.464749273000000018e+00
8.335966381000000069e+01 3.297613366379013589e-01 1.457199511000000003e+00
8.358642894000000467e+01 3.563575686351510008e-01 1.446826922000000071e+00
8.382101978999999403e+01 3.368429418121385299e-01 1.435313776000000097e+00
8.402832424000000344e+01 2.765518198619347223e-01 1.425175035000000090e+00
8.418166682999999750e+01 1.874178799035257637e-01 1.417955118999999931e+00
8.426288205999999548e+01 9.292023699811224891e-02 1.414508191999999998e+00
8.426275780000000282e+01 9.323884503239911192e-02 1.415239560999999924e+00
8.418128203000000553e+01 1.878992254227865588e-01 1.420224104000000098e+00
8.402763924999999290e+01 2.771107557921836939e-01 1.429227671000000033e+00
8.381995426000000293e+01 3.375043163872912810e-01 1.441642805999999943e+00
8.358483284000000424e+01 3.571482905982663603e-01 1.456330286000000029e+00
8.335729272999999750e+01 3.304931948595926094e-01 1.471263042999999993e+00
8.318300259999999469e+01 2.822376094480361086e-01 1.482404301999999952e+00
8.310037819999999442e+01 2.844155957260463552e-01 1.485025467000000043e+00
8.316553021999999373e+01 2.842229356264406870e-01 1.430308437000000099e+00
8.318550544999999374e+01 2.824033214352140719e-01 1.429582316000000075e+00
8.325832352000000469e+01 2.809431044197389649e-01 1.435711213000000042e+00
8.340514224000000354e+01 3.049479299423703549e-01 1.442726693000000004e+00
8.360659160999999528e+01 3.260968460529393709e-01 1.440875013999999954e+00
8.382118493000000115e+01 3.107862065799714690e-01 1.433628212999999985e+00
8.401342241999999771e+01 2.585882698372456989e-01 1.425678043000000006e+00
8.415661599999999964e+01 1.805408874488677595e-01 1.419578824000000017e+00
8.423272538000000509e+01 1.016952642109143906e-01 1.416621781999999996e+00
8.423261614000000463e+01 1.019398086335799869e-01 1.417383695000000055e+00
8.415627872999999681e+01 1.809535120404678898e-01 1.421937320000000060e+00
8.401282641999999612e+01 2.590627754463655785e-01 1.429865850000000105e+00
8.382027241000000117e+01 3.113101327942860430e-01 1.440076804000000044e+00
8.360527598000000182e+01 3.266160128112365890e-01 1.450208581999999913e+00
8.340338269999999454e+01 3.052113910615642522e-01 1.455145102999999995e+00
8.325652927999999520e+01 2.809689646277381825e-01 1.448052587999999918e+00
8.318450260999999557e+01 2.825961539148943991e-01 1.436291495999999945e+00
8.334616225000000611e+01 3.381222510748499999e-01 1.385490195999999896e+00
8.335930598000000202e+01 3.303105324138480015e-01 1.387540538000000101e+00
8.340500799999999515e+01 3.052228021692545701e-01 1.397930805000000110e+00
8.350039503000000707e+01 2.758983200760065091e-01 1.415200049999999932e+00
8.364998550999999338e+01 2.712203062933313258e-01 1.427373653000000076e+00
8.382576994999999442e+01 2.627839026612123208e-01 1.429167636999999935e+00
8.399084607999999719e+01 2.267482260853554421e-01 1.425845674999999924e+00
8.411653253000000063e+01 1.686769057375215319e-01 1.422015704000000103e+00
8.418400952999999731e+01 1.131522467504357810e-01 1.420022048000000092e+00
8.418391289000000199e+01 1.133314663193326077e-01 1.420842437999999985e+00
8.411623692000000574e+01 1.690207217474979651e-01 1.424541977000000070e+00
8.399033577999999522e+01 2.271229122331857864e-01 1.430266585999999895e+00
8.382502872000000593e+01 2.631114932831201125e-01 1.435726810000000020e+00
8.364904101999999853e+01 2.714011681982242408e-01 1.435978331999999913e+00
8.349943351000000291e+01 2.760855243413960491e-01 1.424272677999999903e+00
8.340432696999999962e+01 3.056454774659723150e-01 1.404602490000000037e+00
8.335898756999999648e+01 3.305963281957997602e-01 1.390757272999999961e+00
8.358067266999999845e+01 3.664693903525407803e-01 1.363990172999999917e+00
8.358654916999999784e+01 3.570999098743359301e-01 1.365580506999999999e+00
8.360676893999999493e+01 3.266994815415951159e-01 1.372633506999999975e+00
8.365016009999999369e+01 2.716202375771815114e-01 1.386525103999999953e+00
8.372912986999999418e+01 2.114028134356304989e-01 1.405165830000000060e+00
8.384249191000000678e+01 1.881334700246430347e-01 1.419160143000000041e+00
8.396447645000000648e+01 1.768418002843153147e-01 1.424309368999999936e+00
8.406387198999999555e+01 1.511663827403409155e-01 1.424751289000000032e+00
8.411883964999999819e+01 1.248496933959994809e-01 1.424517135999999962e+00
8.411875331999999617e+01 1.249775025233157283e-01 1.425436600999999914e+00
8.406361418000000185e+01 1.514354662739629265e-01 1.427548625000000015e+00
8.396405808000000093e+01 1.770843833066582107e-01 1.429034222000000076e+00
8.384196165999999550e+01 1.882363848462474398e-01 1.425561486999999961e+00
8.372860975000000394e+01 2.115259327326721728e-01 1.412072409999999945e+00
8.364977835000000539e+01 2.719002487924986333e-01 1.392170922999999894e+00
8.360654472000000226e+01 3.269292640344846901e-01 1.376255870999999908e+00
8.358644830999999442e+01 3.572118400981032504e-01 1.367297282000000003e+00
8.382193854999999871e+01 3.458536096569421181e-01 1.350697706999999914e+00
8.382162705000000358e+01 3.375580748124063502e-01 1.351995569000000064e+00
8.382179600999999991e+01 3.114557700618321712e-01 1.357141064999999980e+00
8.382632882999999424e+01 2.634122369250656015e-01 1.366896357999999978e+00
8.384287657999999510e+01 1.887055406329922191e-01 1.382340209999999958e+00
8.388121721000000264e+01 1.079966885254441261e-01 1.402014864000000083e+00
8.394110709000000270e+01 1.013210347347506118e-01 1.418388181999999942e+00
8.400227864000000011e+01 1.269174157391856350e-01 1.426671465000000083e+00
8.403980373999999642e+01 1.352277056764387142e-01 1.429799830000000105e+00
8.403972494999999299e+01 1.353165775189590914e-01 1.430886611000000030e+00
8.400205597000000068e+01 1.271012426171991838e-01 1.429881318999999928e+00
8.394079216999999460e+01 1.014232427375660189e-01 1.423357916000000056e+00
8.388090361000000428e+01 1.080852883953164201e-01 1.407629709000000062e+00
8.384263626000000613e+01 1.888692403831327693e-01 1.387195815999999970e+00
8.382616830999999991e+01 2.635358120252022651e-01 1.370403692000000007e+00
8.382169887000000585e+01 3.115261315068702519e-01 1.359344810000000070e+00
8.382158117000000175e+01 3.375890674480915288e-01 1.353051663000000016e+00
8.403451941999999519e+01 2.829819788058740015e-01 1.341521320000000017e+00
8.402934910999999829e+01 2.771418150075979914e-01 1.342705679999999901e+00
8.401443675999999527e+01 2.591691032583724463e-01 1.347036123999999946e+00
8.399180687000000489e+01 2.273483244859229591e-01 1.354747356000000069e+00
8.396530635000000586e+01 1.775428557757666170e-01 1.366456890999999896e+00
8.394165148000000443e+01 1.022925177222748783e-01 1.383293512000000058e+00
8.393077354000000412e+01 1.005656630798477079e-02 1.405108425000000105e+00
8.393780565000000138e+01 9.709668169232621437e-02 1.425015130000000019e+00
8.394989157999999918e+01 1.433199621964372783e-01 1.435279377999999939e+00
8.394981576000000700e+01 1.433795038997393023e-01 1.436668813999999905e+00
8.393761028999999496e+01 9.721441801825354834e-02 1.428799739000000013e+00
8.393053740999999945e+01 1.079069902766946996e-02 1.409932975999999893e+00
8.394143592999999726e+01 1.023847087267184125e-01 1.387653151999999945e+00
8.396513140999999791e+01 1.775818977597297676e-01 1.369814496999999909e+00
8.399167620000000056e+01 2.273642356386678665e-01 1.357123118999999933e+00
8.401435028000000216e+01 2.591750484843662883e-01 1.348546387000000069e+00
8.402930610999999317e+01 2.771436760276422273e-01 1.343438909999999931e+00
8.419151021999999784e+01 1.900804041405022848e-01 1.335574483999999895e+00
8.418300612999999544e+01 1.878246957156866903e-01 1.336716047999999990e+00
8.415794330999999318e+01 1.809463098870433551e-01 1.340700698000000024e+00
8.411781707000000097e+01 1.691027480839429331e-01 1.347535090999999907e+00
8.406507030999999586e+01 1.516596632129517674e-01 1.357315126000000038e+00
8.400331484999999532e+01 1.275770985080941777e-01 1.370455466999999983e+00
8.393851329000000305e+01 9.799484817750692134e-02 1.388345069000000098e+00
8.388251080000000570e+01 9.549030786639682578e-02 1.413663190000000069e+00
8.385315495000000396e+01 1.480151650640753325e-01 1.439017782000000079e+00
8.385306952999999908e+01 1.480548941762213633e-01 1.441042547999999979e+00
8.388227256999999781e+01 9.562043970214281763e-02 1.417975175999999893e+00
8.393821044999999970e+01 9.804450849803618417e-02 1.392476083999999892e+00
8.400302600000000552e+01 1.275984950951618291e-01 1.373773056999999964e+00
8.406482868999999880e+01 1.516740111510594402e-01 1.359831806000000087e+00
8.411763371000000689e+01 1.691125692714714468e-01 1.349339214000000009e+00
8.415782104000000174e+01 1.809524150368308493e-01 1.341864640999999914e+00
8.418294512999999313e+01 1.878276156025958377e-01 1.337286667999999956e+00
8.427460333000000503e+01 8.975132873273451717e-02 1.332632328000000088e+00
8.426441457999999329e+01 9.308456023228429965e-02 1.333759020000000017e+00
8.423424842000000012e+01 1.018540309879596012e-01 1.337611960000000044e+00
8.418550016999999741e+01 1.133211395511149605e-01 1.344120192999999963e+00
8.412027317000000437e+01 1.250424161758136310e-01 1.353163824999999987e+00
8.404115129999999567e+01 1.354574100700132178e-01 1.364579237000000056e+00
8.395111156000000108e+01 1.436065895410255921e-01 1.378243045000000055e+00
8.385414126000000579e+01 1.484057300063713336e-01 1.394773776000000076e+00
8.376242657999999608e+01 1.520323147608509395e-01 1.425064820000000010e+00
8.376216019000000301e+01 1.520041438801688072e-01 1.428623852999999944e+00
8.385353206000000625e+01 1.485212303637082898e-01 1.398927193000000013e+00
8.395053301000000090e+01 1.437867469822558808e-01 1.381729114000000092e+00
8.404066632999999342e+01 1.356484919891712826e-01 1.367368597000000019e+00
8.411989140999999393e+01 1.252231348977463909e-01 1.355310562000000107e+00
8.418521952999999769e+01 1.134781007562988137e-01 1.345679561999999940e+00
8.423406452000000399e+01 1.019736870299738640e-01 1.338627323999999952e+00
8.426432366000000229e+01 9.315096348917349667e-02 1.334259450000000014e+00
8.329249772999999379e+01 3.791823120223545285e-01 1.479324019999999962e+00
8.330407155999999702e+01 3.704773919164973117e-01 1.474273860000000047e+00
8.334702507000000082e+01 3.378510759062981483e-01 1.464886581000000021e+00
8.344998144999999568e+01 2.980493468483275121e-01 1.452362954000000039e+00
8.362192991000000575e+01 3.032721172077601501e-01 1.441181153999999909e+00
8.382217660999999964e+01 2.960813717606232132e-01 1.431000967999999984e+00
8.400705188999999962e+01 2.514277291448819840e-01 1.422149901999999910e+00
8.414627362000000232e+01 1.797047643518950577e-01 1.415861400000000048e+00
8.422054344000000015e+01 1.080093907197827163e-01 1.413051586999999998e+00
8.422031576000000541e+01 1.084882901593979126e-01 1.414211475999999967e+00
8.414556636000000367e+01 1.805788148849255814e-01 1.419472850000000008e+00
8.400578616999999326e+01 2.524775139465288976e-01 1.428641937000000084e+00
8.382020407000000262e+01 2.972505038362358021e-01 1.441181574000000021e+00
8.361906616000000270e+01 3.042054825675967744e-01 1.456071043999999981e+00
8.344646822999999358e+01 2.982448168105026887e-01 1.470796610999999920e+00
8.334425263999999345e+01 3.388473119582779969e-01 1.479591773999999971e+00
8.330275675999999407e+01 3.711597189604067815e-01 1.481293156000000000e+00
8.330376250000000482e+01 3.706527254870563559e-01 1.474934508000000033e+00
8.331595246000000543e+01 3.617993528159130778e-01 1.469832317000000055e+00
8.336021151999999290e+01 3.301971529767477320e-01 1.460687316000000013e+00
8.346203094000000533e+01 2.929501456617537580e-01 1.449403304999999920e+00
8.362871803999999543e+01 2.954155457844840349e-01 1.439654157000000101e+00
8.382297604999999407e+01 2.878391098480496679e-01 1.430493757999999893e+00
8.400293732000000091e+01 2.452630626758237897e-01 1.422267742999999918e+00
8.413876926000000367e+01 1.769011108089505457e-01 1.416328135000000099e+00
8.421132480999999359e+01 1.093714839373551156e-01 1.413678780999999995e+00
8.421111600000000408e+01 1.097979064960185602e-01 1.414852065999999908e+00
8.413812081999999748e+01 1.776988338690817515e-01 1.419977005000000014e+00
8.400177800000000161e+01 2.462211411587266752e-01 1.428807251000000056e+00
8.382117438999999592e+01 2.888865412975856750e-01 1.440679266999999930e+00
8.362612224999999455e+01 2.962030907959244952e-01 1.454333560000000025e+00
8.345887799000000484e+01 2.930530486363476794e-01 1.467204144000000099e+00
8.335768760000000555e+01 3.309239814511962252e-01 1.474950780999999989e+00
8.331472739999999533e+01 3.623580483543569208e-01 1.476771263000000056e+00
8.334638214999999661e+01 3.381488629189537409e-01 1.456441037999999910e+00
8.335987221999999974e+01 3.303600814704872324e-01 1.451968088999999962e+00
8.340584640999999522e+01 3.053433897697095389e-01 1.445382713999999957e+00
8.350127453000000344e+01 2.759898624395389355e-01 1.439233545000000003e+00
8.365065984999999671e+01 2.710224342807940889e-01 1.434399243000000101e+00
8.382621294000000489e+01 2.624976847736288366e-01 1.428640278999999902e+00
8.399111451000000272e+01 2.264983644753086889e-01 1.422467495000000026e+00
8.411667054999999493e+01 1.684875175466490627e-01 1.417660169999999997e+00
8.418404065000000003e+01 1.130715635842177991e-01 1.415529838000000096e+00
8.418384516999999789e+01 1.134375969395784028e-01 1.416750324999999977e+00
8.411606566000000385e+01 1.692159499022922176e-01 1.421441167000000005e+00
8.399004295000000297e+01 2.273573421505382941e-01 1.429175628000000087e+00
8.382458203999999569e+01 2.633520116932503430e-01 1.438850506000000085e+00
8.364841264000000365e+01 2.715167218653135039e-01 1.448407760000000044e+00
8.349870789999999943e+01 2.759452301219755821e-01 1.455078572999999986e+00
8.340379099000000451e+01 3.055664970421397841e-01 1.457968581000000041e+00
8.335882793000000390e+01 3.306022033282217110e-01 1.458347191999999959e+00
8.344928559000000234e+01 2.983250813633656628e-01 1.417453215999999960e+00
8.346157123000000411e+01 2.931602924068290039e-01 1.416013098000000081e+00
8.350108299999999417e+01 2.760961518149225302e-01 1.416677511999999917e+00
8.357657813999999519e+01 2.490864000695660330e-01 1.419913256999999929e+00
8.369268526000000463e+01 2.295500855358114933e-01 1.423658733999999981e+00
8.383461683999999536e+01 2.182385800592379632e-01 1.424371507999999897e+00
8.397324776000000668e+01 1.941677208979752933e-01 1.422227627999999910e+00
8.408130312000000117e+01 1.545230336155724860e-01 1.419623019000000097e+00
8.413995644000000595e+01 1.181174665631972293e-01 1.418490073999999934e+00
8.413976877000000343e+01 1.184233955961311868e-01 1.419800104999999979e+00
8.408072798000000603e+01 1.551827919309700654e-01 1.423647351999999922e+00
8.397225373000000559e+01 1.949015653825462435e-01 1.429210008000000087e+00
8.383318334000000505e+01 2.188062372596883964e-01 1.434475442999999961e+00
8.369090764000000604e+01 2.297160966390165426e-01 1.436186434999999983e+00
8.357481332000000407e+01 2.491025110634554618e-01 1.432289109000000060e+00
8.349977112000000545e+01 2.762315672473813488e-01 1.425828985000000104e+00
8.346090440000000399e+01 2.932645142201594224e-01 1.420653895000000055e+00
8.362169672999999648e+01 3.040040194089073666e-01 1.381835745000000060e+00
8.362860904999999434e+01 2.960459933625341211e-01 1.382430363000000106e+00
8.365066577000000336e+01 2.714858806706204053e-01 1.387053697999999891e+00
8.369275914000000682e+01 2.298158601291864500e-01 1.395697656000000064e+00
8.376079678000000683e+01 1.818872587074973346e-01 1.406770413999999914e+00
8.385297414000000060e+01 1.545009844029794077e-01 1.415977892999999987e+00
8.395234870999999544e+01 1.461273651624108993e-01 1.420481789999999966e+00
8.403480987000000368e+01 1.352299794160214952e-01 1.421744963999999944e+00
8.408097322000000418e+01 1.235101920252551777e-01 1.422361253999999908e+00
8.408078659000000243e+01 1.237615612969067691e-01 1.423822122000000023e+00
8.403425011999999583e+01 1.358100134966113148e-01 1.426154225999999969e+00
8.395143285999999705e+01 1.466839242803992804e-01 1.427782542000000099e+00
8.385179306000000565e+01 1.547354569436758809e-01 1.425540727000000008e+00
8.375957391000000030e+01 1.820207188972546297e-01 1.416835553999999942e+00
8.369175310999999340e+01 2.301481789573256997e-01 1.404108775000000087e+00
8.364999733000000504e+01 2.718332390829227285e-01 1.392718101000000042e+00
8.362828349999999489e+01 2.962446233001914120e-01 1.385214002000000111e+00
8.382252801999999292e+01 2.969242569587662861e-01 1.361370895000000081e+00
8.382338848999999925e+01 2.886206104377405102e-01 1.362320656000000074e+00
8.382665083999999922e+01 2.631922669377623203e-01 1.366931933999999904e+00
8.383502751000000330e+01 2.188285737261897734e-01 1.375435101999999965e+00
8.385326030999999602e+01 1.549590020510118182e-01 1.387868094999999968e+00
8.388642402000000686e+01 8.767972196659522266e-02 1.402634833000000025e+00
8.393323784999999759e+01 7.953121653147648962e-02 1.415406074999999930e+00
8.398029058000000191e+01 1.115136939112904707e-01 1.423085911000000037e+00
8.400941625999999474e+01 1.285984285499311985e-01 1.426827652000000057e+00
8.400922029000000180e+01 1.288023237138047061e-01 1.428541727999999900e+00
8.397972873000000504e+01 1.119792947784485487e-01 1.428062447000000068e+00
8.393241278000000705e+01 7.986874599187801516e-02 1.422880198999999957e+00
8.388553335000000288e+01 8.784212919743164538e-02 1.410920833999999902e+00
8.385249579999999980e+01 1.552939681615306267e-01 1.395158125000000027e+00
8.383446716999999637e+01 2.191688362636862730e-01 1.380880494999999986e+00
8.382629371000000162e+01 2.634316751323481087e-01 1.370445630999999942e+00
8.382321591999999555e+01 2.887394212557917728e-01 1.364029844000000047e+00
8.400790440999999475e+01 2.521440906796832970e-01 1.349459477999999990e+00
8.400382433999999421e+01 2.459483957588012859e-01 1.350441978999999959e+00
8.399199615999999935e+01 2.271603214058255937e-01 1.354562123000000007e+00
8.397407466999999315e+01 1.948262435601030296e-01 1.361929194000000010e+00
8.395304670000000158e+01 1.468351002899245250e-01 1.372807499000000098e+00
8.393368193000000588e+01 8.039519480115225880e-02 1.387507569000000052e+00
8.392235865000000672e+01 1.888599539566901755e-02 1.405231566000000099e+00
8.392265179000000330e+01 8.892386627875244198e-02 1.421594354000000004e+00
8.392795906000000628e+01 1.330417019129160605e-01 1.431308945999999915e+00
8.392773377999999695e+01 1.332033935924787915e-01 1.433477759999999934e+00
8.392206065999999964e+01 8.920897615748554776e-02 1.427322911999999944e+00
8.392162383000000148e+01 1.942974745676052245e-02 1.412365974000000080e+00
8.393300476999999660e+01 8.074888131111199185e-02 1.394032705999999955e+00
8.395250645000000134e+01 1.471190071874491634e-01 1.377952698000000087e+00
8.397368117000000609e+01 1.950255929457803683e-01 1.365635853999999982e+00
8.399174118999999905e+01 2.272834332283909797e-01 1.356944380000000061e+00
8.400369922999999517e+01 2.460067514546575851e-01 1.351605195000000093e+00
8.414750187999999298e+01 1.802065068447946672e-01 1.342442952999999939e+00
8.414002173999999457e+01 1.773830684864022011e-01 1.343427085000000076e+00
8.411791103000000192e+01 1.689681164294130344e-01 1.347251310000000091e+00
8.408249175000000264e+01 1.550269185378005954e-01 1.353899331999999900e+00
8.403589657000000557e+01 1.357958003811188530e-01 1.363399253999999949e+00
8.398120016000000021e+01 1.121951052672007371e-01 1.375948675000000065e+00
8.392324535000000196e+01 8.965428457541707585e-02 1.392221326999999897e+00
8.387115932000000385e+01 9.474750885818378210e-02 1.413284984999999994e+00
8.384020958000000689e+01 1.364824564101642657e-01 1.434132689999999988e+00
8.383990169000000492e+01 1.365976502519583302e-01 1.437246715999999980e+00
8.387046415999999738e+01 9.489138181410795847e-02 1.419661145999999929e+00
8.392250190000000032e+01 8.990940680226772175e-02 1.398384010000000011e+00
8.398055091999999888e+01 1.124622675276865935e-01 1.380987954999999934e+00
8.403537794000000360e+01 1.360076708315232641e-01 1.367269749000000090e+00
8.408210825999999827e+01 1.551773586700596064e-01 1.356695435000000005e+00
8.411765909000000363e+01 1.690634093114515846e-01 1.349063635000000039e+00
8.413989705000000185e+01 1.774291548065815849e-01 1.344317801999999951e+00
8.422201148000000615e+01 1.082236562379870759e-01 1.339111669000000004e+00
8.421281426999999553e+01 1.095654268044521790e-01 1.340096415999999957e+00
8.418552004000000011e+01 1.132707270287808266e-01 1.343795996999999964e+00
8.414139432999999713e+01 1.183423324955542866e-01 1.350138397000000046e+00
8.408233721000000571e+01 1.237736088723050132e-01 1.359000414000000045e+00
8.401067084999999679e+01 1.289053586292803477e-01 1.370204148000000011e+00
8.392905786000000035e+01 1.333908362734148589e-01 1.383567178000000064e+00
8.384105180000000246e+01 1.368627031178863140e-01 1.399363117999999906e+00
8.375732223999999349e+01 1.414254609721992961e-01 1.424184023000000021e+00
8.375661845999999855e+01 1.413963547234235729e-01 1.429442155000000048e+00
8.383997003999999720e+01 1.371518482032846598e-01 1.405560769999999904e+00
8.392808096000000262e+01 1.337637766050100707e-01 1.388843958999999906e+00
8.400986435999999458e+01 1.292780220462234064e-01 1.374462722000000081e+00
8.408170631999999500e+01 1.241099594225606173e-01 1.362296994000000039e+00
8.414093194999999525e+01 1.186192318901998499e-01 1.352542678000000054e+00
8.418521751999999481e+01 1.134692911657124437e-01 1.345365724000000096e+00
8.421266482999999425e+01 1.096696967605164108e-01 1.340871267000000033e+00
8.355942133000000638e+01 4.066831221405549091e-01 1.462551702000000065e+00
8.356427807999999402e+01 3.974091615725753313e-01 1.459273870999999945e+00
8.358131538000000660e+01 3.661793303331583038e-01 1.453437918999999967e+00
8.362240735999999686e+01 3.038047908460699831e-01 1.444287923999999945e+00
8.370708279000000118e+01 2.331535928761389875e-01 1.433453657000000048e+00
8.383635612999999864e+01 2.144312774323625381e-01 1.424632335000000083e+00
8.397599603999999829e+01 2.009483157639425088e-01 1.418050639999999918e+00
8.408856878000000279e+01 1.639797806202898667e-01 1.413559062999999894e+00
8.415026084999999512e+01 1.257373744628588197e-01 1.411870106000000069e+00
8.414992546000000573e+01 1.262908561393395468e-01 1.413583674000000068e+00
8.408752608999999723e+01 1.652247180386311465e-01 1.418899094999999999e+00
8.397414306000000295e+01 2.024365880010407237e-01 1.427582715000000002e+00
8.383360819000000674e+01 2.155057546301092919e-01 1.438856418000000081e+00
8.370377480999999875e+01 2.333835847318913304e-01 1.450725719000000025e+00
8.361954921000000240e+01 3.047452274896085278e-01 1.459371964000000021e+00
8.357947857000000624e+01 3.671291135242961134e-01 1.463212930999999939e+00
8.356341367000000275e+01 3.978762746670267969e-01 1.463895420000000058e+00
8.356407998000000248e+01 3.975217275484799195e-01 1.460870262999999891e+00
8.356929700000000594e+01 3.881207787709886059e-01 1.457529411999999969e+00
8.358732159999999567e+01 3.568113269115409381e-01 1.451607402999999907e+00
8.362929572999999550e+01 2.959440982770592532e-01 1.442596798000000069e+00
8.371277972999999406e+01 2.279037674825815929e-01 1.432323521999999905e+00
8.383805037999999854e+01 2.077531975231052819e-01 1.424142325999999903e+00
8.397318712000000573e+01 1.947652279135312914e-01 1.418065192000000030e+00
8.408239484000000630e+01 1.606303199852023855e-01 1.413905791999999995e+00
8.414235229999999888e+01 1.254735915373672572e-01 1.412384343999999903e+00
8.414203779000000338e+01 1.259827426175846588e-01 1.414116248000000020e+00
8.408141781000000492e+01 1.617901810906160476e-01 1.419291395999999983e+00
8.397145491999999933e+01 1.961447862830938971e-01 1.427627320999999894e+00
8.383549487999999883e+01 2.087175967429144852e-01 1.438267999000000019e+00
8.370971611000000223e+01 2.280825645159055837e-01 1.449297885000000008e+00
8.362662543999999798e+01 2.967258534900698574e-01 1.457470327000000010e+00
8.358558123000000251e+01 3.576514353517335487e-01 1.461354846999999957e+00
8.356847100999999611e+01 3.885472699342951697e-01 1.462171922000000013e+00
8.358090556000000504e+01 3.664104375309772954e-01 1.454315994999999972e+00
8.358711341999999433e+01 3.569355248437748873e-01 1.450886665000000075e+00
8.360765354000000116e+01 3.264778626649647020e-01 1.445007777999999909e+00
8.365129774999999768e+01 2.715024316945777172e-01 1.436883766000000007e+00
8.373028702000000578e+01 2.113740613372075139e-01 1.428614835000000083e+00
8.384339407000000222e+01 1.877513963870187652e-01 1.422488347000000042e+00
8.396505337000000679e+01 1.763246285413630488e-01 1.418000206000000096e+00
8.406416993000000559e+01 1.507704618221154536e-01 1.414889013000000029e+00
8.411890415999999959e+01 1.247095509573744737e-01 1.413900520999999966e+00
8.411860239000000661e+01 1.251691269835544795e-01 1.415695849000000006e+00
8.406323804000000166e+01 1.518462813277303147e-01 1.420432833000000006e+00
8.396342574999999897e+01 1.775591626690917746e-01 1.427674711999999957e+00
8.384105859000000294e+01 1.885055038425187957e-01 1.436335737000000057e+00
8.372756216999999879e+01 2.114539162204913114e-01 1.444725454000000076e+00
8.364889866999999413e+01 2.719755339523115545e-01 1.451072676999999977e+00
8.360603811000000007e+01 3.270795045783264632e-01 1.454588661000000060e+00
8.358632901000000004e+01 3.572699290220797130e-01 1.455550466999999903e+00
8.362183254999999349e+01 3.040320503443124101e-01 1.437682788000000045e+00
8.362892085000000009e+01 2.961005915922411136e-01 1.434711156999999959e+00
8.365112926999999843e+01 2.715668646293128430e-01 1.430362931999999976e+00
8.369332146000000705e+01 2.299237774185825256e-01 1.425422304999999890e+00
8.376135555999999838e+01 1.819464513845868714e-01 1.421423906000000015e+00
8.385341981999999916e+01 1.543543608952864243e-01 1.419094222000000016e+00
8.395264036999999746e+01 1.458742467920385311e-01 1.417492191000000012e+00
8.403496085999999821e+01 1.350341771989501116e-01 1.416304119000000084e+00
8.408100405999999793e+01 1.234470179383228283e-01 1.416304237999999938e+00
8.408070637000000147e+01 1.238529540711320875e-01 1.418218994999999927e+00
8.403405454999999336e+01 1.360152622728937888e-01 1.422132984000000100e+00
8.395111011999999562e+01 1.469117938692115211e-01 1.427323225999999945e+00
8.385134782999999459e+01 1.548189582987528901e-01 1.432365639999999996e+00
8.375907540000000040e+01 1.819143923499438875e-01 1.435970248999999921e+00
8.369133046000000320e+01 2.300472568879417534e-01 1.438098271000000095e+00
8.364974481999999512e+01 2.717909608962612578e-01 1.439182119000000037e+00
8.362822810999999490e+01 2.962421735228031872e-01 1.439129775000000055e+00
8.370663104999999860e+01 2.334060799584333212e-01 1.408183473000000019e+00
8.371249004000000582e+01 2.281194587607644764e-01 1.406910172999999986e+00
8.373015458000000422e+01 2.115282946659723384e-01 1.406699428999999890e+00
8.376134317999999723e+01 1.820330506187133879e-01 1.407701051999999953e+00
8.380809732999999540e+01 1.418999800309036774e-01 1.410010570999999935e+00
8.386964901000000339e+01 1.083092912799137469e-01 1.413130226000000045e+00
8.393765363999999352e+01 1.039781371115536673e-01 1.415892184999999914e+00
8.399644374999999741e+01 1.149268910344510147e-01 1.417769998999999892e+00
8.403027489999999489e+01 1.218915342179549138e-01 1.419398327999999987e+00
8.402997014000000320e+01 1.222395183738459595e-01 1.421512413000000086e+00
8.399554202999999575e+01 1.157769233375259416e-01 1.424033853999999932e+00
8.393622521999999719e+01 1.047507439869772433e-01 1.425833096000000078e+00
8.386789512999999374e+01 1.084855729388694290e-01 1.425351647999999916e+00
8.380634523999999885e+01 1.418999407325760298e-01 1.422230472999999940e+00
8.375988793000000499e+01 1.821291442089144064e-01 1.417865547999999976e+00
8.372914921999999649e+01 2.116398036227460089e-01 1.413735184999999950e+00
8.371198304000000689e+01 2.281830191890274750e-01 1.410463876999999977e+00
8.383640916000000232e+01 2.152332816617494593e-01 1.379543403000000001e+00
8.383819959000000210e+01 2.084763507702113439e-01 1.379738759999999953e+00
8.384360601999999574e+01 1.883497945895537262e-01 1.382677670999999942e+00
8.385364984000000277e+01 1.548031891629038370e-01 1.388114988000000105e+00
8.386982378999999810e+01 1.086063494672740437e-01 1.395570807999999996e+00
8.389324580000000253e+01 5.807810143958178767e-02 1.404122000000000092e+00
8.392244782000000214e+01 5.326423241906138445e-02 1.412275270000000083e+00
8.395092130999999824e+01 9.410880203089162788e-02 1.418626710999999929e+00
8.396868412000000603e+01 1.205682824240228296e-01 1.422875225999999937e+00
8.396835491000000218e+01 1.208514179536177013e-01 1.425319438000000050e+00
8.394999898000000371e+01 9.474032678316166023e-02 1.425497621999999964e+00
8.392113630999999430e+01 5.373987979139748655e-02 1.422098365000000086e+00
8.389184100999999316e+01 5.825246394710266451e-02 1.414709364999999996e+00
8.386857655000000022e+01 1.089406929293408044e-01 1.405033007999999972e+00
8.385268768000000250e+01 1.551875494848311832e-01 1.395461062000000085e+00
8.384296600999999782e+01 1.886558702952444710e-01 1.387589903000000069e+00
8.383788226000000066e+01 2.086410912539926887e-01 1.382182610999999950e+00
8.397662615999999502e+01 2.018285064874995316e-01 1.361797777999999903e+00
8.397387066000000289e+01 1.955931931141534352e-01 1.362475171999999901e+00
8.396574130999999852e+01 1.770972473441271844e-01 1.366128666000000047e+00
8.395327935999999625e+01 1.465940211621398481e-01 1.372649498999999995e+00
8.393817839999999819e+01 1.046656372418460906e-01 1.381829428000000082e+00
8.392277015999999890e+01 5.397470383235030561e-02 1.393228007000000046e+00
8.390986109000000681e+01 3.126854173633666217e-02 1.405846083999999996e+00
8.390177171000000556e+01 8.190303385811797954e-02 1.417707964000000098e+00
8.389847439999999779e+01 1.202442064547068895e-01 1.426212277999999944e+00
8.389808725000000322e+01 1.204490042768261160e-01 1.429237416000000094e+00
8.390079276999999536e+01 8.220178573223524410e-02 1.425328976999999941e+00
8.390866843000000586e+01 3.161788081042765652e-02 1.415073998000000000e+00
8.392165387000000010e+01 5.455641516279613468e-02 1.401815475000000033e+00
8.393726544999999817e+01 1.051732003150202682e-01 1.388825836000000091e+00
8.395260208000000546e+01 1.469849021199874373e-01 1.377829393000000069e+00
8.396529771999999525e+01 1.773563573896399792e-01 1.369518360000000046e+00
8.397365184999999599e+01 1.957212770984124717e-01 1.364146787999999999e+00
8.408965851000000669e+01 1.646006925876580540e-01 1.352268991999999947e+00
8.408351971999999819e+01 1.612218847287981149e-01 1.353066700000000067e+00
8.406528086999999516e+01 1.513555660401765257e-01 1.356682366000000028e+00
8.403600715999999693e+01 1.356355426640966921e-01 1.363048123000000000e+00
8.399736914000000354e+01 1.155630607257573800e-01 1.372060022999999962e+00
8.395165672999999629e+01 9.476365191459777682e-02 1.383579541000000024e+00
8.390221911000000432e+01 8.240315769341220731e-02 1.397431145000000097e+00
8.385508484999999723e+01 9.333481702124001023e-02 1.413196574999999955e+00
8.382264965000000245e+01 1.217081347673959063e-01 1.428187078000000110e+00
8.382211764999999559e+01 1.218043735763530006e-01 1.432380170999999924e+00
8.385396939000000316e+01 9.348390035374905260e-02 1.421449715999999919e+00
8.390105798999999820e+01 8.279222790523725617e-02 1.405550662000000006e+00
8.395064734000000328e+01 9.524651930754152174e-02 1.390394321999999905e+00
8.399656303999999807e+01 1.159747353809890968e-01 1.377392630999999978e+00
8.403541103000000589e+01 1.359375078397145886e-01 1.366946900000000076e+00
8.406488921999999775e+01 1.515499923809753291e-01 1.359228026999999894e+00
8.408332588999999757e+01 1.613166642943890117e-01 1.354322832000000032e+00
8.415165555000000097e+01 1.259859229756133958e-01 1.348045817000000035e+00
8.414377681000000564e+01 1.257022827619626582e-01 1.348875529999999934e+00
8.412031439000000432e+01 1.249531429237778213e-01 1.352410708999999933e+00
8.408235704000000510e+01 1.237326645318675283e-01 1.358572700000000077e+00
8.403152817999999513e+01 1.222331379421011943e-01 1.367221194999999945e+00
8.396979459000000645e+01 1.209601760297369238e-01 1.378134597999999933e+00
8.389939291000000310e+01 1.206536281896081197e-01 1.391006865000000037e+00
8.382329172000000028e+01 1.220579463216555915e-01 1.405584273999999967e+00
8.375021768000000577e+01 1.267052898979432185e-01 1.423419054000000017e+00
8.374911308000000076e+01 1.266849803560944343e-01 1.430133713000000029e+00
8.382175630999999782e+01 1.225111297681846928e-01 1.413784906999999924e+00
8.389801635999999974e+01 1.212053450032861135e-01 1.398118901999999997e+00
8.396865633000000173e+01 1.214987455393563426e-01 1.383942322000000003e+00
8.403063545000000545e+01 1.227035084729598685e-01 1.371754219000000052e+00
8.408170131999999342e+01 1.241039712686589497e-01 1.361897963999999961e+00
8.411988472999999544e+01 1.252082113058863855e-01 1.354590152999999964e+00
8.414356437000000710e+01 1.258318803722424384e-01 1.349953750999999924e+00
8.382604288999999653e+01 3.792742680591412729e-01 1.446880707000000044e+00
8.382493857000000048e+01 3.711748283696503226e-01 1.444749336000000106e+00
8.382239508000000683e+01 3.455982251986839948e-01 1.441160129000000012e+00
8.382307835000000296e+01 2.966592597807309883e-01 1.435515378000000064e+00
8.383694959000000324e+01 2.151371120542348858e-01 1.427403516999999900e+00
8.387841371999999751e+01 1.234783472827731959e-01 1.418556048999999986e+00
8.394873515999999825e+01 1.193636106818404263e-01 1.412709232000000092e+00
8.402115897999999561e+01 1.398853847488193691e-01 1.410192400999999984e+00
8.406505045000000109e+01 1.407624700241327520e-01 1.410108603999999932e+00
8.406456346000000224e+01 1.413947936409518102e-01 1.412600440000000068e+00
8.401966238999999348e+01 1.415072805182237548e-01 1.417866421999999904e+00
8.394623047999999699e+01 1.209000252140965542e-01 1.425610001999999987e+00
8.387534128999999439e+01 1.237410264740935184e-01 1.434513412000000043e+00
8.383420800999999756e+01 2.162207157715728412e-01 1.441806622000000093e+00
8.382111172999999837e+01 2.978289786899625535e-01 1.445950802999999896e+00
8.382117474999999729e+01 3.463661243780283283e-01 1.447681076999999927e+00
8.382435845999999913e+01 3.715359176321986201e-01 1.447862199000000016e+00
8.382480744999999445e+01 3.712584329223310720e-01 1.446452402000000026e+00
8.382396620999999470e+01 3.630573314597048129e-01 1.444272127000000072e+00
8.382219268000000056e+01 3.372460765468622834e-01 1.440584328999999997e+00
8.382397308999999552e+01 2.883669627215685871e-01 1.434850610000000026e+00
8.383868425999999374e+01 2.084466263239212747e-01 1.426797486999999975e+00
8.387945009999999968e+01 1.196294160865373352e-01 1.418234897000000050e+00
8.394705815999999743e+01 1.145763645291608401e-01 1.412694410999999928e+00
8.401652790999999354e+01 1.363850688743764583e-01 1.410423524000000040e+00
8.405872474999999611e+01 1.392827880516255834e-01 1.410496237000000042e+00
8.405826286999999297e+01 1.398721312935294336e-01 1.413010383000000036e+00
8.401511155999999403e+01 1.379008095875528805e-01 1.418135528999999950e+00
8.394469908000000657e+01 1.159978852284674067e-01 1.425553878000000108e+00
8.387656502000000103e+01 1.198562457119421026e-01 1.434030179000000071e+00
8.383609402000000443e+01 2.094117645056730315e-01 1.441099472000000103e+00
8.382209792000000448e+01 2.894460567756438896e-01 1.445294821000000063e+00
8.382102190000000519e+01 3.379700227920007238e-01 1.447148655999999978e+00
8.382340793999999562e+01 3.634015436199702354e-01 1.447415214000000061e+00
8.382212783999999317e+01 3.457712944211571715e-01 1.444682876999999976e+00
8.382206010000000163e+01 3.373350919106861134e-01 1.442368335000000057e+00
8.382247707000000503e+01 3.110990253763847302e-01 1.438435013000000096e+00
8.382726642999999456e+01 2.629728075828486333e-01 1.432543045999999931e+00
8.384403039999999407e+01 1.883875493519882316e-01 1.424813281999999903e+00
8.388239274999999395e+01 1.078999874160569972e-01 1.417190530999999920e+00
8.394201114000000530e+01 1.007114690316833622e-01 1.412598844999999992e+00
8.400277964999999369e+01 1.263346607487533524e-01 1.411080639999999997e+00
8.403991430000000662e+01 1.350405831498908138e-01 1.411639643000000000e+00
8.403946670000000552e+01 1.355792944078370588e-01 1.414230807000000034e+00
8.400142237000000023e+01 1.277132702561314115e-01 1.418928729999999971e+00
8.393980032000000335e+01 1.019442613608340376e-01 1.425362148000000051e+00
8.387973598000000663e+01 1.080592676186907519e-01 1.432544910999999921e+00
8.384161951000000101e+01 1.891329763929258667e-01 1.438827397000000063e+00
8.382547931999999946e+01 2.638855410656755773e-01 1.443009325000000009e+00
8.382134127000000490e+01 3.117499902587472227e-01 1.445129217000000077e+00
8.382151331999999400e+01 3.376548648361555327e-01 1.445604177999999962e+00
8.382267871999999898e+01 2.968926666427643135e-01 1.439613229999999966e+00
8.382371483999999384e+01 2.885201745243000104e-01 1.437177821999999994e+00
8.382714531000000591e+01 2.630389638734457192e-01 1.433133299000000083e+00
8.383567743999999777e+01 2.186685985267247667e-01 1.427501042000000053e+00
8.385401962000000253e+01 1.548912680882744419e-01 1.420900016999999904e+00
8.388717445000000339e+01 8.768744693904052812e-02 1.415154942000000027e+00
8.393382094999999765e+01 7.918029948235046078e-02 1.412245471999999946e+00
8.398061968999999749e+01 1.111634210902515962e-01 1.412020843000000081e+00
8.400948610999999744e+01 1.284891859079168863e-01 1.413432809999999984e+00
8.400904110000000458e+01 1.289669511554078218e-01 1.416167801999999920e+00
8.397930173999999681e+01 1.123546297243289971e-01 1.420106566000000070e+00
8.393176542000000495e+01 8.015565672489473326e-02 1.424825234000000052e+00
8.388478743000000293e+01 8.774465191355933225e-02 1.429759758000000103e+00
8.385183451999999704e+01 1.553346393009843451e-01 1.434321850999999981e+00
8.383400319999999795e+01 2.193025036979562303e-01 1.437848559000000082e+00
8.382604988999999307e+01 2.635405211026631833e-01 1.439942403000000093e+00
8.382317842999999868e+01 2.887814844535686043e-01 1.440525043999999921e+00
8.383649400999999557e+01 2.152700517541443204e-01 1.427172008999999964e+00
8.383837352000000465e+01 2.085288181478691660e-01 1.424986244999999929e+00
8.384385794000000658e+01 1.884154097464955380e-01 1.421836244000000082e+00
8.385396357999999850e+01 1.548829946759248122e-01 1.418033368999999988e+00
8.387017222999999433e+01 1.087066678420857690e-01 1.414289590000000096e+00
8.389358436000000552e+01 5.817432590844155704e-02 1.411745189999999983e+00
8.392272008000000483e+01 5.315963275866036203e-02 1.411371533000000067e+00
8.395108326000000432e+01 9.397509233323875222e-02 1.413013618999999998e+00
8.396871880000000488e+01 1.205244850826753533e-01 1.415695673000000099e+00
8.396826133000000425e+01 1.209244220452590640e-01 1.418667241000000079e+00
8.394978457999999932e+01 9.489049744465981318e-02 1.421441205000000041e+00
8.392083008000000177e+01 5.381308753276648621e-02 1.423626059999999915e+00
8.389150372999999661e+01 5.810948013317612793e-02 1.425250466999999910e+00
8.386827680999999757e+01 1.088426909533101589e-01 1.426638558000000057e+00
8.385247074999999484e+01 1.551426854986594495e-01 1.427809294000000007e+00
8.384285015999999757e+01 1.886468342748510163e-01 1.428467611999999942e+00
8.383786945999999318e+01 2.086579432162616599e-01 1.428314048999999919e+00
8.387817289000000187e+01 1.236788121111504074e-01 1.404556236999999985e+00
8.387933311000000458e+01 1.198036879279406747e-01 1.403463418000000074e+00
8.388237782000000209e+01 1.080330626900980195e-01 1.403113346999999900e+00
8.388722893999999997e+01 8.777598170380143672e-02 1.403491212999999904e+00
8.389365474999999606e+01 5.823608488576995784e-02 1.404622623999999931e+00
8.390116156000000558e+01 2.056357400245576242e-02 1.406627351000000026e+00
8.390887865999999917e+01 3.353550718154965637e-02 1.409681940000000022e+00
8.391544745000000205e+01 8.070992208861629824e-02 1.413755403999999993e+00
8.391913829000000646e+01 1.126008110934942075e-01 1.418160196999999956e+00
8.391864526999999896e+01 1.128943892066899407e-01 1.421514756999999962e+00
8.391414469999999426e+01 8.123124367051125228e-02 1.422622535999999993e+00
8.390716009000000497e+01 3.380460977465375716e-02 1.421398914999999930e+00
8.389940244000000291e+01 2.055199349096482539e-02 1.418662241000000046e+00
8.389209990999999889e+01 5.835678565333664997e-02 1.415309562000000021e+00
8.388600615999999377e+01 8.791310896161688704e-02 1.411936534999999937e+00
8.388154475999999704e+01 1.081350316872725648e-01 1.408890659000000101e+00
8.387891277999999318e+01 1.198558097420339558e-01 1.406386271999999993e+00
8.394903797000000623e+01 1.204065167276700404e-01 1.380661324999999939e+00
8.394744016999999303e+01 1.155431129337222140e-01 1.380731646000000090e+00
8.394242282999999816e+01 1.015704386495333567e-01 1.383070755999999957e+00
8.393421284000000071e+01 7.991198290785639369e-02 1.387384447000000076e+00
8.392304108999999812e+01 5.376419795973713667e-02 1.393200234999999898e+00
8.390907292999999356e+01 3.394692380901737777e-02 1.399920387999999960e+00
8.389265715000000512e+01 4.668968417057272474e-02 1.406955200999999933e+00
8.387540194999999699e+01 7.924930484309868073e-02 1.413920975999999996e+00
8.386245807000000241e+01 1.066951771705343249e-01 1.420430595000000018e+00
8.386188617000000534e+01 1.068381976922046783e-01 1.424436022000000079e+00
8.387405904999999962e+01 7.939954062836378224e-02 1.423289288999999957e+00
8.389108847999999341e+01 4.686612485147630125e-02 1.417861529999999926e+00
8.390759296000000234e+01 3.453215287348267853e-02 1.410198255000000067e+00
8.392179500000000303e+01 5.438667662881308679e-02 1.401860469000000053e+00
8.393326061999999865e+01 8.040834178010038136e-02 1.394014335999999910e+00
8.394178504999999291e+01 1.019144441650974980e-01 1.387520252000000065e+00
8.394712133000000165e+01 1.157191363344387269e-01 1.382959395999999952e+00
8.402203794999999786e+01 1.406864916964450651e-01 1.365720774999999998e+00
8.401745569000000557e+01 1.371401168582226937e-01 1.366260385999999993e+00
8.400369406999999455e+01 1.270568956918215475e-01 1.369497498000000091e+00
8.398146047999999553e+01 1.118567063781774895e-01 1.375261217999999896e+00
8.395179244999999923e+01 9.461787541949434610e-02 1.383232110000000015e+00
8.391597061999999596e+01 8.122441012754084977e-02 1.392872053999999915e+00
8.387568955999999787e+01 7.951996617023543434e-02 1.403326787999999992e+00
8.383415465999999583e+01 9.097444831891006445e-02 1.413373838000000049e+00
8.380094789999999705e+01 1.049493846215520387e-01 1.421904481000000109e+00
8.380018832000000373e+01 1.048929130055590159e-01 1.427147166999999994e+00
8.383267935000000648e+01 9.111804066219712783e-02 1.423196050000000046e+00
8.387416349000000082e+01 7.993229324611553221e-02 1.413185018000000071e+00
8.391462221999999826e+01 8.179549185291573599e-02 1.401423641000000053e+00
8.395069807999999512e+01 9.516587293155337468e-02 1.390103585000000086e+00
8.398064152000000604e+01 1.122880084510354537e-01 1.380378679999999969e+00
8.400315191999999342e+01 1.273462388756947672e-01 1.372878690000000068e+00
8.401718624999999463e+01 1.372843097935753653e-01 1.367939809999999978e+00
8.406634203999999500e+01 1.410557261815189867e-01 1.359306871000000028e+00
8.406005500999999924e+01 1.395550595371840008e-01 1.359966629000000093e+00
8.404122361000000296e+01 1.353313667827380218e-01 1.363325490000000029e+00
8.401071754000000169e+01 1.288294432449522409e-01 1.369282420000000000e+00
8.396981877999999710e+01 1.209280995062633479e-01 1.377647550999999915e+00
8.392005733000000589e+01 1.130511082749452167e-01 1.388099018999999990e+00
8.386314982999999756e+01 1.071278929722852824e-01 1.400113436999999905e+00
8.380135842999999340e+01 1.052456100964370422e-01 1.412757459000000049e+00
8.374119901999999627e+01 1.080592399360781469e-01 1.422820168000000107e+00
8.373975025000000016e+01 1.080522222298954532e-01 1.430588127999999903e+00
8.379941037000000392e+01 1.058582631265118784e-01 1.422815892000000026e+00
8.386138406000000600e+01 1.078263985462573765e-01 1.409058656000000020e+00
8.391858113000000685e+01 1.137160430049466847e-01 1.395523601000000058e+00
8.396865128999999683e+01 1.214941176282959417e-01 1.383509646000000037e+00
8.400985493999999676e+01 1.292648768666836423e-01 1.373617681999999895e+00
8.404065620000000081e+01 1.356240594619715356e-01 1.366182334000000109e+00
8.405977386000000706e+01 1.397016433773617117e-01 1.361384377999999895e+00
8.405811271000000318e+01 3.055022772192685365e-01 1.434044789999999958e+00
8.405220262000000275e+01 2.998925745672068599e-01 1.432710214999999954e+00
8.403482757000000447e+01 2.827686399074737511e-01 1.430566691999999973e+00
8.400828538000000378e+01 2.518879618185433378e-01 1.427272093000000019e+00
8.397706041000000710e+01 2.016038549269869862e-01 1.422320416999999892e+00
8.394943435000000420e+01 1.204782568649549190e-01 1.415412198999999926e+00
8.393856687999999622e+01 4.418237239284385047e-03 1.408335730999999980e+00
8.395104790999999977e+01 1.048841579932092843e-01 1.405747875000000091e+00
8.396818998999999906e+01 1.518898628467241774e-01 1.407647888999999930e+00
8.396745436000000495e+01 1.526238111591335100e-01 1.411400782000000076e+00
8.394894112999999436e+01 1.063195287845853376e-01 1.416515860999999932e+00
8.393576043000000197e+01 4.720878085659727108e-03 1.422796992000000094e+00
8.394693718999999987e+01 1.220234168744091935e-01 1.428451740999999942e+00
8.397521414000000561e+01 2.030905956939609014e-01 1.432075341000000002e+00
8.400702422999999897e+01 2.529355798909417308e-01 1.433996529999999936e+00
8.403404471000000342e+01 2.834100506431698197e-01 1.434769146999999911e+00
8.405182757000000038e+01 3.001952254890519201e-01 1.434732021999999940e+00
8.405211853999999505e+01 2.999613266319515192e-01 1.434269475000000016e+00
8.404643095999999503e+01 2.942534552757836153e-01 1.432897523000000062e+00
8.402972085999999763e+01 2.768575887915827871e-01 1.430670188999999981e+00
8.400422423000000549e+01 2.456551471261484987e-01 1.427260587999999997e+00
8.397427423999999974e+01 1.953771263278221426e-01 1.422204569000000030e+00
8.394775434000000303e+01 1.156622929670054201e-01 1.415295516999999892e+00
8.393693181000000436e+01 5.685181058390659584e-03 1.408374419999999905e+00
8.394793529000000376e+01 1.026609085819875644e-01 1.405918588000000025e+00
8.396365324999999302e+01 1.496254558454375994e-01 1.407912886000000086e+00
8.396295191000000102e+01 1.503085087290182698e-01 1.411688054999999942e+00
8.394593763000000308e+01 1.039650928396678164e-01 1.416676154999999993e+00
8.393428276999999582e+01 5.605048126135492303e-03 1.422734826999999980e+00
8.394538850000000707e+01 1.170949127886484753e-01 1.428289839999999922e+00
8.397251554999999712e+01 1.967849470516851995e-01 1.431988478999999925e+00
8.400301883999999575e+01 2.466605833913796952e-01 1.434036029000000045e+00
8.402897129999999493e+01 2.774779629937144110e-01 1.434915885999999974e+00
8.404607156000000145e+01 2.945473411902694294e-01 1.434942935000000030e+00
8.403465778999999714e+01 2.829092375160801587e-01 1.434771688999999961e+00
8.402963773000000458e+01 2.769277090461288449e-01 1.433286524999999978e+00
8.401487896000000433e+01 2.588078779592614675e-01 1.430814373000000028e+00
8.399241988999999364e+01 2.268311055463424764e-01 1.427080762999999974e+00
8.396611722999999472e+01 1.768962288406583927e-01 1.421756143000000083e+00
8.394266199000000483e+01 1.017276931389863165e-01 1.414903180000000038e+00
8.393183727999999633e+01 1.058835673618827543e-02 1.408474076000000075e+00
8.393856169999999395e+01 9.664690169650606844e-02 1.406420674999999898e+00
8.395008504000000471e+01 1.430925983918834021e-01 1.408699877000000100e+00
8.394940488999999673e+01 1.437030667885859370e-01 1.412554440000000078e+00
8.393666355999999951e+01 9.772046466559598799e-02 1.417174163000000098e+00
8.392936245999999301e+01 1.027176855453757615e-02 1.422577737999999981e+00
8.394042951999999502e+01 1.029709075961522807e-01 1.427793819999999991e+00
8.396442779000000201e+01 1.781869159776239553e-01 1.431647770999999958e+00
8.399124722000000531e+01 2.277886769370556508e-01 1.434027200000000057e+00
8.401414438999999845e+01 2.594122581069246425e-01 1.435203642999999918e+00
8.402928423000000180e+01 2.772173888696626842e-01 1.435410217999999904e+00
8.400802681000000405e+01 2.520960956351753213e-01 1.434842171999999971e+00
8.400405806000000553e+01 2.457894349741272244e-01 1.433179312000000039e+00
8.399234031000000300e+01 2.268927690273846443e-01 1.430348385999999916e+00
8.397453645000000222e+01 1.944587032057184528e-01 1.426187037999999907e+00
8.395363668000000246e+01 1.464131998307564575e-01 1.420614108999999958e+00
8.393439039000000434e+01 8.009672340911683230e-02 1.414085628000000039e+00
8.392308975999999632e+01 1.934100054152625842e-02 1.408572667999999917e+00
8.392318303999999785e+01 8.871481870331558717e-02 1.407194470000000086e+00
8.392809477000000129e+01 1.329059047312049491e-01 1.409925314000000096e+00
8.392742180999999846e+01 1.334174813501856904e-01 1.413926954999999985e+00
8.392137540999999601e+01 8.946980366734431922e-02 1.417946378999999979e+00
8.392080205999999976e+01 1.900652137552037366e-02 1.422269730000000010e+00
8.393229768999999862e+01 8.107383189349044728e-02 1.426782468999999942e+00
8.395200560000000678e+01 1.475276492184274535e-01 1.430654418999999899e+00
8.397337761999999373e+01 1.953420812036680831e-01 1.433409630000000101e+00
8.399160378999999921e+01 2.274740590611922519e-01 1.434981794999999893e+00
8.400370087999999669e+01 2.460743353670219458e-01 1.435439255999999997e+00
8.397672273000000587e+01 2.018238643219464334e-01 1.432794133000000025e+00
8.397403821000000335e+01 1.955216846828216337e-01 1.430949164999999912e+00
8.396597509999999431e+01 1.769671086382859637e-01 1.427833990000000108e+00
8.395357764999999972e+01 1.464249590197646278e-01 1.423482259000000028e+00
8.393853964999999562e+01 1.045068088917320698e-01 1.418150816999999897e+00
8.392318308000000115e+01 5.396855917441104045e-02 1.412632861999999934e+00
8.391028079999999534e+01 3.159120387084341647e-02 1.408610103000000002e+00
8.390209271000000513e+01 8.187836990828693817e-02 1.408174253999999959e+00
8.389856100999999455e+01 1.201861783706870829e-01 1.411451985000000020e+00
8.389787778999999546e+01 1.205615974335485924e-01 1.415690362000000091e+00
8.390036503999999695e+01 8.226670940849727109e-02 1.418922870999999919e+00
8.390818520999999919e+01 3.132188286576217257e-02 1.421763405000000091e+00
8.392124004000000070e+01 5.459637804663156069e-02 1.424992728000000097e+00
8.393696787999999742e+01 1.053560198180124724e-01 1.428289979999999959e+00
8.395242269000000590e+01 1.471655374325606946e-01 1.431023707000000034e+00
8.396522382000000562e+01 1.774869796636887043e-01 1.432784709000000101e+00
8.397366909000000135e+01 1.957860004384945063e-01 1.433395347000000042e+00
8.394909352000000524e+01 1.204673426875853548e-01 1.424989526999999923e+00
8.394752416000000039e+01 1.155948241484666822e-01 1.423201316999999966e+00
8.394252996999999539e+01 1.016160574786663801e-01 1.420515414000000032e+00
8.393433856000000048e+01 7.996527119020521712e-02 1.417143309999999934e+00
8.392318188000000134e+01 5.386373459988957196e-02 1.413512528999999907e+00
8.390922559999999919e+01 3.416444207098114777e-02 1.410331516999999923e+00
8.389281420999999739e+01 4.686201862859049744e-02 1.408583160000000056e+00
8.387553642000000309e+01 7.929579732401204062e-02 1.409350431000000015e+00
8.386250080000000651e+01 1.066878971057695913e-01 1.413094743000000042e+00
8.386178157000000510e+01 1.068725516729939207e-01 1.417702951999999961e+00
8.387387130999999840e+01 7.937365569118726150e-02 1.420094538000000073e+00
8.389089955999999404e+01 4.670688798696427668e-02 1.421079205000000067e+00
8.390743899000000283e+01 3.434883684296045903e-02 1.422142006999999930e+00
8.392168671999999674e+01 5.435087772464892997e-02 1.423518124000000107e+00
8.393319904999999892e+01 8.044287300320918099e-02 1.424849521000000063e+00
8.394176733000000468e+01 1.019752369163089006e-01 1.425714375000000089e+00
8.394714290999999662e+01 1.157852610376106650e-01 1.425813390000000069e+00
8.393848758000000032e+01 4.476548901911926552e-03 1.407010555000000052e+00
8.393695411999999578e+01 5.565356701833151093e-03 1.406002836000000089e+00
8.393192797000000382e+01 1.046256863076987925e-02 1.405526902000000078e+00
8.392321382999999457e+01 1.927697977696054069e-02 1.405556720000000093e+00
8.391040157999999849e+01 3.158638737173420641e-02 1.406065764000000051e+00
8.389289415000000361e+01 4.688831616390141260e-02 1.407062390999999968e+00
8.387029583999999716e+01 6.432011468455847703e-02 1.408615406000000014e+00
8.384383929000000535e+01 8.202366509576070053e-02 1.410914564000000038e+00
8.382102503000000127e+01 9.490680560550449063e-02 1.414656512999999949e+00
8.382022333000000458e+01 9.483198012828328305e-02 1.419859712000000052e+00
8.384219726000000605e+01 8.198007335915463711e-02 1.421673277000000013e+00
8.386851640000000430e+01 6.434065176768624661e-02 1.420384788000000009e+00
8.389124696000000370e+01 4.699378238443682049e-02 1.418051597999999913e+00
8.390900566999999910e+01 3.180216309836254862e-02 1.415452515999999994e+00
8.392213103000000274e+01 1.962944150969401363e-02 1.412888173000000025e+00
8.393119194000000505e+01 1.096484806152652793e-02 1.410537248000000021e+00
8.393658238999999810e+01 6.068817860405524393e-03 1.408541959999999982e+00
8.395158370999999420e+01 1.057957578019071143e-01 1.385044068000000017e+00
8.394853940000000136e+01 1.035025258139041782e-01 1.385099279999999933e+00
8.393916706999999633e+01 9.738146967833410939e-02 1.387309560000000053e+00
8.392372863999999311e+01 8.930672641349735041e-02 1.391394344999999921e+00
8.390252805999999453e+01 8.230119211558550862e-02 1.396871619999999981e+00
8.387582761000000175e+01 7.955342949258879803e-02 1.403052643999999960e+00
8.384397631000000217e+01 8.215196869583599182e-02 1.409040496000000031e+00
8.380826118000000235e+01 8.748117926075557604e-02 1.413697243999999964e+00
8.377558722999999929e+01 8.784202235384398760e-02 1.416222405999999934e+00
8.377459039999999391e+01 8.748691570103148130e-02 1.422460787999999976e+00
8.380652510000000177e+01 8.760035591828468915e-02 1.424581869999999917e+00
8.384220095999999955e+01 8.247069952885337230e-02 1.420106391000000023e+00
8.387422748999999556e+01 7.995256089135817368e-02 1.412986324000000016e+00
8.390119697000000087e+01 8.271481285502697844e-02 1.405123445000000082e+00
8.392271119000000112e+01 8.967216317592852093e-02 1.397704174000000021e+00
8.393848307999999747e+01 9.764978977403977745e-02 1.391556346000000000e+00
8.394819635000000346e+01 1.036436339809339163e-01 1.387231582999999935e+00
8.396933052999999347e+01 1.522450605312506977e-01 1.372860842999999997e+00
8.396484275999999625e+01 1.499555958634046782e-01 1.373331105999999968e+00
8.395124635000000524e+01 1.434327314836394973e-01 1.376481373000000064e+00
8.392915609000000643e+01 1.332813670297443298e-01 1.382153339999999897e+00
8.389945889999999906e+01 1.206030859804437666e-01 1.390045460999999927e+00
8.386318421000000001e+01 1.071199493303134076e-01 1.399649205000000007e+00
8.382146022000000585e+01 9.528387213579884996e-02 1.410130297999999893e+00
8.377576548000000400e+01 8.807416162684648941e-02 1.419876613000000010e+00
8.373032163000000594e+01 8.586540692951977194e-02 1.422410138999999907e+00
8.372861027999999806e+01 8.586427702769483528e-02 1.430550286999999976e+00
8.377348842000000673e+01 8.886065677987489697e-02 1.431403350999999935e+00
8.381934789999999680e+01 9.607208662957501810e-02 1.420755178999999924e+00
8.386138339000000030e+01 1.078314726796497230e-01 1.408672004000000033e+00
8.389801373000000240e+01 1.211976793480445264e-01 1.397285286000000015e+00
8.392807725000000119e+01 1.337368673983724277e-01 1.387568782000000001e+00
8.395053187000000605e+01 1.437390971783147620e-01 1.380077248000000090e+00
8.396448737999999423e+01 1.501092311924518141e-01 1.375123407000000020e+00
8.422839815999999757e+01 1.973093204929468325e-01 1.425064759000000070e+00
8.421913625999999908e+01 1.954514620805679614e-01 1.424311818000000063e+00
8.419170228999999495e+01 1.899130131535663735e-01 1.423111173999999979e+00
8.414773703999999555e+01 1.799940841498889610e-01 1.421278177999999892e+00
8.408993809000000397e+01 1.643650304202440848e-01 1.418527424999999953e+00
8.402235541999999668e+01 1.405085456726930526e-01 1.414459555999999951e+00
8.395187914000000262e+01 1.059492415039843816e-01 1.408688831000000086e+00
8.389265018999999768e+01 9.619412670901440754e-02 1.402792041999999961e+00
8.386418917000000306e+01 1.575149058989747386e-01 1.404409709000000062e+00
8.386293820000000210e+01 1.583246158664591008e-01 1.410684982999999892e+00
8.389013583999999923e+01 9.588169278260530448e-02 1.415542287000000066e+00
8.394978252999999313e+01 1.073954307222409199e-01 1.419535129000000007e+00
8.402086590999999771e+01 1.421249563495354806e-01 1.422276424999999955e+00
8.408889981999999463e+01 1.656055265997738724e-01 1.424035581000000050e+00
8.414703260000000284e+01 1.808652833567270524e-01 1.425048619000000016e+00
8.419126301999999384e+01 1.904659212398367440e-01 1.425478522999999997e+00
8.421892486000000133e+01 1.957201521253471299e-01 1.425456178999999990e+00
8.421908931999999481e+01 1.955123502595482177e-01 1.425626822999999987e+00
8.421003095999999744e+01 1.935191350721636172e-01 1.424845404000000038e+00
8.418320993999999757e+01 1.875956222806445250e-01 1.423574946000000008e+00
8.414023335999999631e+01 1.771326144016580617e-01 1.421636300999999936e+00
8.408373989000000392e+01 1.609745244203823200e-01 1.418756654000000061e+00
8.401767814999999473e+01 1.369782210828428548e-01 1.414566183999999893e+00
8.394871347999999500e+01 1.036718384040486857e-01 1.408749754000000021e+00
8.389036201000000403e+01 9.610176642519877022e-02 1.402951092999999982e+00
8.386154818999999350e+01 1.550216807307379652e-01 1.404586302000000009e+00
8.386035574000000281e+01 1.557592304757627055e-01 1.410864114000000002e+00
8.388799034999999549e+01 9.578457494107169012e-02 1.415624350000000087e+00
8.394674050999999793e+01 1.049993958349663137e-01 1.419580339999999996e+00
8.401627833999999950e+01 1.385134474163688401e-01 1.422416651000000032e+00
8.408276594999999531e+01 1.621659723450800117e-01 1.424308700999999955e+00
8.413957363999999473e+01 1.779732024094383136e-01 1.425445072999999896e+00
8.418279902000000448e+01 1.881301030357770965e-01 1.425969414000000102e+00
8.420983332999999504e+01 1.937790493164304184e-01 1.426003652999999982e+00
8.419160834000000193e+01 1.900347736092991291e-01 1.427247112999999956e+00
8.418316445000000670e+01 1.876554334845468019e-01 1.426377594000000082e+00
8.415816048000000649e+01 1.806525134502242613e-01 1.424896358999999890e+00
8.411810126000000309e+01 1.686778288467463416e-01 1.422642479000000071e+00
8.406544463999999550e+01 1.510973807332717522e-01 1.419384468999999926e+00
8.400382648000000074e+01 1.269136666215199272e-01 1.414846465000000109e+00
8.393923230000000046e+01 9.754598024471042295e-02 1.408923498000000052e+00
8.388338740000000371e+01 9.576970087626482386e-02 1.403428407000000044e+00
8.385354012000000523e+01 1.477861853532059788e-01 1.405121349000000075e+00
8.385239450000000261e+01 1.483955613760526981e-01 1.411426851999999954e+00
8.388116474999999639e+01 9.545405635738421490e-02 1.415916312000000010e+00
8.393737199999999632e+01 9.864859032127105964e-02 1.419743538000000083e+00
8.400249370999999599e+01 1.283333464969284854e-01 1.422826959000000002e+00
8.406451246000000310e+01 1.522404549055002554e-01 1.425092392999999902e+00
8.411746820999999841e+01 1.694967633184824851e-01 1.426584749000000096e+00
8.415776567999999713e+01 1.811766025849159412e-01 1.427384567999999909e+00
8.418297445000000323e+01 1.879109262029328153e-01 1.427583692000000015e+00
8.414759307999999294e+01 1.801747779667214056e-01 1.429663823999999916e+00
8.414014136000000121e+01 1.772488527043790674e-01 1.428644108999999940e+00
8.411805673000000638e+01 1.687327655910871305e-01 1.426814011999999909e+00
8.408266876999999795e+01 1.546910604833315606e-01 1.424050016999999890e+00
8.403612237000000107e+01 1.353693903926416198e-01 1.420202712000000034e+00
8.398151221000000533e+01 1.117425342686017981e-01 1.415169630999999928e+00
8.392370232999999757e+01 8.945878046008881590e-02 1.409181392999999893e+00
8.387175030000000220e+01 9.501767860397118681e-02 1.404216955999999961e+00
8.384048916000000418e+01 1.363729610498169709e-01 1.405972889999999920e+00
8.383937813999999378e+01 1.368014824166298715e-01 1.412335420000000008e+00
8.386967841000000590e+01 9.471106868706173632e-02 1.416424560999999915e+00
8.392194304000000216e+01 9.023196065806131372e-02 1.419992791999999948e+00
8.398022324000000083e+01 1.129863402687052848e-01 1.423380770999999934e+00
8.403520758000000512e+01 1.364507975619657643e-01 1.426193741999999931e+00
8.408204216000000031e+01 1.554919747070604430e-01 1.428238949999999896e+00
8.411766400999999860e+01 1.692532166660768445e-01 1.429477195999999894e+00
8.413995187999999814e+01 1.775042727678346477e-01 1.429939988000000106e+00
8.408973957000000610e+01 1.645896103429068669e-01 1.432314043999999953e+00
8.408359971000000144e+01 1.611304269813192691e-01 1.431081432999999903e+00
8.406535676000000024e+01 1.511887734632927083e-01 1.428784059999999911e+00
8.403608176999999557e+01 1.354046486215226275e-01 1.425369134999999954e+00
8.399745509999999626e+01 1.152996464378414077e-01 1.420831959999999894e+00
8.395178321999999582e+01 9.456030088203808137e-02 1.415337273000000007e+00
8.390243599000000074e+01 8.245527309611749844e-02 1.409516219999999986e+00
8.385541680000000042e+01 9.358454150702499863e-02 1.405335371000000055e+00
8.382283667000000094e+01 1.216937537371722000e-01 1.407075719000000058e+00
8.382174541999999917e+01 1.218901827503033053e-01 1.413532817999999969e+00
8.385348922000000016e+01 9.329651286741398597e-02 1.417191346999999935e+00
8.390076231999999834e+01 8.282661749259084827e-02 1.420317451999999925e+00
8.395051119000000028e+01 9.551673604686235219e-02 1.423883695000000005e+00
8.399652758000000574e+01 1.162719456210280500e-01 1.427258351000000092e+00
8.403543521000000283e+01 1.361762972425780149e-01 1.429950996999999946e+00
8.406494718999999805e+01 1.517074635170898578e-01 1.431731816000000101e+00
8.408340094999999792e+01 1.613890889327030398e-01 1.432524925000000060e+00
8.402210413999999616e+01 1.407059740042433116e-01 1.433909475000000100e+00
8.401749583000000143e+01 1.371036656919671082e-01 1.432422556999999985e+00
8.400370501000000445e+01 1.269746275295778881e-01 1.429640406000000086e+00
8.398144356000000244e+01 1.117537592111285533e-01 1.425636593999999979e+00
8.395175704000000394e+01 9.454840604501987822e-02 1.420631589000000083e+00
8.391594010000000026e+01 8.127997814399413878e-02 1.415115246000000049e+00
8.387570773000000202e+01 7.974192259199122668e-02 1.410009983999999994e+00
8.383427115000000640e+01 9.119126813599770509e-02 1.406887779000000060e+00
8.380105469999999457e+01 1.049858088111003673e-01 1.408361973000000100e+00
8.379996183999999460e+01 1.049014593679843121e-01 1.414965191999999927e+00
8.383246671999999933e+01 9.093631720591309475e-02 1.418357716999999907e+00
8.387409361000000274e+01 7.975211294169470833e-02 1.420800762000000050e+00
8.391464919999999950e+01 8.179020880345029554e-02 1.424096911999999993e+00
8.395077530000000365e+01 9.528574445170039098e-02 1.427670482999999990e+00
8.398073859000000141e+01 1.124376476677775294e-01 1.430802539000000095e+00
8.400324980999999980e+01 1.274712256657273557e-01 1.433025972999999897e+00
8.401727257999999665e+01 1.373607048465273761e-01 1.434097426999999980e+00
8.395162582000000384e+01 1.058537597787857915e-01 1.430958543000000027e+00
8.394854390999999794e+01 1.035277786967691849e-01 1.429330371000000044e+00
8.393913197000000537e+01 9.738657611859888319e-02 1.426528510000000027e+00
8.392365537999999958e+01 8.932446361794861567e-02 1.422778901000000040e+00
8.390242426000000364e+01 8.238121497537170823e-02 1.418497326000000003e+00
8.387571126999999649e+01 7.973030279532940245e-02 1.414307181999999941e+00
8.384388117000000307e+01 8.238606517584030897e-02 1.410978779999999988e+00
8.380823709999999949e+01 8.764206053791342987e-02 1.409228289000000078e+00
8.377562725999999316e+01 8.787359586177379001e-02 1.409851600000000094e+00
8.377449493000000302e+01 8.747409295054769940e-02 1.416674066999999981e+00
8.380650461999999834e+01 8.745274506832030614e-02 1.420340552000000089e+00
8.384227248000000543e+01 8.224667197827593978e-02 1.421779687999999986e+00
8.387434494000000029e+01 7.979669263651135991e-02 1.423790016999999963e+00
8.390132749999999362e+01 8.268030489560967977e-02 1.426298567999999989e+00
8.392283453999999665e+01 8.972828142444401467e-02 1.428723718999999948e+00
8.393858668999999395e+01 9.774168025962869100e-02 1.430527032999999948e+00
8.394827205999999364e+01 1.037296407581276281e-01 1.431338502000000013e+00
8.389268085000000497e+01 9.609986480011399601e-02 1.415020938000000061e+00
8.389048021000000688e+01 9.601369947740773236e-02 1.414009904000000040e+00
8.388354907000000082e+01 9.570972999778019907e-02 1.413294617999999891e+00
8.387191423999999529e+01 9.500141862757649491e-02 1.412883794999999942e+00
8.385554854999999463e+01 9.361726954340419959e-02 1.412781161999999924e+00
8.383434859999999844e+01 9.126331091606534884e-02 1.412979760000000029e+00
8.380825901999999417e+01 8.772007096560567596e-02 1.413398031000000055e+00
8.377779839999999467e+01 8.277434651925033582e-02 1.413611928999999989e+00
8.374719562999999312e+01 7.262170726502502338e-02 1.412152357000000080e+00
8.374593228999999894e+01 7.195886194034518957e-02 1.419274174999999971e+00
8.377600098000000628e+01 8.278045595082535180e-02 1.424550414000000043e+00
8.380651797000000158e+01 8.777950056467702378e-02 1.424325108999999978e+00
8.383279355999999893e+01 9.132722021674773150e-02 1.422923472999999994e+00
8.385424593000000471e+01 9.367772060518565758e-02 1.421224303000000022e+00
8.387090673999999524e+01 9.505313891544350802e-02 1.419481546000000094e+00
8.388286417999999856e+01 9.574771651250063575e-02 1.417813298000000000e+00
8.389013407000000200e+01 9.603385443988191050e-02 1.416304060000000087e+00
8.386506255999999837e+01 1.579488790078154015e-01 1.389778863999999947e+00
8.386248401999999658e+01 1.554230007526632984e-01 1.389994573000000067e+00
8.385444624999999519e+01 1.481638066907411677e-01 1.392710131999999934e+00
8.384128309999999829e+01 1.367300854742833638e-01 1.397649549999999907e+00
8.382345225999999627e+01 1.220243386424336579e-01 1.404319321000000009e+00
8.380145004999999969e+01 1.052754712780222535e-01 1.411971958999999943e+00
8.377579407000000344e+01 8.810963068155582001e-02 1.419529362000000017e+00
8.374717631999999412e+01 7.281745735228650762e-02 1.425155589999999917e+00
8.371766685999999424e+01 6.100548359925381942e-02 1.422001419999999960e+00
8.371581335000000479e+01 6.096680474292847512e-02 1.429155559000000020e+00
8.374475664999999935e+01 7.376807951053716839e-02 1.437035878000000100e+00
8.377348003000000176e+01 8.889807804092136889e-02 1.431131079000000028e+00
8.379941934999999376e+01 1.058972673774095652e-01 1.422183023000000102e+00
8.382178428000000281e+01 1.225152809084185945e-01 1.412717070000000019e+00
8.384001616999999840e+01 1.371025287860813402e-01 1.404039969000000054e+00
8.385359723999999915e+01 1.484164300932997449e-01 1.397002008999999934e+00
8.386205882000000145e+01 1.555509639381947584e-01 1.392147768999999924e+00
8.431825324999999793e+01 6.811693485954392613e-02 1.420467179000000080e+00
8.430725155999999743e+01 7.434217844386151186e-02 1.420164011000000004e+00
8.427470739999999694e+01 8.965786217027024718e-02 1.419581573999999957e+00
8.422212530000000186e+01 1.081186606950954449e-01 1.418619362999999911e+00
8.415178052000000264e+01 1.258753539180258174e-01 1.417145408000000106e+00
8.406648316000000420e+01 1.409440773516014711e-01 1.415025452999999933e+00
8.396949834999999496e+01 1.521450620529483655e-01 1.412124952999999961e+00
8.386526813999999774e+01 1.579287766055151587e-01 1.408187818000000036e+00
8.376746025999999290e+01 1.606150320360089090e-01 1.403548722000000026e+00
8.376518154999999410e+01 1.605993751217680843e-01 1.414272012000000078e+00
8.386403230999999892e+01 1.587396870466777909e-01 1.414472063000000057e+00
8.396876819000000580e+01 1.528750454683983628e-01 1.415918787000000068e+00
8.406599878000000103e+01 1.415736581199883437e-01 1.417574166999999941e+00
8.415144664999999691e+01 1.264268437397940426e-01 1.418920425999999901e+00
8.422189858000000129e+01 1.085959550061357803e-01 1.419835482999999954e+00
8.427456562999999790e+01 9.004067021185890862e-02 1.420347368000000055e+00
8.430718319000000349e+01 7.457311492375320872e-02 1.420535010000000042e+00
8.430723716999999340e+01 7.439469968509464237e-02 1.421174369000000048e+00
8.429643025000000023e+01 7.967202415394564197e-02 1.420849663000000040e+00
8.426447509999999852e+01 9.299737332130622591e-02 1.420207444999999957e+00
8.421284921000000168e+01 1.094936923478064539e-01 1.419150876000000006e+00
8.414378582999999878e+01 1.256430128747765274e-01 1.417554696000000058e+00
8.406004133999999794e+01 1.395066557654438266e-01 1.415295481000000022e+00
8.396481737000000578e+01 1.499233342953626980e-01 1.412256007999999952e+00
8.386247249000000181e+01 1.554508328609733037e-01 1.408214139999999892e+00
8.376639604999999733e+01 1.584727958265643166e-01 1.403620934000000098e+00
8.376425587999999323e+01 1.584531118735429678e-01 1.414239669000000088e+00
8.386136681000000692e+01 1.561819195593013854e-01 1.414492317000000110e+00
8.396419133999999929e+01 1.505867365392834500e-01 1.416062699999999897e+00
8.405963862999999492e+01 1.400792520565276311e-01 1.417859216999999949e+00
8.414351403999999945e+01 1.261425281437344170e-01 1.419343110000000019e+00
8.421266719000000478e+01 1.099213117691804353e-01 1.420377538999999967e+00
8.426436223999999697e+01 9.333315348060639005e-02 1.420980442000000066e+00
8.429637606999999377e+01 7.986841087652410409e-02 1.421224306999999909e+00
8.427468002999999896e+01 8.974355423016761035e-02 1.423262014000000075e+00
8.426446262000000331e+01 9.303772357846580576e-02 1.422870590000000046e+00
8.423426068999999927e+01 1.017824039808271769e-01 1.422046745999999917e+00
8.418547166000000459e+01 1.132359092048456778e-01 1.420705168000000018e+00
8.412020379000000503e+01 1.249478095892018886e-01 1.418741795000000083e+00
8.404105287000000146e+01 1.353499500723955307e-01 1.416067525000000105e+00
8.395102810000000204e+01 1.434737912978016061e-01 1.412620213999999930e+00
8.385422452999999621e+01 1.482435919943224378e-01 1.408285146999999959e+00
8.376312138999999490e+01 1.520821091467672859e-01 1.403844394999999912e+00
8.376112670000000548e+01 1.520406381406279595e-01 1.414218750999999941e+00
8.385323576000000401e+01 1.488339868140520217e-01 1.414583946999999897e+00
8.395049312000000441e+01 1.440461376493203383e-01 1.416496361999999953e+00
8.404072139000000163e+01 1.358562283459299191e-01 1.418700296999999999e+00
8.411998619999999960e+01 1.253895382678955617e-01 1.420588312000000020e+00
8.418532869999999946e+01 1.136056739726253734e-01 1.421976150000000105e+00
8.423417313000000206e+01 1.020597789377044595e-01 1.422849451999999904e+00
8.426442086999999503e+01 9.319070249921156124e-02 1.423260111000000050e+00
8.422208465999999305e+01 1.082232512108604189e-01 1.426618005999999994e+00
8.421282465000000172e+01 1.095602673761765233e-01 1.426112516000000108e+00
8.418546021999999596e+01 1.132664016179214528e-01 1.424982423000000109e+00
8.414125816000000668e+01 1.183435142028403109e-01 1.423163791999999983e+00
8.408212267000000395e+01 1.237826390601234477e-01 1.420591849000000018e+00
8.401038728999999705e+01 1.289209566218367520e-01 1.417240870000000097e+00
8.392874666000000161e+01 1.334069531177048962e-01 1.413149535999999928e+00
8.384086302999999418e+01 1.368788677513097796e-01 1.408393031999999989e+00
8.375774723000000677e+01 1.414912869659240569e-01 1.404247902000000048e+00
8.375590026999999793e+01 1.414116547827249659e-01 1.414249107999999922e+00
8.383997555000000546e+01 1.372625757867652896e-01 1.414744014999999910e+00
8.392828801000000283e+01 1.338550488367110936e-01 1.417162405000000014e+00
8.401011547000000235e+01 1.293470348863337005e-01 1.420008675000000054e+00
8.408195062999999436e+01 1.241614744685369670e-01 1.422552075000000027e+00
8.414114813000000481e+01 1.186553995639820364e-01 1.424521584999999924e+00
8.418539400999999600e+01 1.134912117554194022e-01 1.425843353999999952e+00
8.421279337999999370e+01 1.096789095541353537e-01 1.426531202000000054e+00
8.415172389999999325e+01 1.259918384576441397e-01 1.431055678000000109e+00
8.414374748000000181e+01 1.257261824704998809e-01 1.430384155999999907e+00
8.412018023000000255e+01 1.249988475920990466e-01 1.428817648000000107e+00
8.408211151999999800e+01 1.238049930696629997e-01 1.426327518999999988e+00
8.403116875999999991e+01 1.223371766046072451e-01 1.422913453000000050e+00
8.396933043999999313e+01 1.211003758079771675e-01 1.418652451999999897e+00
8.389886640999999656e+01 1.208336505506120984e-01 1.413742424000000053e+00
8.382285575999999594e+01 1.222818364002550007e-01 1.408538437000000032e+00
8.375039997000000369e+01 1.267968141510290303e-01 1.404871572000000013e+00
8.374869569999999896e+01 1.266647228117942781e-01 1.414379134999999899e+00
8.382204733000000374e+01 1.223832980459465536e-01 1.414982055999999933e+00
8.389846310999999446e+01 1.211077220158970624e-01 1.417981761999999923e+00
8.396910151999999528e+01 1.214237662649561428e-01 1.421647423000000021e+00
8.403102961000000448e+01 1.226474498366135341e-01 1.425067220000000079e+00
8.408202534999999500e+01 1.240645189382031249e-01 1.427834199999999942e+00
8.412012952000000610e+01 1.251838773626282320e-01 1.429778906999999988e+00
8.414372385000000065e+01 1.258222209359925181e-01 1.430853224000000035e+00
8.406640427000000670e+01 1.410670547489056847e-01 1.436285786000000009e+00
8.405998470999999483e+01 1.395981912898688337e-01 1.435387296000000035e+00
8.404101441999999622e+01 1.354110378804391224e-01 1.433245587999999904e+00
8.401036388999999360e+01 1.289546699141666808e-01 1.429889229000000039e+00
8.396931972000000144e+01 1.211126293919760066e-01 1.425420560999999919e+00
8.391942525000000330e+01 1.133137674989363464e-01 1.420075302000000095e+00
8.386243292000000338e+01 1.074917260134435892e-01 1.414283736000000014e+00
8.380071682999999894e+01 1.057157543691340101e-01 1.408761959000000008e+00
8.374117771000000232e+01 1.081838939224812196e-01 1.405775854000000047e+00
8.373960074000000020e+01 1.079849865306166529e-01 1.414654174999999903e+00
8.379995040999999389e+01 1.054493244305100691e-01 1.415352192000000064e+00
8.386204840999999988e+01 1.075168962880763968e-01 1.418883624000000010e+00
8.391920867999999700e+01 1.134982292693833966e-01 1.423444009000000010e+00
8.396918960000000709e+01 1.213460633963013430e-01 1.427899712999999959e+00
8.401028417000000559e+01 1.291697542207951299e-01 1.431649721999999958e+00
8.404096787000000290e+01 1.355702141220744839e-01 1.434379349999999942e+00
8.405996310000000449e+01 1.396819359970756236e-01 1.435943393000000068e+00
8.396938516000000163e+01 1.522614556517658257e-01 1.441739311000000079e+00
8.396473405999999784e+01 1.500077722278608250e-01 1.440537261000000013e+00
8.395096974000000500e+01 1.435276616573089303e-01 1.437680096000000018e+00
8.392870888999999579e+01 1.334349427230038798e-01 1.433292092999999934e+00
8.389884503000000393e+01 1.208436726783458093e-01 1.427640264999999964e+00
8.386242375000000493e+01 1.074934151971561613e-01 1.421197838000000102e+00
8.382061179000000095e+01 9.585132407174130897e-02 1.414703864000000033e+00
8.377499543999999787e+01 8.883425606578361500e-02 1.409253727000000067e+00
8.373015184000000488e+01 8.603114052752827701e-02 1.407124363000000100e+00
8.372867109999999968e+01 8.574306424863120668e-02 1.415142459999999991e+00
8.377420059000000663e+01 8.812622331843444901e-02 1.416058881999999963e+00
8.382017079000000592e+01 9.553247364599945501e-02 1.419890447000000000e+00
8.386215253000000303e+01 1.074855138857890857e-01 1.425210437000000052e+00
8.389866931999999622e+01 1.209855561355864806e-01 1.430700491999999935e+00
8.392859454999999969e+01 1.336133283502395630e-01 1.435516406000000078e+00
8.395090003999999340e+01 1.436756520686053029e-01 1.439133632000000107e+00
8.396470087000000149e+01 1.500895078767722768e-01 1.441255949000000092e+00
8.386510594000000651e+01 1.579717138271659049e-01 1.445287011000000010e+00
8.386235682000000224e+01 1.554643709190193235e-01 1.443708494000000009e+00
8.385414715999999657e+01 1.482364784583297679e-01 1.440145961000000030e+00
8.384081514999999740e+01 1.368639720554946926e-01 1.434886713999999897e+00
8.382282766000000152e+01 1.222720923272589411e-01 1.428447035000000032e+00
8.380069871999999975e+01 1.057180970187680674e-01 1.421598069999999936e+00
8.377498113000000046e+01 8.884433338834532567e-02 1.415356245999999985e+00
8.374645080999999891e+01 7.381607667243446358e-02 1.410946349999999905e+00
8.371743630999999652e+01 6.122240062188584464e-02 1.409645218999999949e+00
8.371598604000000421e+01 6.079603385815582350e-02 1.416148141999999943e+00
8.374546266000000116e+01 7.275992327561184303e-02 1.417998915999999943e+00
8.377429051000000015e+01 8.816969712748355670e-02 1.421557791999999987e+00
8.380018798999999774e+01 1.054705547834866308e-01 1.426848590000000083e+00
8.382244742000000315e+01 1.222922506317551117e-01 1.432697748000000049e+00
8.384054222000000323e+01 1.370017605927099646e-01 1.438101501000000004e+00
8.385396991000000355e+01 1.483836545818396635e-01 1.442300552000000069e+00
8.386226942000000406e+01 1.555537970258629998e-01 1.444788882000000108e+00
8.376755907999999806e+01 1.605402353193231824e-01 1.426270936999999961e+00
8.376657296999999858e+01 1.584125394947485665e-01 1.425291958999999942e+00
8.376332320000000209e+01 1.520445555969425211e-01 1.424337592999999957e+00
8.375792497999999853e+01 1.414837020511558463e-01 1.423454873000000065e+00
8.375051406000000043e+01 1.268252677930711836e-01 1.422703571000000000e+00
8.374120437000000550e+01 1.082524895513261726e-01 1.422154584000000055e+00
8.373009100999999532e+01 8.614202858114096417e-02 1.421859377999999952e+00
8.371732593999999494e+01 6.137231389833934514e-02 1.421686030999999906e+00
8.370348253999999599e+01 3.634317247312519872e-02 1.419509402999999947e+00
8.370177773000000343e+01 3.593768289283785083e-02 1.420617569000000024e+00
8.371549663999999780e+01 6.139370489701285322e-02 1.428594748999999942e+00
8.372838443999999924e+01 8.616338050547953098e-02 1.429911965999999923e+00
8.373969415000000538e+01 1.082692229549378771e-01 1.429975822999999924e+00
8.374925227999999322e+01 1.268369571119359884e-01 1.429580092999999996e+00
8.375694970000000694e+01 1.414905600491864202e-01 1.428938637999999983e+00
8.376266028000000574e+01 1.520476878722191172e-01 1.428138077999999922e+00
8.376623793000000262e+01 1.584135282200886952e-01 1.427233517999999979e+00
