2.468240734999999830e+01 0.000000000000000000e+00 2.286933234999999787e+00
2.475375427999999900e+01 2.148239750978423457e-01 2.288667940999999928e+00
2.497145699000000008e+01 4.350532133880414820e-01 2.273663572999999882e+00
2.533914426999999847e+01 6.607808833629388312e-01 2.248355397000000089e+00
2.585577036000000106e+01 8.728471393744876572e-01 2.213998397000000118e+00
2.649462644000000111e+01 1.010783490601527390e+00 2.177094544000000020e+00
2.717410462000000138e+01 9.776295317293303144e-01 2.150110085000000115e+00
2.775411845000000000e+01 7.123363901668643416e-01 2.141273873999999910e+00
2.808788795999999977e+01 2.599192291607330674e-01 2.143361624999999826e+00
2.475300460000000058e+01 2.146159730001102883e-01 2.148027337999999897e+00
2.479277766999999955e+01 2.340211098467292750e-01 2.218783982000000154e+00
2.499449789999999894e+01 4.317795148139011441e-01 2.259681384999999931e+00
2.535609090999999893e+01 6.552624075727070396e-01 2.243365099000000029e+00
2.586742376999999848e+01 8.659160073214793307e-01 2.211653881000000155e+00
2.650132354000000134e+01 1.004408869337989119e+00 2.175915194999999969e+00
2.717737217999999899e+01 9.744674554616821194e-01 2.149527967000000039e+00
2.775656791999999840e+01 7.129161944551003494e-01 2.140931394999999959e+00
2.809107118000000014e+01 2.611560079075118113e-01 2.143095897999999888e+00
2.497046509999999842e+01 4.346079529002233599e-01 2.078850073999999992e+00
2.499371395000000007e+01 4.312193107264397640e-01 2.101332238999999991e+00
2.512140301000000164e+01 4.557381451184522869e-01 2.174887666000000053e+00
2.543453060999999948e+01 6.340855197666601661e-01 2.210039651000000216e+00
2.591883770000000098e+01 8.415234546212371214e-01 2.196655865999999957e+00
2.653342221000000123e+01 9.832363095617366877e-01 2.168317710000000176e+00
2.719689942000000116e+01 9.634530701898472715e-01 2.145478095000000085e+00
2.777215125000000029e+01 7.139928191420136239e-01 2.138438097999999954e+00
2.810807389000000001e+01 2.670875325464905914e-01 2.141165491999999837e+00
2.533774408000000022e+01 6.601210478379192503e-01 1.954247867000000083e+00
2.535480706999999967e+01 6.545682790033193754e-01 1.967841589999999918e+00
2.543368067999999838e+01 6.333726207016520116e-01 2.018733083999999955e+00
2.565226453000000006e+01 6.594430614480660813e-01 2.096425040999999823e+00
2.606164305000000070e+01 8.078092058418556709e-01 2.137008714999999892e+00
2.662788550999999870e+01 9.472889022700843320e-01 2.137280587999999870e+00
2.726200013000000055e+01 9.442153923920810765e-01 2.128268268999999879e+00
2.782566883999999874e+01 7.180770271280253469e-01 2.127569568000000189e+00
2.816154258999999982e+01 2.929351281077960389e-01 2.132733234999999894e+00
2.585381342000000160e+01 8.720090444402043284e-01 1.766578014000000030e+00
2.586555375000000012e+01 8.650600750107506620e-01 1.777744626999999911e+00
2.591725501000000165e+01 8.406166801508266895e-01 1.817532538999999892e+00
2.606067317999999844e+01 8.070449906292282982e-01 1.895641984000000058e+00
2.636406290000000041e+01 8.331916785978937812e-01 1.987593460000000034e+00
2.684165593000000172e+01 9.223421914231878516e-01 2.046897288999999898e+00
2.741899193000000068e+01 9.306904162535147851e-01 2.074848295999999870e+00
2.795701903000000144e+01 7.421246187971757280e-01 2.092801413000000110e+00
2.828859866000000167e+01 3.761262619525682083e-01 2.105542578000000109e+00
2.649200842999999850e+01 1.009858303338188712e+00 1.523101067999999891e+00
2.649877659999999935e+01 1.003466701080711232e+00 1.534036546999999917e+00
2.653109025999999915e+01 9.822409723444343044e-01 1.571156060000000076e+00
2.662599793000000048e+01 9.462779875837195043e-01 1.645020584999999924e+00
2.684055678000000000e+01 9.216442327207805540e-01 1.756029851000000086e+00
2.721414489000000003e+01 9.450538760581214115e-01 1.871189202999999912e+00
2.771104957000000013e+01 9.506076237155620667e-01 1.956168439999999897e+00
2.820887297000000160e+01 8.133496690522051820e-01 2.010399613999999779e+00
2.853222612000000069e+01 5.365810569283471221e-01 2.039628196999999865e+00
2.717081299000000172e+01 9.767728574522593910e-01 1.261903388999999986e+00
2.717413695000000118e+01 9.735882888515426936e-01 1.273207269000000030e+00
2.719382501000000119e+01 9.625120205702385467e-01 1.310452473000000007e+00
2.725925511000000157e+01 9.432194352680907112e-01 1.382780864000000109e+00
2.741685587999999996e+01 9.298141670231091505e-01 1.497540496999999915e+00
2.770986961999999920e+01 9.501899445457328008e-01 1.640410581999999895e+00
2.813277036999999936e+01 9.785229797123728979e-01 1.773537169999999996e+00
2.859359521000000015e+01 9.115130016941040969e-01 1.870661686000000046e+00
2.891570897000000073e+01 7.216469821257782691e-01 1.923593894999999998e+00
2.775026985999999951e+01 7.117279235737389298e-01 1.044764518999999892e+00
2.775275780999999853e+01 7.122803434781945775e-01 1.055684218999999979e+00
2.776844997999999975e+01 7.132965051661579459e-01 1.091438235999999895e+00
2.782220331999999985e+01 7.173369705852400413e-01 1.160443501000000044e+00
2.795401860000000127e+01 7.415085381162156430e-01 1.271776930999999999e+00
2.820666513000000108e+01 8.131574581808312940e-01 1.420572166999999997e+00
2.859246810000000139e+01 9.117183182333872260e-01 1.576929159999999941e+00
2.904923403000000093e+01 9.364876676030671199e-01 1.705389422000000099e+00
2.940195543000000100e+01 8.084117689138838880e-01 1.782075483999999932e+00
2.808372367000000125e+01 2.596991384724996466e-01 9.243088339999999681e-01
2.808692724000000140e+01 2.609158633276527084e-01 9.343074700000000288e-01
2.810399779999999836e+01 2.668331058630936670e-01 9.672389859000000145e-01
2.815763649999999885e+01 2.927755896065510899e-01 1.031396964000000027e+00
2.828506405999999984e+01 3.763484196648586577e-01 1.136492236000000045e+00
2.852937148999999906e+01 5.373886111766434936e-01 1.281458363999999905e+00
2.891384017000000028e+01 7.228628341015171932e-01 1.442201013000000032e+00
2.940117203999999873e+01 8.094959050615032625e-01 1.584439965000000061e+00
2.982658247000000173e+01 5.885935985115525737e-01 1.681629403000000078e+00
2.475312046999999893e+01 2.146553322896508631e-01 2.272794619999999988e+00
2.479391173000000137e+01 2.340098625054278236e-01 2.286265408000000221e+00
2.499517561000000043e+01 4.314548642876764317e-01 2.276200928999999817e+00
2.535653123999999892e+01 6.550956515084818133e-01 2.249703690000000034e+00
2.586775532000000055e+01 8.658225793809081194e-01 2.213822282000000197e+00
2.650159135000000177e+01 1.004334160821736655e+00 2.175671889999999831e+00
2.717758119000000150e+01 9.743748662333716615e-01 2.148210683999999926e+00
2.775670318999999964e+01 7.127957941696128064e-01 2.140019607000000157e+00
2.809111745999999954e+01 2.610191929143094169e-01 2.143348247000000040e+00
2.809104676000000111e+01 2.612213664031250993e-01 2.143843476999999886e+00
2.775649874999999867e+01 7.129741562733284965e-01 2.141284682000000217e+00
2.717726907999999852e+01 9.745009721591932905e-01 2.149657225999999977e+00
2.650120343000000034e+01 1.004419001355960628e+00 2.176538772999999871e+00
2.586729263000000145e+01 8.659285835733917525e-01 2.213373129999999911e+00
2.535593220999999886e+01 6.553081459587679625e-01 2.247199741000000195e+00
2.499426403000000008e+01 4.318874902713411013e-01 2.270352028000000022e+00
2.479242564000000115e+01 2.340651569490828365e-01 2.275198297999999841e+00
2.479270032000000157e+01 2.338484171572516035e-01 2.210734400999999849e+00
2.483401741999999857e+01 2.617014280427564232e-01 2.240492257000000098e+00
2.502324312000000006e+01 4.316385083021570535e-01 2.261866845000000126e+00
2.537716192999999976e+01 6.503435713589721390e-01 2.244315481000000112e+00
2.588238867999999826e+01 8.589517477878796381e-01 2.211283482999999883e+00
2.651073342999999838e+01 9.975648377978383330e-01 2.174439607000000052e+00
2.718276304999999837e+01 9.706194329546263821e-01 2.147662974999999808e+00
2.776061533000000026e+01 7.129864143963188239e-01 2.139739701999999966e+00
2.809553084999999939e+01 2.624593513375977349e-01 2.143148121999999933e+00
2.809548502999999897e+01 2.625867426696554263e-01 2.143642478999999934e+00
2.776048218000000034e+01 7.130984580386471317e-01 2.140998049999999875e+00
2.718256269999999830e+01 9.706865811659624033e-01 2.149094901999999863e+00
2.651049628000000169e+01 9.975892555743719470e-01 2.175289774999999981e+00
2.588212449999999976e+01 8.589808902116464751e-01 2.210821881999999849e+00
2.537683827000000036e+01 6.504292893911484130e-01 2.241829491999999924e+00
2.502278188000000014e+01 4.317851949380418497e-01 2.256343991000000049e+00
2.483347291999999840e+01 2.617301903891846582e-01 2.232592030000000172e+00
2.499374193999999960e+01 4.311369876249160904e-01 2.099944645999999970e+00
2.502222525999999903e+01 4.310537894728055375e-01 2.122667546000000183e+00
2.515623838000000134e+01 4.692139286054914371e-01 2.183156396000000221e+00
2.546498035000000115e+01 6.365978263061659037e-01 2.210407265000000177e+00
2.594222998000000047e+01 8.367060192287192333e-01 2.195499336000000135e+00
2.654991027999999886e+01 9.762185816751641765e-01 2.166475772000000077e+00
2.720790270999999905e+01 9.584905381824430082e-01 2.143559509999999779e+00
2.778052861000000107e+01 7.133913267480632703e-01 2.137318346999999896e+00
2.811618388000000124e+01 2.698273554129989038e-01 2.141320998999999947e+00
2.811616331000000102e+01 2.698791333581907481e-01 2.141816722999999811e+00
2.778046725000000094e+01 7.134379228973584119e-01 2.138572587000000080e+00
2.720781406000000047e+01 9.584995680793918504e-01 2.144985085000000069e+00
2.654982432999999986e+01 9.761804781431896449e-01 2.167348161000000051e+00
2.594217057999999909e+01 8.366495250259885497e-01 2.195146768999999942e+00
2.546495987000000127e+01 6.365570226730599135e-01 2.208364770000000199e+00
2.515628218999999888e+01 4.692954405742183477e-01 2.179838045999999974e+00
2.502229862000000082e+01 4.311926156989489001e-01 2.120567063000000196e+00
2.535480079999999958e+01 6.545047309570402039e-01 1.967478014000000108e+00
2.537562910000000116e+01 6.496616488863252714e-01 1.981893821000000111e+00
2.546400557000000120e+01 6.358741270419306924e-01 2.031345733999999847e+00
2.568902921000000106e+01 6.717801923332735736e-01 2.100447341999999828e+00
2.609553298999999882e+01 8.115520034197528654e-01 2.135470801999999946e+00
2.665454799000000108e+01 9.432596520828228082e-01 2.134613063000000199e+00
2.728151035000000135e+01 9.395399325581893502e-01 2.125885111000000105e+00
2.784080086000000165e+01 7.178715524705262530e-01 2.126227436999999831e+00
2.817540367000000145e+01 2.997761975397701950e-01 2.132761393000000005e+00
2.817540883999999934e+01 2.997607215642226208e-01 2.133262729000000135e+00
2.784081100999999947e+01 7.178614835234238267e-01 2.127490297000000030e+00
2.728153010999999850e+01 9.395025284631716156e-01 2.127342334000000168e+00
2.665460595000000055e+01 9.431761442720097977e-01 2.135619716999999973e+00
2.609566146999999958e+01 8.114555081748877630e-01 2.135534911000000147e+00
2.568923703999999830e+01 6.717441744028419537e-01 2.099618122999999947e+00
2.546422782000000140e+01 6.358746160229749034e-01 2.030466499000000091e+00
2.537576136999999932e+01 6.496498963140918681e-01 1.981491641000000081e+00
2.586552101999999920e+01 8.650206132791884439e-01 1.777653804999999920e+00
2.588028797999999853e+01 8.581140496383609095e-01 1.789270573999999892e+00
2.594048268999999962e+01 8.357975967412450968e-01 1.829649459000000089e+00
2.609448743000000093e+01 8.108015951577243197e-01 1.904783166999999944e+00
2.640296237000000090e+01 8.421993156698180938e-01 1.989633398000000053e+00
2.687718083000000036e+01 9.246751173185592254e-01 2.044637868000000136e+00
2.744744084999999956e+01 9.290563606661319529e-01 2.071944548999999913e+00
2.797982879999999994e+01 7.440502744965331594e-01 2.090848665000000217e+00
2.830917784000000026e+01 3.872309175319197938e-01 2.105008326000000096e+00
2.830920859000000078e+01 3.871777843545934905e-01 2.105522692000000085e+00
2.797990584000000069e+01 7.440053364513204981e-01 2.092144181000000103e+00
2.744755255000000105e+01 9.290009287550069494e-01 2.073497925999999936e+00
2.687734251999999913e+01 9.245863170162341715e-01 2.045942858000000086e+00
2.640318454999999886e+01 8.421021627431114487e-01 1.990433375000000060e+00
2.609473373000000151e+01 8.107078812570014392e-01 1.905236643999999924e+00
2.594068293000000125e+01 8.357107276341882995e-01 1.829987446000000073e+00
2.588039600000000107e+01 8.580641901312865416e-01 1.789478872999999970e+00
2.649873024000000044e+01 1.003451764375052235e+00 1.534010875999999968e+00
2.650798010999999832e+01 9.966613805998731923e-01 1.545172168999999984e+00
2.654741642000000112e+01 9.752537862101176014e-01 1.583131708000000026e+00
2.665255885999999919e+01 9.422822382707967126e-01 1.656778851000000108e+00
2.687604384000000124e+01 9.240203272305521631e-01 1.763786880999999918e+00
2.725191141000000172e+01 9.484502280953649445e-01 1.872940054999999937e+00
2.774476054999999874e+01 9.511215965702026764e-01 1.954549856999999946e+00
2.823736578999999836e+01 8.160127807106434261e-01 2.008372961000000068e+00
2.855812651000000102e+01 5.461022726765240032e-01 2.038605254000000144e+00
2.855818046999999993e+01 5.460419514938921193e-01 2.039146684999999959e+00
2.823749487999999985e+01 8.159602810796192651e-01 2.009735865000000121e+00
2.774492413999999840e+01 9.510717840083159347e-01 1.956259026999999984e+00
2.725209806000000157e+01 9.483618777932480981e-01 1.874622031999999994e+00
2.687624072999999925e+01 9.238882545452640205e-01 1.765262268999999939e+00
2.665273657999999912e+01 9.421354454830243030e-01 1.658004582000000005e+00
2.654754747000000137e+01 9.751363193225447423e-01 1.584041000000000032e+00
2.650804901000000058e+01 9.965985753179610329e-01 1.545661906000000085e+00
2.717409048000000027e+01 9.735942690422491053e-01 1.273158336999999918e+00
2.717936312000000143e+01 9.698160936807475041e-01 1.284611940000000008e+00
2.720470029000000167e+01 9.576235407953831436e-01 1.322769885999999895e+00
2.727868202000000153e+01 9.386202321280781025e-01 1.395923857000000101e+00
2.744527074999999883e+01 9.282642769666626936e-01 1.509324627999999890e+00
2.774358020000000025e+01 9.507641430977907815e-01 1.647557751999999986e+00
2.816595902999999979e+01 9.776106151623054075e-01 1.775680895000000037e+00
2.862322945000000018e+01 9.109228157996045461e-01 1.870323109000000095e+00
2.894297252000000142e+01 7.242312851518293293e-01 1.923246951000000093e+00
2.894304478999999830e+01 7.241695086368999945e-01 1.923850924999999989e+00
2.862338474999999960e+01 9.108743700506041208e-01 1.871817853000000031e+00
2.816612106999999909e+01 9.775640635981656112e-01 1.777590248999999956e+00
2.774372014000000064e+01 9.506630580549224607e-01 1.649563349999999984e+00
2.744538099000000031e+01 9.281091829325408549e-01 1.511213920000000099e+00
2.727876249999999914e+01 9.384600306992721963e-01 1.397526795999999960e+00
2.720475350999999975e+01 9.575012509962538276e-01 1.323935591999999994e+00
2.717938996999999901e+01 9.697514502812989434e-01 1.285225209999999896e+00
2.775272091000000074e+01 7.122958344305986289e-01 1.055576317000000097e+00
2.775670526000000038e+01 7.124597623986402839e-01 1.066656671000000056e+00
2.777676148999999839e+01 7.128075123266286450e-01 1.103457131999999952e+00
2.783730676000000059e+01 7.172529326598788835e-01 1.173828155999999900e+00
2.797683834000000047e+01 7.435648272078516641e-01 1.285296173000000097e+00
2.823519458000000171e+01 8.159268368101872948e-01 1.431321478999999952e+00
2.862213746000000114e+01 9.111742954308871267e-01 1.582975573999999996e+00
2.907624803999999941e+01 9.328773464678317140e-01 1.707792052999999921e+00
2.942618350000000049e+01 8.043668141821823658e-01 1.783503520000000009e+00
2.942626552000000117e+01 8.042812377305831317e-01 1.784263530000000042e+00
2.907639159000000006e+01 9.328230075217124329e-01 1.709555278000000067e+00
2.862224495999999974e+01 9.111212015707877976e-01 1.585160552000000056e+00
2.823524511000000103e+01 8.158152261492231938e-01 1.433612005000000078e+00
2.797684356999999977e+01 7.434032702470784182e-01 1.287448603000000080e+00
2.783728929000000107e+01 7.170953545834601872e-01 1.175629585999999893e+00
2.777674090000000007e+01 7.126925361439093720e-01 1.104743038999999927e+00
2.775669274999999914e+01 7.124006874342722062e-01 1.067323290000000036e+00
2.808690161000000174e+01 2.609251253971472950e-01 9.341464277000000038e-01
2.809136854000000127e+01 2.623498338078932846e-01 9.443136954999999944e-01
2.811212339000000071e+01 2.697181213886075679e-01 9.783684781999999469e-01
2.817154837000000001e+01 2.997829358746751383e-01 1.044154835999999920e+00
2.830572743999999830e+01 3.876082684455259275e-01 1.150098496000000026e+00
2.855537671000000088e+01 5.470065015067973047e-01 1.293454268999999934e+00
2.894120308000000108e+01 7.254753391522592576e-01 1.450298139999999902e+00
2.942546370999999894e+01 8.054292581617356062e-01 1.588805393999999982e+00
2.984587837999999849e+01 5.830801565655752139e-01 1.684503545000000102e+00
2.984593123999999875e+01 5.829209356383288076e-01 1.685564768000000102e+00
2.942551495000000017e+01 8.053991301812225556e-01 1.590950552000000018e+00
2.894119089000000145e+01 7.254597525284124382e-01 1.452781673999999912e+00
2.855530437000000177e+01 5.469353802994956215e-01 1.295979356999999998e+00
2.830562086999999849e+01 3.874655239974271748e-01 1.152423733000000006e+00
2.817143978000000004e+01 2.996209313481998926e-01 1.046067392000000096e+00
2.811203856999999928e+01 2.696015777978738592e-01 9.797141069999999452e-01
2.809132281000000120e+01 2.622941560480175904e-01 9.450045191999999483e-01
2.497063331000000019e+01 4.347209677046274257e-01 2.259277678000000122e+00
2.499452797000000004e+01 4.310176442069953984e-01 2.265102830000000012e+00
2.512251842999999951e+01 4.557067667959269208e-01 2.269193789000000017e+00
2.543539000999999899e+01 6.338590595177314713e-01 2.249339031999999960e+00
2.591947637999999898e+01 8.413400917567740445e-01 2.212941688999999990e+00
2.653392325000000085e+01 9.830874747512440281e-01 2.173146759999999844e+00
2.719728304999999935e+01 9.632824421266487080e-01 2.144974207000000188e+00
2.777239812999999913e+01 7.137775568820096117e-01 2.138143898000000043e+00
2.810815812999999963e+01 2.668432105123552112e-01 2.143960083000000072e+00
2.810803075999999834e+01 2.671975524223235143e-01 2.144817676999999811e+00
2.777203051000000045e+01 7.140907877643675183e-01 2.140273055000000202e+00
2.719672122000000059e+01 9.635056125105525560e-01 2.147255099000000111e+00
2.653321732999999938e+01 9.832482978120220540e-01 2.174202434000000128e+00
2.591861670999999845e+01 8.415406837239616245e-01 2.211454917999999825e+00
2.543427176999999872e+01 6.341394407778778719e-01 2.244135584999999988e+00
2.512111467000000076e+01 4.558161456350898200e-01 2.260436550000000100e+00
2.499361314000000078e+01 4.314514225289514671e-01 2.259238514000000198e+00
2.499388168000000121e+01 4.312707001216409264e-01 2.247323918999999837e+00
2.502274543000000051e+01 4.311819979118629020e-01 2.252616463999999930e+00
2.515685569000000044e+01 4.692901602754825929e-01 2.257927785000000132e+00
2.546542690000000064e+01 6.364769560437844031e-01 2.242984048999999924e+00
2.594254614000000103e+01 8.366000618524903620e-01 2.209718856999999925e+00
2.655014969999999863e+01 9.761378401484385181e-01 2.171651456000000202e+00
2.720808274999999909e+01 9.584079538555694278e-01 2.144449407000000196e+00
2.778064472999999879e+01 7.132928931226985014e-01 2.137997965999999916e+00
2.811622545000000173e+01 2.697176422346034275e-01 2.143910249999999795e+00
2.811612342999999825e+01 2.699961634489328466e-01 2.144765059000000029e+00
2.778034983999999952e+01 7.135403473053668622e-01 2.140114848000000070e+00
2.720763450000000105e+01 9.585752429601346325e-01 2.146715304000000213e+00
2.654959545000000176e+01 9.762449643763378981e-01 2.172717427999999895e+00
2.594188391000000138e+01 8.367344357989171533e-01 2.208322062000000141e+00
2.546457841000000144e+01 6.366633244463636432e-01 2.238128908000000195e+00
2.515580777999999995e+01 4.693088671548122370e-01 2.250129267000000155e+00
2.502202319999999958e+01 4.313160379529348831e-01 2.247256399999999932e+00
2.512104847999999890e+01 4.553438230517822816e-01 2.168874117000000101e+00
2.515591818000000046e+01 4.689208839603120071e-01 2.178690330999999869e+00
2.528915908000000101e+01 5.210326459343042060e-01 2.200489069000000075e+00
2.557461377999999996e+01 6.506053456910004806e-01 2.209163230000000144e+00
2.602519241999999977e+01 8.254761508836981898e-01 2.191773465999999893e+00
2.660933561999999952e+01 9.570630870051138883e-01 2.162440394999999960e+00
2.724940352000000132e+01 9.448429982957440298e-01 2.139995968000000026e+00
2.781320426999999995e+01 7.130851218670769542e-01 2.135639831000000211e+00
2.814758710999999991e+01 2.832760840498236288e-01 2.142250588000000011e+00
2.814751194999999839e+01 2.834696998052042560e-01 2.143102357000000069e+00
2.781298586000000128e+01 7.132644262971710170e-01 2.137741935999999843e+00
2.724907330999999999e+01 9.449541447586815579e-01 2.142268681000000008e+00
2.660893821999999886e+01 9.571127098859845139e-01 2.163637008999999889e+00
2.602474246999999963e+01 8.255213994373334918e-01 2.190833352999999928e+00
2.557409450000000106e+01 6.506543692229259657e-01 2.205646519000000083e+00
2.528862953000000147e+01 5.210477172901639697e-01 2.195640855999999808e+00
2.515558855000000094e+01 4.689434473701991624e-01 2.175530991000000025e+00
2.543340291999999891e+01 6.331821988679220414e-01 2.016939750999999781e+00
2.546375502000000068e+01 6.357434149830495373e-01 2.029954495000000136e+00
2.557361553000000143e+01 6.499943295013177469e-01 2.067039078000000085e+00
2.580956783999999971e+01 7.073043810638464102e-01 2.110885559999999828e+00
2.620461359000000101e+01 8.251027847768832579e-01 2.131808203999999929e+00
2.674137135999999870e+01 9.351527803179621179e-01 2.128500192999999818e+00
2.734672172000000145e+01 9.289017907593827283e-01 2.120902678999999846e+00
2.789267300999999932e+01 7.202956906063241460e-01 2.123745680999999941e+00
2.822327724000000160e+01 3.257191506279600857e-01 2.133132568000000173e+00
2.822323104999999899e+01 3.258262877261880464e-01 2.133987663000000090e+00
2.789253520999999836e+01 7.204127241079005817e-01 2.125857047999999860e+00
2.734651211999999987e+01 9.289685531238106586e-01 2.123265565000000077e+00
2.674112998000000019e+01 9.351596649556194185e-01 2.130065821000000081e+00
2.620437199999999933e+01 8.250830032630606103e-01 2.131872501999999781e+00
2.580935184999999876e+01 7.072983969134449822e-01 2.109589204999999801e+00
2.557346495999999902e+01 6.500460859171454109e-01 2.065494784000000195e+00
2.546368627000000018e+01 6.358049069775785211e-01 2.029099274000000008e+00
2.591697139000000050e+01 8.405246912168334861e-01 1.817039368000000099e+00
2.594024725999999959e+01 8.357464196554901248e-01 1.829251463999999938e+00
2.602334602999999902e+01 8.246011936550196042e-01 1.868219502000000087e+00
2.620355015999999893e+01 8.244712612011065866e-01 1.931385933999999915e+00
2.652269692000000134e+01 8.666022903781206432e-01 1.996709947000000041e+00
2.698624059000000130e+01 9.325581928706131452e-01 2.040542975000000148e+00
2.753633797999999899e+01 9.272028349276802972e-01 2.065877699000000067e+00
2.805264498000000017e+01 7.526198069782094047e-01 2.086706088000000126e+00
2.837559700999999990e+01 4.224512671486674309e-01 2.103710406999999893e+00
2.837558173000000039e+01 4.224919419566587897e-01 2.104584169999999865e+00
2.805258892000000159e+01 7.526916230172292499e-01 2.088877370000000067e+00
2.753624094999999983e+01 9.272498660206867083e-01 2.068454313000000155e+00
2.698612844000000166e+01 9.325519586873277644e-01 2.042736896000000080e+00
2.652259880000000081e+01 8.665536745381363648e-01 1.998135379999999905e+00
2.620348613000000171e+01 8.244167940240585413e-01 1.932207382000000084e+00
2.602331917000000061e+01 8.245699586502358569e-01 1.868765924999999939e+00
2.594024174999999843e+01 8.357347843379751007e-01 1.829571661999999987e+00
2.653081673000000151e+01 9.822407197575642179e-01 1.570966622000000035e+00
2.654720367999999908e+01 9.752685789978323694e-01 1.582968726999999909e+00
2.660672004999999984e+01 9.561458114003169584e-01 1.622495078000000035e+00
2.673934072999999856e+01 9.342803591777841810e-01 1.693283195000000019e+00
2.698511082999999999e+01 9.320274396171853715e-01 1.787516858000000042e+00
2.736540053999999955e+01 9.575707913768123358e-01 1.880330829000000037e+00
2.784660076000000117e+01 9.535363847604385601e-01 1.952597506000000038e+00
2.832483699999999871e+01 8.251064006850740151e-01 2.004420275000000196e+00
2.863849512000000175e+01 5.741476372484420887e-01 2.036161122999999851e+00
2.863851073000000014e+01 5.741522086998139818e-01 2.037082504999999877e+00
2.832485415000000017e+01 8.251539684895385918e-01 2.006721327000000166e+00
2.784658668999999875e+01 9.535805338035571177e-01 1.955485093000000063e+00
2.736535622999999973e+01 9.575565765003420937e-01 1.883224095000000098e+00
2.698505336999999926e+01 9.319431471244515874e-01 1.790115673999999935e+00
2.673928989999999928e+01 9.341671350254553419e-01 1.695467837000000033e+00
2.660668766999999946e+01 9.560528688276864751e-01 1.624126012000000063e+00
2.654718955999999963e+01 9.752186597823365721e-01 1.583852336000000083e+00
2.719359648000000007e+01 9.625779576223848499e-01 1.310188257000000078e+00
2.720453077999999891e+01 9.576803706283281148e-01 1.322555039999999904e+00
2.724610367000000011e+01 9.440591162959720561e-01 1.363310948999999939e+00
2.734386175999999935e+01 9.280989230066800655e-01 1.437747491999999960e+00
2.753419368999999861e+01 9.265685561950007809e-01 1.545611419999999958e+00
2.784545928000000004e+01 9.532873916640365319e-01 1.670141383000000035e+00
2.826554611999999977e+01 9.759015012022989044e-01 1.784296823000000032e+00
2.871297196000000085e+01 9.105638407143951119e-01 1.871409246000000026e+00
2.902628095000000030e+01 7.327084744187162269e-01 1.923011274000000048e+00
2.902632447999999954e+01 7.326924524516651438e-01 1.924047151999999983e+00
2.871304105000000106e+01 9.105981255998513157e-01 1.873961898999999987e+00
2.826556755000000010e+01 9.759380740815909450e-01 1.787573040999999918e+00
2.784541476000000060e+01 9.532525803639140261e-01 1.673640102000000018e+00
2.753410144000000059e+01 9.264521396916388651e-01 1.548978626000000025e+00
2.734375782000000044e+01 9.279557851223081411e-01 1.440661066000000101e+00
2.724602053999999995e+01 9.439442600193626021e-01 1.365462233999999997e+00
2.720448616999999913e+01 9.576189764017921657e-01 1.323697614000000078e+00
2.776828569999999985e+01 7.133730703110329197e-01 1.090958864999999944e+00
2.777664289999999880e+01 7.128624264344498584e-01 1.103086623999999905e+00
2.780939167000000012e+01 7.126088815137155974e-01 1.143176696000000048e+00
2.788918960000000169e+01 7.198194988973126707e-01 1.216983472999999982e+00
2.804972168000000110e+01 7.523174047361413930e-01 1.327527437999999949e+00
2.832276085000000165e+01 8.251709686449597569e-01 1.464579124999999982e+00
2.871195110000000028e+01 9.108711836179607113e-01 1.602644256999999905e+00
2.915853321999999892e+01 9.246834819799297778e-01 1.716793744000000066e+00
2.950087033000000147e+01 7.955291894104261630e-01 1.788502062000000059e+00
2.950093429000000000e+01 7.954805570571178430e-01 1.789818962000000013e+00
2.915861662000000010e+01 9.247009536135682994e-01 1.719849253000000022e+00
2.871195108999999945e+01 9.108917667308713551e-01 1.606461386999999963e+00
2.832266216000000014e+01 8.251147280034024645e-01 1.468652405000000050e+00
2.804955683000000022e+01 7.521809624160270547e-01 1.331442103000000099e+00
2.788901196999999854e+01 7.196660079695781365e-01 1.220328992000000001e+00
2.780924917999999835e+01 7.124932161985196855e-01 1.145602875000000020e+00
2.777656524000000005e+01 7.128033951052739070e-01 1.104356501000000046e+00
2.810388529000000091e+01 2.668520039515355213e-01 9.665707100000000551e-01
2.811203992000000085e+01 2.697198143804538373e-01 9.778627789999999598e-01
2.814354529999999954e+01 2.833063763697672433e-01 1.015577705999999969e+00
2.821949263999999857e+01 3.259092413333417593e-01 1.085855779999999937e+00
2.837227293999999844e+01 4.230092178376145817e-01 1.193230067000000005e+00
2.863590728000000141e+01 5.751560861813427294e-01 1.330867274999999905e+00
2.902466378000000091e+01 7.339613350760142430e-01 1.476159315999999944e+00
2.950024395000000155e+01 7.965346249422909919e-01 1.603776067000000083e+00
2.990729668000000174e+01 5.721740617756163605e-01 1.694042843999999937e+00
2.990734442000000115e+01 5.720492457278152365e-01 1.695884401000000041e+00
2.950025892000000027e+01 7.965723293143104344e-01 1.607534752000000067e+00
2.902456819000000010e+01 7.340144148992788775e-01 1.480562812999999922e+00
2.863570889000000008e+01 5.751328274353251224e-01 1.335434001000000093e+00
2.837201781999999994e+01 4.228815702730630011e-01 1.197535564999999913e+00
2.821924199000000044e+01 3.257346934503742575e-01 1.089472825999999950e+00
2.814335147999999975e+01 2.831717534899363398e-01 1.018162535999999951e+00
2.811193568999999925e+01 2.696553404232160944e-01 9.792021824000000096e-01
2.533801671000000155e+01 6.603148738123413297e-01 2.236472845999999848e+00
2.535549853999999925e+01 6.545946936608129096e-01 2.238951960000000074e+00
2.543471191000000076e+01 6.333260325609114672e-01 2.242859849999999877e+00
2.565333535999999981e+01 6.593755463124099103e-01 2.236540396000000097e+00
2.606251203000000061e+01 8.076102122133856920e-01 2.208166363000000132e+00
2.662855728999999982e+01 9.470797611411729822e-01 2.169940347999999908e+00
2.726250303999999858e+01 9.439894870431155827e-01 2.141904275999999996e+00
2.782599124000000046e+01 7.178077894219858646e-01 2.136611260000000012e+00
2.816165584000000166e+01 2.926524046379356259e-01 2.145273564000000022e+00
2.816149898999999834e+01 2.930556300529295610e-01 2.146237043000000178e+00
2.782553971000000104e+01 7.181881942293069088e-01 2.138854065999999943e+00
2.726181151999999841e+01 9.442721683239287955e-01 2.143937074000000109e+00
2.662767698000000038e+01 9.473050237925655370e-01 2.170141033000000164e+00
2.606143484000000043e+01 8.078437408590423141e-01 2.205317667000000093e+00
2.565207300999999873e+01 6.595513616724313355e-01 2.230901337999999789e+00
2.543358963000000017e+01 6.336017290377635724e-01 2.237615572999999802e+00
2.535489654999999942e+01 6.548050685051947095e-01 2.236446153999999797e+00
2.535506299000000041e+01 6.547097565889367088e-01 2.232507544999999816e+00
2.537622441999999978e+01 6.497975990676437830e-01 2.234591627999999996e+00
2.546481963000000093e+01 6.359829576554822950e-01 2.237289672000000174e+00
2.568980424000000085e+01 6.717675026680768324e-01 2.230478370999999793e+00
2.609612358000000043e+01 8.113990474278044429e-01 2.203895919999999897e+00
2.665498382000000177e+01 9.431054019524504062e-01 2.167774395999999992e+00
2.728182882000000120e+01 9.393932775958819814e-01 2.141179764999999957e+00
2.784100718999999913e+01 7.177126122335718561e-01 2.136501140000000021e+00
2.817548533000000077e+01 2.996230291095021703e-01 2.145309698999999792e+00
2.817535422999999994e+01 2.999542561083080039e-01 2.146265784000000121e+00
2.784062923000000112e+01 7.180330318573788784e-01 2.138724524000000127e+00
2.728125049000000146e+01 9.396317904720602465e-01 2.143211659999999963e+00
2.665424962000000164e+01 9.432980001615316468e-01 2.168062732000000103e+00
2.609522345999999970e+01 8.116036296106455827e-01 2.201336802999999787e+00
2.568873424999999955e+01 6.719023387016836990e-01 2.225393065000000004e+00
2.546382771000000034e+01 6.361192632057414142e-01 2.232466760999999966e+00
2.537566645000000065e+01 6.499196070448346463e-01 2.232201262999999880e+00
2.543358934999999832e+01 6.333830322349932596e-01 2.202372827000000033e+00
2.546412593000000157e+01 6.359776753093075996e-01 2.203705672999999976e+00
2.557407012999999907e+01 6.501748853055864252e-01 2.205458388999999908e+00
2.580997102999999981e+01 7.073346195986396356e-01 2.201766820000000013e+00
2.620491034999999869e+01 8.250346480139816308e-01 2.183821510000000021e+00
2.674158196999999859e+01 9.350759536083200762e-01 2.156362768999999791e+00
2.734687175999999909e+01 9.288352318764705462e-01 2.135660972999999796e+00
2.789277252000000118e+01 7.202331435426003736e-01 2.133774879000000180e+00
2.822332454000000013e+01 3.256738997492746313e-01 2.143479509000000061e+00
2.822322189000000137e+01 3.259176622566875015e-01 2.144421533000000046e+00
2.789247517000000087e+01 7.204904447841116166e-01 2.135970809999999886e+00
2.734641564000000002e+01 9.290312118346835124e-01 2.137752954000000205e+00
2.674100484999999949e+01 9.352318403714349193e-01 2.157008690000000062e+00
2.620421244999999999e+01 8.251825822910004993e-01 2.182215692999999845e+00
2.580916043999999943e+01 7.074042390936620128e-01 2.198329046000000009e+00
2.557330557999999954e+01 6.501478864606436980e-01 2.202051002000000146e+00
2.546366899999999944e+01 6.359452518417751943e-01 2.201867978000000114e+00
2.565140621999999837e+01 6.588322342950538868e-01 2.092858536000000047e+00
2.568825199000000126e+01 6.712769348218173837e-01 2.097345531999999846e+00
2.580907518000000067e+01 7.069990081022109463e-01 2.109188184000000188e+00
2.604119700000000037e+01 7.671830646060239234e-01 2.122508765000000075e+00
2.640959300999999826e+01 8.538222167241246163e-01 2.126859377999999801e+00
2.690768673999999905e+01 9.331375380114242946e-01 2.120328830000000053e+00
2.747665695999999969e+01 9.220455519059264082e-01 2.114336413999999831e+00
2.799983548999999883e+01 7.346362232415606375e-01 2.120245286999999923e+00
2.832315183000000047e+01 3.839859285731017646e-01 2.132999528000000034e+00
2.832308045999999990e+01 3.841418869790418911e-01 2.133935934000000145e+00
2.799962436999999937e+01 7.348352753240392499e-01 2.122454573999999816e+00
2.747632630000000020e+01 9.222098293372280597e-01 2.116629281999999890e+00
2.690726467000000000e+01 9.332630856512648121e-01 2.121677583999999950e+00
2.640909342000000137e+01 8.539079486562923815e-01 2.126799810000000068e+00
2.604065251000000103e+01 7.671955345002391402e-01 2.121419947000000139e+00
2.580859133999999955e+01 7.069492465299378470e-01 2.107985032000000203e+00
2.568796731999999849e+01 6.712270578184102998e-01 2.096665191000000039e+00
2.605987207000000083e+01 8.067540840075358988e-01 1.894445960999999956e+00
2.609377350999999834e+01 8.105698943151177227e-01 1.903717427999999989e+00
2.620310084000000117e+01 8.243219646545408841e-01 1.930778979999999923e+00
2.640858601000000050e+01 8.533917925884455524e-01 1.969644398000000018e+00
2.673255576000000033e+01 9.006295084014850350e-01 2.008317252999999969e+00
2.717630846000000133e+01 9.471018489249481975e-01 2.037235684000000102e+00
2.769559757000000033e+01 9.317515855422568993e-01 2.058797012999999954e+00
2.818757586999999987e+01 7.743099323541480228e-01 2.081056874000000168e+00
2.850074711999999977e+01 4.848062927103373165e-01 2.101041125000000065e+00
2.850070924999999988e+01 4.848930555797869024e-01 2.101998512999999846e+00
2.818745228999999952e+01 7.744620460172979559e-01 2.083364529999999881e+00
2.769538408000000018e+01 9.318973592472290512e-01 2.061462854000000178e+00
2.717601717000000150e+01 9.472052189250734777e-01 2.039550323999999915e+00
2.673220736000000031e+01 9.006639574783616986e-01 2.010015749999999990e+00
2.640822760000000002e+01 8.533629453646656149e-01 1.970838960999999889e+00
2.620280818000000167e+01 8.242828578179735022e-01 1.931629392999999917e+00
2.609361194999999967e+01 8.105527645008822057e-01 1.904195437000000046e+00
2.662527681999999984e+01 9.462466919448251357e-01 1.644482999000000056e+00
2.665193049000000158e+01 9.422701178982419989e-01 1.656281037000000067e+00
2.673894861000000134e+01 9.342601509963737172e-01 1.692977104999999982e+00
2.690571064999999962e+01 9.324587141635728438e-01 1.752092238999999996e+00
2.717523817000000008e+01 9.467379833501675668e-01 1.823972394000000108e+00
2.755623519999999971e+01 9.703536251972344484e-01 1.893869695000000020e+00
2.801925032000000115e+01 9.599802933460506171e-01 1.952582537000000062e+00
2.847703282000000158e+01 8.432744805318134196e-01 2.000050922999999869e+00
2.878075365999999846e+01 6.195782616216196637e-01 2.032493125999999872e+00
2.878074953000000136e+01 6.196204528069050310e-01 2.033518518999999802e+00
2.847698932000000127e+01 8.433925466591092324e-01 2.002566598000000031e+00
2.801912884000000048e+01 9.601122023743570155e-01 1.955740749999999917e+00
2.755602744000000115e+01 9.704337992599120222e-01 1.897166488999999956e+00
2.717496588999999929e+01 9.467296754613324650e-01 1.827145146000000109e+00
2.690542838000000003e+01 9.323891531522673359e-01 1.754920134000000020e+00
2.673872283000000039e+01 9.341907045572126478e-01 1.695156804000000017e+00
2.665180786999999896e+01 9.422332522093556095e-01 1.657479042000000069e+00
2.725867092000000014e+01 9.433461335930274361e-01 1.382095027999999948e+00
2.727818262999999988e+01 9.387336231311292911e-01 1.395294237000000104e+00
2.734354997999999881e+01 9.281521059963430131e-01 1.437349237999999918e+00
2.747385170000000087e+01 9.214108001329506248e-01 1.508485067000000068e+00
2.769355158000000117e+01 9.313212603952423230e-01 1.602809715000000024e+00
2.801818491999999949e+01 9.598514781950963082e-01 1.705454583999999940e+00
2.843255674999999982e+01 9.766484002855077007e-01 1.799419762000000089e+00
2.886584390000000155e+01 9.147618272990665211e-01 1.874891153999999949e+00
2.917036341000000021e+01 7.501511450872573317e-01 1.923228871999999923e+00
2.917039090999999829e+01 7.501641231463650472e-01 1.924414588999999953e+00
2.886586249999999865e+01 9.148554987453240139e-01 1.877782727999999901e+00
2.843248790000000170e+01 9.767619365422005595e-01 1.803169406999999946e+00
2.801800568999999896e+01 9.599023390238627940e-01 1.709616315000000109e+00
2.769328880999999853e+01 9.312771464909564978e-01 1.607023448000000077e+00
2.747357020000000105e+01 9.213118718216473102e-01 1.512296387999999991e+00
2.734332138999999984e+01 9.280608229460066694e-01 1.440250720000000095e+00
2.727805701000000127e+01 9.386835816780051411e-01 1.396861946000000021e+00
2.782178319000000144e+01 7.174777299526774454e-01 1.159305666999999929e+00
2.783694986000000071e+01 7.173620817849596376e-01 1.172805139000000052e+00
2.788896297999999874e+01 7.198658794692125440e-01 1.216344603000000024e+00
2.799642592000000008e+01 7.343284486289001212e-01 1.291672346999999998e+00
2.818478633999999872e+01 7.742151172725687536e-01 1.395841402999999925e+00
2.847510330000000067e+01 8.434872578767046436e-01 1.516267038999999928e+00
2.886491974000000127e+01 9.151125913849839089e-01 1.633614340999999914e+00
2.930032260999999849e+01 9.196888605636973635e-01 1.731821832000000061e+00
2.963229537999999863e+01 7.918283687151073114e-01 1.796629521000000063e+00
2.963234840000000148e+01 7.918051145289431991e-01 1.798182131999999989e+00
2.930036974000000072e+01 9.197597948907361154e-01 1.735405357000000093e+00
2.886485139999999916e+01 9.152041445652840945e-01 1.638152143999999977e+00
2.847490043999999898e+01 8.435108683721360689e-01 1.521281032999999949e+00
2.818448920000000157e+01 7.741451948025311891e-01 1.400873000999999896e+00
2.799611073000000161e+01 7.342125105646247762e-01 1.296142815999999920e+00
2.788870783999999858e+01 7.197670285111685828e-01 1.219680024999999945e+00
2.783680938999999910e+01 7.173100097271967179e-01 1.174580441000000031e+00
2.815734069000000162e+01 2.927328822249957163e-01 1.029856928000000060e+00
2.817128867999999997e+01 2.997135260881465535e-01 1.042784549000000061e+00
2.821932098999999994e+01 3.258352118630453709e-01 1.085006066000000047e+00
2.831947132000000167e+01 3.843506568924854871e-01 1.159233076000000029e+00
2.849759369999999947e+01 4.855182935181683868e-01 1.264339268000000072e+00
2.877837102000000158e+01 6.206507391057062284e-01 1.389767509999999984e+00
2.916892924000000065e+01 7.513702206425882935e-01 1.516611208999999905e+00
2.963177526000000128e+01 7.927415171341549716e-01 1.627841332999999890e+00
3.002129376999999977e+01 5.723098751880572044e-01 1.709355047999999933e+00
3.002133985000000038e+01 5.722131902516953694e-01 1.711552627999999965e+00
2.963177358000000083e+01 7.928276304388900408e-01 1.632350385000000070e+00
2.916878831000000005e+01 7.514869690479794029e-01 1.521979814000000042e+00
2.877809547000000023e+01 6.206999255328741194e-01 1.395521814000000083e+00
2.849723746000000091e+01 4.854578616089014753e-01 1.269986009999999998e+00
2.831911494999999945e+01 3.842157126980662585e-01 1.164152435999999957e+00
2.821904082000000002e+01 3.257075070662441840e-01 1.088617846000000000e+00
2.817113645999999960e+01 2.996447996803482394e-01 1.044686613000000097e+00
2.585425170999999978e+01 8.722982617672080385e-01 2.205585646999999927e+00
2.586630376000000098e+01 8.652527182121972915e-01 2.205948589000000126e+00
2.591825259000000159e+01 8.407126677315699403e-01 2.206765669000000152e+00
2.606176835999999852e+01 8.070633116439768218e-01 2.205152124000000047e+00
2.636504473000000104e+01 8.330674285143750968e-01 2.190949948000000091e+00
2.684242704000000046e+01 9.221150964529041261e-01 2.162779349000000018e+00
2.741955868999999879e+01 9.304395648792543883e-01 2.138653523999999972e+00
2.795738405000000171e+01 7.418553470207874811e-01 2.135362629999999928e+00
2.828874143999999902e+01 3.759173202029080230e-01 2.146569632999999921e+00
2.828859085999999934e+01 3.762463523044844993e-01 2.147319195000000125e+00
2.795695036000000044e+01 7.422418567059937411e-01 2.136842371000000185e+00
2.741888902000000172e+01 9.307679724115643927e-01 2.139357683000000065e+00
2.684156042000000042e+01 9.224165909771128158e-01 2.161561611000000216e+00
2.636400392999999909e+01 8.333393917052144273e-01 2.187855759000000067e+00
2.606068305000000151e+01 8.072888996782078275e-01 2.201909376000000140e+00
2.591738378000000154e+01 8.409057180756712713e-01 2.204907219999999946e+00
2.586583562999999941e+01 8.653546471938688978e-01 2.205298978000000076e+00
2.586595797000000019e+01 8.653191870809209263e-01 2.203855222000000058e+00
2.588100037999999969e+01 8.583515463164165249e-01 2.204027947000000154e+00
2.594139163999999909e+01 8.359762102458702104e-01 2.204142646999999844e+00
2.609543001000000118e+01 8.108979068754629260e-01 2.201258665000000114e+00
2.640375704999999940e+01 8.421222094035167860e-01 2.186656215999999819e+00
2.687777346000000023e+01 9.244990139993116696e-01 2.159862669999999873e+00
2.744786432000000076e+01 9.288792288404065234e-01 2.137416122999999946e+00
2.798010787000000121e+01 7.438852833101891049e-01 2.135013079999999785e+00
2.830931035000000051e+01 3.871369950056181564e-01 2.146449034000000200e+00
2.830918477999999894e+01 3.874126456687708164e-01 2.147188749000000119e+00
2.797974427000000119e+01 7.442243373496029157e-01 2.136479881000000081e+00
2.744729725999999914e+01 9.291820243467111551e-01 2.138166630000000179e+00
2.687702601000000158e+01 9.247906155237578529e-01 2.158840496999999914e+00
2.640283125999999925e+01 8.423747545384632218e-01 2.183929013999999835e+00
2.609442333999999875e+01 8.110575868188467652e-01 2.198359690999999838e+00
2.594055154999999857e+01 8.360963377614621939e-01 2.202449054000000128e+00
2.588053581000000136e+01 8.584181944557919275e-01 2.203430997999999974e+00
2.591736152000000004e+01 8.408299644341387102e-01 2.190665958999999940e+00
2.594084850999999858e+01 8.360382249841523672e-01 2.190026614000000205e+00
2.602406909999999840e+01 8.248498135232281703e-01 2.187808729999999979e+00
2.620425097000000036e+01 8.246043548475373575e-01 2.182107637000000100e+00
2.652325854000000049e+01 8.665739865839731104e-01 2.168197966000000143e+00
2.698664520999999894e+01 9.324546906963068205e-01 2.146811786999999860e+00
2.753662235999999908e+01 9.271056740351049097e-01 2.130273321999999858e+00
2.805284009000000012e+01 7.525489316596617462e-01 2.131219235000000101e+00
2.837571180000000126e+01 4.224502150854819171e-01 2.143759145999999838e+00
2.837561436000000015e+01 4.226598524595862605e-01 2.144480635999999940e+00
2.805255439999999822e+01 7.528363194629226207e-01 2.132683098000000221e+00
2.753616786999999988e+01 9.273815039412283134e-01 2.131214019999999820e+00
2.698603063999999918e+01 9.327251373772950105e-01 2.146404815999999993e+00
2.652247653999999955e+01 8.667910476910378748e-01 2.166542336000000013e+00
2.620336883999999955e+01 8.246913148941555916e-01 2.180255808000000073e+00
2.602329354000000095e+01 8.248639885212806222e-01 2.186700012000000193e+00
2.594040142000000060e+01 8.360400765332030026e-01 2.189647367000000067e+00
2.606012593999999893e+01 8.070021493811435631e-01 2.133541660000000117e+00
2.609413380999999887e+01 8.108276847834428036e-01 2.132377089999999864e+00
2.620350588999999886e+01 8.245238798725921248e-01 2.129735397000000141e+00
2.640895904999999999e+01 8.534886293045068628e-01 2.126079579999999858e+00
2.673284875999999954e+01 9.006333269856584556e-01 2.119939893000000186e+00
2.717651851999999835e+01 9.470668638406678497e-01 2.111355393000000191e+00
2.769574586999999966e+01 9.317205778635139213e-01 2.107084814999999889e+00
2.818768310999999827e+01 7.742994741952895499e-01 2.115546914999999917e+00
2.850082307999999998e+01 4.848392142830813545e-01 2.131140060999999974e+00
2.850075603999999885e+01 4.849843304602975413e-01 2.131858487000000135e+00
2.818747893000000104e+01 7.745366247686594763e-01 2.117077628000000100e+00
2.769540410999999835e+01 9.319705475840436293e-01 2.108408804000000192e+00
2.717603413999999873e+01 9.473077106438448913e-01 2.111930359000000035e+00
2.673221648999999900e+01 9.008052063791122110e-01 2.119861784999999887e+00
2.640823573999999851e+01 8.535262129517950935e-01 2.125863424999999918e+00
2.620285184000000100e+01 8.244595143096359324e-01 2.129738983000000196e+00
2.609374435000000148e+01 8.107599302953422127e-01 2.132500261000000119e+00
2.636255673000000144e+01 8.325389976351934562e-01 1.986106696000000005e+00
2.640159268000000026e+01 8.416478064732274555e-01 1.988320402999999903e+00
2.652163346000000033e+01 8.662027997692010040e-01 1.995879240999999915e+00
2.673195677000000003e+01 9.004167308869019948e-01 2.008057146000000071e+00
2.704361257000000052e+01 9.384840337702196056e-01 2.022527880999999805e+00
2.745634456000000156e+01 9.674341363592602328e-01 2.037034804000000143e+00
2.793720928999999842e+01 9.480129060203559277e-01 2.053132673999999991e+00
2.840021086999999866e+01 8.152374631417350637e-01 2.074863713000000054e+00
2.870219778999999960e+01 5.741253399274708347e-01 2.096600860000000122e+00
2.870216239000000158e+01 5.742173801930868793e-01 2.097355698999999962e+00
2.840008693000000051e+01 8.154296040152771985e-01 2.076575462000000094e+00
2.793697055000000162e+01 9.482381397270250867e-01 2.055019063000000035e+00
2.745597247999999979e+01 9.676426815018153160e-01 2.038783533999999786e+00
2.704310994000000079e+01 9.386131700466135985e-01 2.024171256999999891e+00
2.673138619999999932e+01 9.004333776466368899e-01 2.009655989000000087e+00
2.652112504999999842e+01 8.661433158752049888e-01 1.997271497999999923e+00
2.640129199000000071e+01 8.415882809788945984e-01 1.989156681999999954e+00
2.683918042999999898e+01 9.214105820089527610e-01 1.755161052999999916e+00
2.687480624999999890e+01 9.238316605312464347e-01 1.762996054000000035e+00
2.698415598000000060e+01 9.318783662386028732e-01 1.786978211999999955e+00
2.717470072000000059e+01 9.466458949756492158e-01 1.823767783999999947e+00
2.745537635000000165e+01 9.672276412188177686e-01 1.867928950000000032e+00
2.782741151000000102e+01 9.856461525726508688e-01 1.913395433000000034e+00
2.826693270999999896e+01 9.733272616001571453e-01 1.956507916000000069e+00
2.870203702999999962e+01 8.741575693466516750e-01 1.996866905999999942e+00
2.899564537999999914e+01 6.821721887102938364e-01 2.028070615999999937e+00
2.899564159000000174e+01 6.822255414181622735e-01 2.028922874000000043e+00
2.870198642000000078e+01 8.743131875363576722e-01 1.998890607000000097e+00
2.826677781000000067e+01 9.735284543893757414e-01 1.959063043000000004e+00
2.782712174999999988e+01 9.858228815646836729e-01 1.916285542000000008e+00
2.745496331000000012e+01 9.673208719395016697e-01 1.871067421000000008e+00
2.717423562000000103e+01 9.466484890827217002e-01 1.826874306999999975e+00
2.698375276999999883e+01 9.318371236958630233e-01 1.789537492000000007e+00
2.687457341000000000e+01 9.237984979643674155e-01 1.764451452000000087e+00
2.741572461000000160e+01 9.298890106637129893e-01 1.496308886000000005e+00
2.744426135999999872e+01 9.283312157960933453e-01 1.508174644999999980e+00
2.753341044000000082e+01 9.265891670302972560e-01 1.544743159000000032e+00
2.769310357999999894e+01 9.313057431110172146e-01 1.602374262999999965e+00
2.793532770999999926e+01 9.477828297904874466e-01 1.673872347999999954e+00
2.826596916000000093e+01 9.732954019239230536e-01 1.749471248999999951e+00
2.867001162000000036e+01 9.853750243810370790e-01 1.820297033999999980e+00
2.908761050000000026e+01 9.308687090817361343e-01 1.881232779999999938e+00
2.938361584000000093e+01 7.832968835514563244e-01 1.924013763000000043e+00
2.938364268000000123e+01 7.833219936099935499e-01 1.925068004000000110e+00
2.908762017000000100e+01 9.309976316540149455e-01 1.883751750000000058e+00
2.866991258999999914e+01 9.855521055097414829e-01 1.823619266999999988e+00
2.826572464999999923e+01 9.734397098456160080e-01 1.753400692999999899e+00
2.793495930999999999e+01 9.478436082570368404e-01 1.678178621999999898e+00
2.769268994999999833e+01 9.312906649788116331e-01 1.606544399999999984e+00
2.753305775999999838e+01 9.265464857237758478e-01 1.548074442999999967e+00
2.744406049999999908e+01 9.283018407008695183e-01 1.510025297999999960e+00
2.795317795000000061e+01 7.416165023717196103e-01 1.269754633000000021e+00
2.797608622999999994e+01 7.436369985929252024e-01 1.283409341999999898e+00
2.804912574000000092e+01 7.523270725931310299e-01 1.326071060999999940e+00
2.818443372999999852e+01 7.741863541960466444e-01 1.395061298999999977e+00
2.839761972999999884e+01 8.153302712162439070e-01 1.483476639999999902e+00
2.870028908000000101e+01 8.744742858576012301e-01 1.579990871999999991e+00
2.908679490999999828e+01 9.312362894812250547e-01 1.672219485999999922e+00
2.950955512999999897e+01 9.300026813534754133e-01 1.751252094000000037e+00
2.983162244000000030e+01 8.087283698023578493e-01 1.806643884999999949e+00
2.983167631999999969e+01 8.087193293377095138e-01 1.808116408999999924e+00
2.950959930000000142e+01 9.301095024730521299e-01 1.754594540000000036e+00
2.908671058999999914e+01 9.313901509682001034e-01 1.676516987000000070e+00
2.870004744999999957e+01 8.745907268677579616e-01 1.584982303000000092e+00
2.839725675000000038e+01 8.153664463985386135e-01 1.488802788000000099e+00
2.818403461000000121e+01 7.741565769670838426e-01 1.400061683999999973e+00
2.804879164999999830e+01 7.522790262795565619e-01 1.329958301000000009e+00
2.797589805999999868e+01 7.436066630426045876e-01 1.285530182000000021e+00
2.828444468000000001e+01 3.760899992772423484e-01 1.133766505000000091e+00
2.830515524000000127e+01 3.873304502743845079e-01 1.147564758999999990e+00
2.837180044999999851e+01 4.227467654904872307e-01 1.191268234000000037e+00
2.849730131000000100e+01 4.853468036034019883e-01 1.263271467999999897e+00
2.869925986000000151e+01 5.749251882168957550e-01 1.357699639000000014e+00
2.899349395999999857e+01 6.832384300207718919e-01 1.463313148999999980e+00
2.938237378999999905e+01 7.844315626399447350e-01 1.566637068999999993e+00
2.983120844999999832e+01 8.095233740732605821e-01 1.658045830999999914e+00
3.020467873000000125e+01 6.067734105864576177e-01 1.728427602000000007e+00
3.020473283999999836e+01 6.066956605753641707e-01 1.730593287000000036e+00
2.983122013999999922e+01 8.096387349528171296e-01 1.662438791000000027e+00
2.938223883999999941e+01 7.846011240383090612e-01 1.571936648000000103e+00
2.899320887000000013e+01 6.833713653155907286e-01 1.469240700999999927e+00
2.869887466999999859e+01 5.749731582950571296e-01 1.363837267999999936e+00
2.849690169000000139e+01 4.853149897592888284e-01 1.268890408999999941e+00
2.837147728000000058e+01 4.226852710771724086e-01 1.195552897000000003e+00
2.830497658000000172e+01 3.872885031371195441e-01 1.149874150999999900e+00
2.649267654000000149e+01 1.010231659159921636e+00 2.172853948999999840e+00
2.649969203999999934e+01 1.003761493293327423e+00 2.171860623999999795e+00
2.653218430000000083e+01 9.824535700808983973e-01 2.170120053999999854e+00
2.662715182999999897e+01 9.464001452137208448e-01 2.168231487999999985e+00
2.684161217000000121e+01 9.216291869448449692e-01 2.162560866000000193e+00
2.721498709999999832e+01 9.448880769193586104e-01 2.148146968999999906e+00
2.771166308000000100e+01 9.503908292685190329e-01 2.132791043000000109e+00
2.820927774999999826e+01 8.131519563133782214e-01 2.132819462000000055e+00
2.853242351999999826e+01 5.365222389195684061e-01 2.146334490000000095e+00
2.853231149000000144e+01 5.367403031410349357e-01 2.146638092999999969e+00
2.820894784000000044e+01 8.135024186973497384e-01 2.133005004999999787e+00
2.771113194999999862e+01 9.507542531586364865e-01 2.131843928999999971e+00
2.721426488999999904e+01 9.452487010982857374e-01 2.146028911000000150e+00
2.684073310999999862e+01 9.219248123862691102e-01 2.160398133999999803e+00
2.662625355999999854e+01 9.466168074492369300e-01 2.167191109000000004e+00
2.653146249999999995e+01 9.826076446600856551e-01 2.170134598000000192e+00
2.649929510999999849e+01 1.003842798148457449e+00 2.172150835000000058e+00
2.649940351000000049e+01 1.003832125754638538e+00 2.172011450999999926e+00
2.650888050000000007e+01 9.969726932591443935e-01 2.170963035999999846e+00
2.654847163999999893e+01 9.754966362049793949e-01 2.168967065999999999e+00
2.665364192999999915e+01 9.424457009059736823e-01 2.166361442999999998e+00
2.687699983999999986e+01 9.240472368256938962e-01 2.159784643000000059e+00
2.725264796000000089e+01 9.483355192048029680e-01 2.145458286999999853e+00
2.774528795000000159e+01 9.509758747933465539e-01 2.131202605999999999e+00
2.823772729999999953e+01 8.159101837478103247e-01 2.132090330000000034e+00
2.855834231000000045e+01 5.461337075592239687e-01 2.145851343999999994e+00
2.855825228999999865e+01 5.463204638156596848e-01 2.146149236999999932e+00
2.823745625999999831e+01 8.162276547806346372e-01 2.132288412999999938e+00
2.774483447000000069e+01 9.513262120061812821e-01 2.130355685000000054e+00
2.725199897999999976e+01 9.486904795598525286e-01 2.143561040999999889e+00
2.687616762000000037e+01 9.243209777450153153e-01 2.157875488999999813e+00
2.665275494000000123e+01 9.426246761908199101e-01 2.165491552000000208e+00
2.654773883000000012e+01 9.756215554208637064e-01 2.169068576999999998e+00
2.650847162999999895e+01 9.970409816654856039e-01 2.171290529999999830e+00
2.653145643999999947e+01 9.826254812499141122e-01 2.165378395999999928e+00
2.654803380999999973e+01 9.756010426091369370e-01 2.163943846000000004e+00
2.660766364999999922e+01 9.564177130280934191e-01 2.160676931999999884e+00
2.674027272000000011e+01 9.344627971682925027e-01 2.155685571999999883e+00
2.698590410999999989e+01 9.320734466931909212e-01 2.147049763000000056e+00
2.736599895000000160e+01 9.575080680924572540e-01 2.133876231999999984e+00
2.784703003999999993e+01 9.534634386378152415e-01 2.123365272000000026e+00
2.832514725000000055e+01 8.250868747147437343e-01 2.127154095999999939e+00
2.863871569999999878e+01 5.742443371589760481e-01 2.141934172000000025e+00
2.863864983999999936e+01 5.743927326294754332e-01 2.142226661000000032e+00
2.832494022999999927e+01 8.253644167066434001e-01 2.127418043000000036e+00
2.784666181000000051e+01 9.537913675180470507e-01 2.122836858999999965e+00
2.736543822000000148e+01 9.578452609307506194e-01 2.132624288999999784e+00
2.698514653000000152e+01 9.323253579685457648e-01 2.145887665000000055e+00
2.673942677999999873e+01 9.346011654889756493e-01 2.155357697999999989e+00
2.660693707000000074e+01 9.564981193161206097e-01 2.161077596999999795e+00
2.654761858999999902e+01 9.756445842550998115e-01 2.164403799000000017e+00
2.662581399000000104e+01 9.466138475437614330e-01 2.135631136999999846e+00
2.665259732999999898e+01 9.426034600959002363e-01 2.133297286999999987e+00
2.673967405000000142e+01 9.345246342059119193e-01 2.127805488999999994e+00
2.690639708999999868e+01 9.326157329015447583e-01 2.120374371000000036e+00
2.717580733000000137e+01 9.467806760516049858e-01 2.111829955999999786e+00
2.755666413999999875e+01 9.703316431143824694e-01 2.103572343999999816e+00
2.801956489999999889e+01 9.599617827112717494e-01 2.100625052999999909e+00
2.847727375999999921e+01 8.433029069851177839e-01 2.110096255999999837e+00
2.878094822999999991e+01 6.196893667618441626e-01 2.127295683999999909e+00
2.878090767999999855e+01 6.197988069097495334e-01 2.127608132999999846e+00
2.847713171999999915e+01 8.435387227574375757e-01 2.110524053999999872e+00
2.801928170000000051e+01 9.602615297217896861e-01 2.100625845999999797e+00
2.755619657000000089e+01 9.706428634885132523e-01 2.103292516999999862e+00
2.717514513000000065e+01 9.470140801565197775e-01 2.111820746999999887e+00
2.690562943000000118e+01 9.327267690112152065e-01 2.120990528000000097e+00
2.673898966000000144e+01 9.345565247792858576e-01 2.128799782000000196e+00
2.665219524999999834e+01 9.426093063656980631e-01 2.134037828999999942e+00
2.683950416000000061e+01 9.216536154955180526e-01 2.046209133000000069e+00
2.687518526999999935e+01 9.240503180239667547e-01 2.044162464999999873e+00
2.698454923999999977e+01 9.320360087100852953e-01 2.040457505000000005e+00
2.717506114000000039e+01 9.467276504772774715e-01 2.037556469000000092e+00
2.745567306999999957e+01 9.672504837521292975e-01 2.037494612000000149e+00
2.782763921000000096e+01 9.856439172557389661e-01 2.041378318000000025e+00
2.826710582999999843e+01 9.733315012186360971e-01 2.051098531000000058e+00
2.870217703999999870e+01 8.741887394068379447e-01 2.069652510000000056e+00
2.899576820000000055e+01 6.822435000553599416e-01 2.091173375999999973e+00
2.899575360000000046e+01 6.823182164939822769e-01 2.091553867000000011e+00
2.870209831000000023e+01 8.743858990210064963e-01 2.070366841999999874e+00
2.826690217999999888e+01 9.736019192822010782e-01 2.051784824999999923e+00
2.782726083000000017e+01 9.859260272664315261e-01 2.042228075999999781e+00
2.745511336999999941e+01 9.674661775952677623e-01 2.038827717999999845e+00
2.717439985000000036e+01 9.468323278723698166e-01 2.039370964999999813e+00
2.698394899999999907e+01 9.320507290640818177e-01 2.042287162000000045e+00
2.687482684000000077e+01 9.240342505639780324e-01 2.045321606999999986e+00
2.721207371999999935e+01 9.446184152443147797e-01 1.870516045000000016e+00
2.725001328000000100e+01 9.480761059712291550e-01 1.872396983000000015e+00
2.736381709999999856e+01 9.572776211035844973e-01 1.880059992999999929e+00
2.755508531999999988e+01 9.701521457540065452e-01 1.893907082999999991e+00
2.782679926999999864e+01 9.855503415285251645e-01 1.913595560999999945e+00
2.817834162999999847e+01 9.997868681206213415e-01 1.937768868000000033e+00
2.859149147000000113e+01 9.934962317884060701e-01 1.965253420000000029e+00
2.900635392999999951e+01 9.189699786059785103e-01 1.996069284000000055e+00
2.929369043999999889e+01 7.602281711423989341e-01 2.023756338000000099e+00
2.929370245999999867e+01 7.602751212877063569e-01 2.024270647999999895e+00
2.900633510000000115e+01 9.191361399257561571e-01 1.997196954000000080e+00
2.859135781000000165e+01 9.937398330733502316e-01 1.966710009000000037e+00
2.817804051999999970e+01 1.000039419657997586e+00 1.939737618000000108e+00
2.782633261000000147e+01 9.857452103240460506e-01 1.916205318000000046e+00
2.755453160000000068e+01 9.702570488487667344e-01 1.896881511999999992e+00
2.736331690000000094e+01 9.573075044120037402e-01 1.882727854999999950e+00
2.724971572999999836e+01 9.480732740513040380e-01 1.873984713000000024e+00
2.770808178000000055e+01 9.500972726588065020e-01 1.638882651999999940e+00
2.774195027000000024e+01 9.506819532891991331e-01 1.646155470999999926e+00
2.784409828000000076e+01 9.532008528377250434e-01 1.669069369000000025e+00
2.801719080000000162e+01 9.597689958403837762e-01 1.704834224999999925e+00
2.826543540000000121e+01 9.732480770796050340e-01 1.749272780999999943e+00
2.859064207999999851e+01 9.935210903204917399e-01 1.797483539999999991e+00
2.898047980999999851e+01 1.005844727797203131e+00 1.845141225999999968e+00
2.938447312999999994e+01 9.652420411094139174e-01 1.889839346999999892e+00
2.967604375999999888e+01 8.385459873929002050e-01 1.924892075999999896e+00
2.967608365999999975e+01 8.385713411904400783e-01 1.925645220999999907e+00
2.938450839000000059e+01 9.653874322385443962e-01 1.891553177999999891e+00
2.898040096000000077e+01 1.006065138555335858e+00 1.847460332999999899e+00
2.859039834000000013e+01 9.937438802893283629e-01 1.800529457000000111e+00
2.826503948999999949e+01 9.734177895287882132e-01 1.753010359999999990e+00
2.801672273999999874e+01 9.598659246768532771e-01 1.708786233999999959e+00
2.784368174999999823e+01 9.532406755221537464e-01 1.672422883000000082e+00
2.774170571000000152e+01 9.506926044433929857e-01 1.648085903999999990e+00
2.820526368999999889e+01 8.131162188932204993e-01 1.417750027000000079e+00
2.823390991000000128e+01 8.158605629020870831e-01 1.428675716999999956e+00
2.832166800999999978e+01 8.250690049369301393e-01 1.462428910000000082e+00
2.847428353999999828e+01 8.433756013558959541e-01 1.514840954000000073e+00
2.869983665000000173e+01 8.744059082136783623e-01 1.579353213000000089e+00
2.900480453999999852e+01 9.193306780063846828e-01 1.648123331999999941e+00
2.938376780999999838e+01 9.656023240843323308e-01 1.713920573000000003e+00
2.979572741000000136e+01 9.670794994746357842e-01 1.772191201999999910e+00
3.011276370999999941e+01 8.609494231693873845e-01 1.816026732999999949e+00
3.011283202999999986e+01 8.609477442024955351e-01 1.817232573000000073e+00
2.979580134000000058e+01 9.672102347192469418e-01 1.774803673999999942e+00
2.938371598999999890e+01 9.658027874188217510e-01 1.717307823999999927e+00
2.900458848999999972e+01 9.195284466438653492e-01 1.652322384999999949e+00
2.869948308000000026e+01 8.745556314869780135e-01 1.584195078999999895e+00
2.847387400999999940e+01 8.434644376126200216e-01 1.519699350000000004e+00
2.832131156000000161e+01 8.251114014571854227e-01 1.466396806999999969e+00
2.823370391999999995e+01 8.158763566808621137e-01 1.430907222999999950e+00
2.852828381000000135e+01 5.369028801418463948e-01 1.277501400000000009e+00
2.855435061000000019e+01 5.465168242873926774e-01 1.289736015999999985e+00
2.863500081000000108e+01 5.747063680326807145e-01 1.327808504999999917e+00
2.877766343000000049e+01 6.203053916083505204e-01 1.387681804999999935e+00
2.899308960999999840e+01 6.830630146478154918e-01 1.462327273000000094e+00
2.929178397000000089e+01 7.612304049321365618e-01 1.542695678999999931e+00
2.967499348999999853e+01 8.395717050169837492e-01 1.620195478000000078e+00
3.011245590000000050e+01 8.616310318601424489e-01 1.690154160999999933e+00
3.047783035999999868e+01 6.943354677830856359e-01 1.747846844999999982e+00
3.047790728000000016e+01 6.942703102720196862e-01 1.749785123999999970e+00
3.011251379999999855e+01 8.617638020354222439e-01 1.693885395999999988e+00
2.967491392999999889e+01 8.397767844940356996e-01 1.624676176999999999e+00
2.929155546000000143e+01 7.614327454528019290e-01 1.547945155000000073e+00
2.899275244000000029e+01 6.832194980055900091e-01 1.468113081999999903e+00
2.877729552999999996e+01 6.204006307382611274e-01 1.393291824999999928e+00
2.863469283999999959e+01 5.747522748478066656e-01 1.332280676000000108e+00
2.855417669999999930e+01 5.465336058146090803e-01 1.292214616000000094e+00
2.717174989999999823e+01 9.771656107516439871e-01 2.150085113999999908e+00
2.717526153000000022e+01 9.738865113191023104e-01 2.148699945000000167e+00
2.719507039999999876e+01 9.627271371110396325e-01 2.146036452999999788e+00
2.726051819999999992e+01 9.433588643577081045e-01 2.143643334000000067e+00
2.741800817000000023e+01 9.298532638422057905e-01 2.141009849000000020e+00
2.771080594000000019e+01 9.501048194511353406e-01 2.134929642999999988e+00
2.813346466000000134e+01 9.783867306520755980e-01 2.127404074999999839e+00
2.859408047000000153e+01 9.114310670948586601e-01 2.130622854999999927e+00
2.891601598999999823e+01 7.217414073394545770e-01 2.146491457000000214e+00
2.891595741000000075e+01 7.218749851762021885e-01 2.146367591999999824e+00
2.859388553999999871e+01 9.117129700395539826e-01 2.129711608000000034e+00
2.813310444000000032e+01 9.787332962213611820e-01 2.125433748999999928e+00
2.771026215999999920e+01 9.504707377736341112e-01 2.132693050999999951e+00
2.741731607999999909e+01 9.301825808014733132e-01 2.139638603999999944e+00
2.725980180999999902e+01 9.436421695356891348e-01 2.143499326000000149e+00
2.719448822000000021e+01 9.629513677001446670e-01 2.146581906999999845e+00
2.717493815999999995e+01 9.740134682888698103e-01 2.149195632000000078e+00
2.717503594000000078e+01 9.739880184594261747e-01 2.149637675000000137e+00
2.718047883999999925e+01 9.701120504166862446e-01 2.148277140999999890e+00
2.720592107999999953e+01 9.578344135730758602e-01 2.145634846000000096e+00
2.727990396999999945e+01 9.387564286140694936e-01 2.143024567999999963e+00
2.744636841000000160e+01 9.283061872638330714e-01 2.139815786999999858e+00
2.774446076999999988e+01 9.507008587195805438e-01 2.133311721000000105e+00
2.816661404999999974e+01 9.775226183649580181e-01 2.126071570000000133e+00
2.862370947999999871e+01 9.109096722277726377e-01 2.129753281999999803e+00
2.894332216999999829e+01 7.243813412308637290e-01 2.145730900999999857e+00
2.894328103000000141e+01 7.244965169545394268e-01 2.145607515000000021e+00
2.862355798000000107e+01 9.111722713447861777e-01 2.128875740999999877e+00
2.816630304999999979e+01 9.778667481669338635e-01 2.124209699000000118e+00
2.774395067000000026e+01 9.510700902645444765e-01 2.131235592999999984e+00
2.744568247999999855e+01 9.286309674974488892e-01 2.138586794000000069e+00
2.727917040999999898e+01 9.390309051241542138e-01 2.142976640000000099e+00
2.720531414999999953e+01 9.580540012429215047e-01 2.146242239000000218e+00
2.718013878000000005e+01 9.702382712380375196e-01 2.148805519000000164e+00
2.719451460000000154e+01 9.629720280968316892e-01 2.145956074999999963e+00
2.720559126999999933e+01 9.579802466843864162e-01 2.144506655999999900e+00
2.724724129000000161e+01 9.442718190219459018e-01 2.141488317999999946e+00
2.734497533000000047e+01 9.282281095956483874e-01 2.137734070000000042e+00
2.753517354999999966e+01 9.266019029296513887e-01 2.132717433999999912e+00
2.784623921000000024e+01 9.532420768712034365e-01 2.125350695999999928e+00
2.826613576000000094e+01 9.758596082983971298e-01 2.119294680999999958e+00
2.871342827999999869e+01 9.106061662480211538e-01 2.124522445999999842e+00
2.902665273999999940e+01 7.328911908024962063e-01 2.140986016999999908e+00
2.902662971999999897e+01 7.329845186309436045e-01 2.140874016999999796e+00
2.871332213999999894e+01 9.108425990821535922e-01 2.123762961000000171e+00
2.826588003999999898e+01 9.761899293322724436e-01 2.117760148999999981e+00
2.784577872999999926e+01 9.536052723821200061e-01 2.123747264999999995e+00
2.753451838000000151e+01 9.269199697412663363e-01 2.131921599000000001e+00
2.734424642000000105e+01 9.284861244459619023e-01 2.137992339000000186e+00
2.724662151000000065e+01 9.444742668298826693e-01 2.142295709999999964e+00
2.720523860000000127e+01 9.580973934478508314e-01 2.145139917999999923e+00
2.725950441999999896e+01 9.437288592370470797e-01 2.129148360999999934e+00
2.727911811999999969e+01 9.390329272139068539e-01 2.127158302999999862e+00
2.734452412999999993e+01 9.283593688716383907e-01 2.122629893000000045e+00
2.747477677999999912e+01 9.215200516245877216e-01 2.116480472000000113e+00
2.769434847999999860e+01 9.313388029464926277e-01 2.109362851999999844e+00
2.801881935999999840e+01 9.598207448234490347e-01 2.102326982000000122e+00
2.843304931000000124e+01 9.766393872523098096e-01 2.099312702999999836e+00
2.886624584999999854e+01 9.148308124475964531e-01 2.107545285000000046e+00
2.917071800000000081e+01 7.503282749649321515e-01 2.125187641000000127e+00
2.917071358000000103e+01 7.503987655800379297e-01 2.125120200000000015e+00
2.886618538000000100e+01 9.150384028370246448e-01 2.107013795999999939e+00
2.843285162999999827e+01 9.769479113318885188e-01 2.098301509000000120e+00
2.801842096000000026e+01 9.601688358342150842e-01 2.101460667000000004e+00
2.769374983000000157e+01 9.316480721195795622e-01 2.109287850999999936e+00
2.747408360000000016e+01 9.217583748512672148e-01 2.117295876000000021e+00
2.734391540000000020e+01 9.285320305720627942e-01 2.123816258000000179e+00
2.727876445000000061e+01 9.391293804220940400e-01 2.127990361999999802e+00
2.741638110999999967e+01 9.302019226594214762e-01 2.075788719999999810e+00
2.744497211999999919e+01 9.285769359335899198e-01 2.073167117000000115e+00
2.753412421999999893e+01 9.267455696704859358e-01 2.067414933999999871e+00
2.769376086999999842e+01 9.313708526585933178e-01 2.060578331999999957e+00
2.793588583000000014e+01 9.477822574661762811e-01 2.054905411000000015e+00
2.826641781000000009e+01 9.732742509414351595e-01 2.052356971000000030e+00
2.867037115999999841e+01 9.853790262141587375e-01 2.055551073999999812e+00
2.908791761000000164e+01 9.309304444039847581e-01 2.068619254000000129e+00
2.938390135999999941e+01 7.834280379796924043e-01 2.088306333999999875e+00
2.938391655999999941e+01 7.834770807563148365e-01 2.088335321999999827e+00
2.908790327999999903e+01 9.311107947141098462e-01 2.068434250000000141e+00
2.867023234999999914e+01 9.856621645117084052e-01 2.055204091999999871e+00
2.826608883000000105e+01 9.735989706036700664e-01 2.052387637999999903e+00
2.793536416999999972e+01 9.480770985030416709e-01 2.055747348999999780e+00
2.769313697000000118e+01 9.315928778127372523e-01 2.062156118999999954e+00
2.753356107000000108e+01 9.268899383106748990e-01 2.069141012999999862e+00
2.744463838000000067e+01 9.286490831678227975e-01 2.074283878000000136e+00
2.770844766000000092e+01 9.502403583006221455e-01 1.956448082999999949e+00
2.774233156000000022e+01 9.507878847420374591e-01 1.955020208999999953e+00
2.784446863999999877e+01 9.532567791750978792e-01 1.953309165999999930e+00
2.801752457999999990e+01 9.597800529274230774e-01 1.953507901000000047e+00
2.826571790999999934e+01 9.732336583236155247e-01 1.957493885999999961e+00
2.859087305999999984e+01 9.935041413726679593e-01 1.965985963000000059e+00
2.898067093999999955e+01 1.005844480339126212e+00 1.979345200000000027e+00
2.938464254999999881e+01 9.652714494562565362e-01 1.999102216999999904e+00
2.967620674000000136e+01 8.386061222000260607e-01 2.021526151000000215e+00
2.967624385999999959e+01 8.386374350122979271e-01 2.021718013000000091e+00
2.938467580000000012e+01 9.654307615713080271e-01 1.999380082999999919e+00
2.898059012999999950e+01 1.006103169919052354e+00 1.979745507000000071e+00
2.859061452999999986e+01 9.938001403770517772e-01 1.966960024999999890e+00
2.826528221999999957e+01 9.735060138636223437e-01 1.959302223999999981e+00
2.801699212999999844e+01 9.599884921386155900e-01 1.955911905000000006e+00
2.784398146999999923e+01 9.533891086102194157e-01 1.955626505999999987e+00
2.774204001000000019e+01 9.508497987317383604e-01 1.956445742000000099e+00
2.813040117999999978e+01 9.784032772655871790e-01 1.772414602000000006e+00
2.816376281999999875e+01 9.775038918500609242e-01 1.774729341000000016e+00
2.826363352999999989e+01 9.758085403412808390e-01 1.783659491000000097e+00
2.843101992000000067e+01 9.765808736060599404e-01 1.799164031000000108e+00
2.866893714000000060e+01 9.853587744359301182e-01 1.820372547999999924e+00
2.897993841999999987e+01 1.005884847720232900e+00 1.845354828000000058e+00
2.935583077000000074e+01 1.028319231760671304e+00 1.871987132999999970e+00
2.975389802000000117e+01 1.011427290614895558e+00 1.899692058000000072e+00
3.005119523999999842e+01 9.089732884693513260e-01 1.925108661000000110e+00
3.005125874000000152e+01 9.089917157852405172e-01 1.925569096000000036e+00
2.975398067000000069e+01 1.011576345729231718e+00 1.900593592000000109e+00
2.935580371000000000e+01 1.028558414322078063e+00 1.873232323999999949e+00
2.897974411999999944e+01 1.006151908657914484e+00 1.847302540999999909e+00
2.866858361999999971e+01 9.856047703667656368e-01 1.823144552000000029e+00
2.843058218999999909e+01 9.767749060275100481e-01 1.802381701000000058e+00
2.826323311999999888e+01 9.759380976887865877e-01 1.786548049999999943e+00
2.816352372000000059e+01 9.775675850199893047e-01 1.776444791999999939e+00
2.859050076999999845e+01 9.116556170285411431e-01 1.573937353000000039e+00
2.862030717000000024e+01 9.110931882727938413e-01 1.580206583999999914e+00
2.871034015000000039e+01 9.107711141902237184e-01 1.600385817000000044e+00
2.886360665999999853e+01 9.150177495319005150e-01 1.632050314000000002e+00
2.908586543999999918e+01 9.311924606672291604e-01 1.671381296999999932e+00
2.938329862999999875e+01 9.656308668042864474e-01 1.713667384000000071e+00
2.975330291999999943e+01 1.011776374480502838e+00 1.754389079000000073e+00
3.016138059000000027e+01 1.029587134110773849e+00 1.791065139999999944e+00
3.048477704000000088e+01 9.490689879082819802e-01 1.820709681000000080e+00
3.048487386000000043e+01 9.490727421172610034e-01 1.821667941000000068e+00
3.016150912999999889e+01 1.029735948717225291e+00 1.792900166999999989e+00
2.975331565000000111e+01 1.012001681224847127e+00 1.756693512000000013e+00
2.938315296000000032e+01 9.658755983179327931e-01 1.716726678999999978e+00
2.908558096000000148e+01 9.314204461512527455e-01 1.675214449999999911e+00
2.886325469000000155e+01 9.152051854614888793e-01 1.636157274999999967e+00
2.871002208999999894e+01 9.109039754112836507e-01 1.603898819000000087e+00
2.862011927000000000e+01 9.111622599563546920e-01 1.582238484999999972e+00
2.891224228000000096e+01 7.224098338784844531e-01 1.437504461000000067e+00
2.893967990000000157e+01 7.250160809941700313e-01 1.445905012000000101e+00
2.902328040000000087e+01 7.335320966100845608e-01 1.472494739000000052e+00
2.916776529999999923e+01 7.510255807023862307e-01 1.513956499000000067e+00
2.938152905000000104e+01 7.842362370239567282e-01 1.565073327999999986e+00
2.967456264999999860e+01 8.395441529417662085e-01 1.619591768000000043e+00
3.005034990000000050e+01 9.099339276462374837e-01 1.671871528000000051e+00
3.048459837000000050e+01 9.497075534138932351e-01 1.719682303999999995e+00
3.085847220999999863e+01 8.360030106856792820e-01 1.762750500999999970e+00
3.085859280000000027e+01 8.359511556461605153e-01 1.764569875000000065e+00
3.048473135000000056e+01 9.498574964737466209e-01 1.722722969000000104e+00
3.005035961999999827e+01 9.101532475352905882e-01 1.675308594999999956e+00
2.967443550999999857e+01 8.397805821830446327e-01 1.623736759999999890e+00
2.938129654999999829e+01 7.844610284457919080e-01 1.569910031000000039e+00
2.916749085000000008e+01 7.512155642571867187e-01 1.518903426999999917e+00
2.902304095999999944e+01 7.336699099884905761e-01 1.476604714000000040e+00
2.893954161999999997e+01 7.250887547934958821e-01 1.448243477999999973e+00
2.775145253999999895e+01 7.120305701949155575e-01 2.144598113999999889e+00
2.775405592999999982e+01 7.124659597249120013e-01 2.143894090999999946e+00
2.776980950000000092e+01 7.133893479445656549e-01 2.142657804999999804e+00
2.782354549000000077e+01 7.173607535468407015e-01 2.141836599999999979e+00
2.795524683000000010e+01 7.414610966471371079e-01 2.141223023999999864e+00
2.820769480999999956e+01 8.130342434111891281e-01 2.138680535000000216e+00
2.859327142000000066e+01 9.115872989840397844e-01 2.134831237999999853e+00
2.904984761000000049e+01 9.364601951709514704e-01 2.140090895999999798e+00
2.940243466000000083e+01 8.086045632597265165e-01 2.160947274999999834e+00
2.940242556999999834e+01 8.086703525622477295e-01 2.160671741999999895e+00
2.904976977999999832e+01 9.366567551350557519e-01 2.138867816999999949e+00
2.859306875000000048e+01 9.118788744722559070e-01 2.132868961999999868e+00
2.820734805000000023e+01 8.134000213576735305e-01 2.136863652000000169e+00
2.795479059000000177e+01 7.418651765635358997e-01 2.140249121000000088e+00
2.782307129000000145e+01 7.177583167900369876e-01 2.141730877000000088e+00
2.776942406999999946e+01 7.137163482579466089e-01 2.142983516999999782e+00
2.775384180000000001e+01 7.126520002608476290e-01 2.144187438999999973e+00
2.775390973000000017e+01 7.125886715643193758e-01 2.144276865000000143e+00
2.775798952999999969e+01 7.126283826028519952e-01 2.143621840999999861e+00
2.777809033999999855e+01 7.128733399045711350e-01 2.142501548999999894e+00
2.783860487999999833e+01 7.172402602178747921e-01 2.141682814000000157e+00
2.797801567000000134e+01 7.434806179822229799e-01 2.140767952000000029e+00
2.823617849000000035e+01 8.157865947273009732e-01 2.137774631000000092e+00
2.862291498000000090e+01 9.110563463703492681e-01 2.133788538000000123e+00
2.907686915000000027e+01 9.328821670965247170e-01 2.139137929999999965e+00
2.942671018000000061e+01 8.045715827699840839e-01 2.159869816000000053e+00
2.942671525000000088e+01 8.046249571653816268e-01 2.159595633999999986e+00
2.907682356000000112e+01 9.330722906960937646e-01 2.137948467000000186e+00
2.862274285999999890e+01 9.113588814930825288e-01 2.131905063000000045e+00
2.823584400000000016e+01 8.161672740557485151e-01 2.136052728000000123e+00
2.797754876999999851e+01 7.438912151983466670e-01 2.139874804999999824e+00
2.783810536000000013e+01 7.176399573172278501e-01 2.141639572999999963e+00
2.777767852999999931e+01 7.132035783872151535e-01 2.142874127999999878e+00
2.775775923999999861e+01 7.128174396463340390e-01 2.143941621000000186e+00
2.776944835000000111e+01 7.136580621145077741e-01 2.141815154000000110e+00
2.777787597000000019e+01 7.130226212922436968e-01 2.141188230000000026e+00
2.781064556999999837e+01 7.126585603099643285e-01 2.140067911000000045e+00
2.789039319999999833e+01 7.197783896790516112e-01 2.138770500000000130e+00
2.805079744000000019e+01 7.522024443596074805e-01 2.136607946999999896e+00
2.832365708000000026e+01 8.250229755636540041e-01 2.132295341999999927e+00
2.871267290999999844e+01 9.107724927804085047e-01 2.128062909000000058e+00
2.915913786999999857e+01 9.247141792584155917e-01 2.133725194000000158e+00
2.950141921999999894e+01 7.957303577595923327e-01 2.154112222000000187e+00
2.950143793000000159e+01 7.957697918832262740e-01 2.153851288999999891e+00
2.915912443999999937e+01 9.248921733470354400e-01 2.132648178999999811e+00
2.871253593000000137e+01 9.110735919594321608e-01 2.126418471000000032e+00
2.832334752999999949e+01 8.254039869714889788e-01 2.130859049000000116e+00
2.805033690999999862e+01 7.526059296109909313e-01 2.135962171000000076e+00
2.788988193000000138e+01 7.201640032422260695e-01 2.138919903000000122e+00
2.781021435999999980e+01 7.129767998811118446e-01 2.140583691999999871e+00
2.777763185999999962e+01 7.132059591948551880e-01 2.141588199000000081e+00
2.782287124000000134e+01 7.177442609345229263e-01 2.130844498000000087e+00
2.783807986000000056e+01 7.175115553065104512e-01 2.129915185000000211e+00
2.789008576999999889e+01 7.199011792177625324e-01 2.127870876999999883e+00
2.799747818000000166e+01 7.342647399296806654e-01 2.124752802000000163e+00
2.818571019000000177e+01 7.740836169664143673e-01 2.120206590000000002e+00
2.847587212999999906e+01 8.433464586825683007e-01 2.114343594000000159e+00
2.886555313999999939e+01 9.150348784989075224e-01 2.110362827999999968e+00
2.930087672000000154e+01 9.197303804029565155e-01 2.116691159999999794e+00
2.963282425999999958e+01 7.920034693877443521e-01 2.136538526999999910e+00
2.963285670999999866e+01 7.920282306864901978e-01 2.136324558000000096e+00
2.930089557000000156e+01 9.198923631690787417e-01 2.115823690000000035e+00
2.886545502999999968e+01 9.153228276659567397e-01 2.109106799000000088e+00
2.847559975000000065e+01 8.437119766371428131e-01 2.113371932999999814e+00
2.818527591999999871e+01 7.744650353858177905e-01 2.119985489999999917e+00
2.799697516000000164e+01 7.346181297056162407e-01 2.125245416999999915e+00
2.788964873999999838e+01 7.201870151655532792e-01 2.128641507999999849e+00
2.783782803000000072e+01 7.176757631400796367e-01 2.130456483000000123e+00
2.795411525999999824e+01 7.418145270140261704e-01 2.095607209000000193e+00
2.797703817000000015e+01 7.437390762674449540e-01 2.093959492999999839e+00
2.805004689000000084e+01 7.523263015124472819e-01 2.090100598999999892e+00
2.818527512000000002e+01 7.740993909132267703e-01 2.084640733000000079e+00
2.839834689999999995e+01 8.151980630829903651e-01 2.078420195000000081e+00
2.870089603999999994e+01 8.743517399953277813e-01 2.072771139999999956e+00
2.908730668000000108e+01 9.311739768002715856e-01 2.070632691000000136e+00
2.951001858000000055e+01 9.300344993453439901e-01 2.078155721999999983e+00
2.983207961999999824e+01 8.088513567831631113e-01 2.097162534999999828e+00
2.983212729999999979e+01 8.088622161077789752e-01 2.097046999999999883e+00
2.951007139000000024e+01 9.301796216169422316e-01 2.077600299999999844e+00
2.908725065000000143e+01 9.314402642852592784e-01 2.069880776999999838e+00
2.870067068999999904e+01 8.746873162669240864e-01 2.072394254000000213e+00
2.839795827000000017e+01 8.155431982519946166e-01 2.078766368999999781e+00
2.818480536999999941e+01 7.744076554078042074e-01 2.085608702000000036e+00
2.804962592000000043e+01 7.525643706589162374e-01 2.091225765999999986e+00
2.797679072000000033e+01 7.438719941797855562e-01 2.094696185000000099e+00
2.820594956000000053e+01 8.131682122031674842e-01 2.012154382999999935e+00
2.823459255999999939e+01 8.158574190144408655e-01 2.010336971000000084e+00
2.832231333000000006e+01 8.250056913558447835e-01 2.006566455000000193e+00
2.847486132999999953e+01 8.432680195352141306e-01 2.002307586000000139e+00
2.870033164000000170e+01 8.742846275805514766e-01 1.999094181000000026e+00
2.900522060999999852e+01 9.192285372605792926e-01 1.998022457999999890e+00
2.938412586000000104e+01 9.655455671545403185e-01 2.000379759999999951e+00
2.979605962999999846e+01 9.670835659177009491e-01 2.009635983999999986e+00
3.011309754999999910e+01 8.610013694407078200e-01 2.027060511999999814e+00
3.011316435999999896e+01 8.610017931369230437e-01 2.027110899000000188e+00
2.979615065999999857e+01 9.672162876953834809e-01 2.009496985999999819e+00
2.938411497999999966e+01 9.657875872092839264e-01 2.000212627999999881e+00
2.900504868999999886e+01 9.195259974699975247e-01 1.998309075000000101e+00
2.870000324000000091e+01 8.745853967457521971e-01 2.000081430999999910e+00
2.847444850999999844e+01 8.435300848641215099e-01 2.003821011999999957e+00
2.832193407999999835e+01 8.251996658263588413e-01 2.008095723999999915e+00
2.823436604000000116e+01 8.159612844985981717e-01 2.011293177000000210e+00
2.859084981999999897e+01 9.115863989368218068e-01 1.870764104999999899e+00
2.862065009000000160e+01 9.110114704067150404e-01 1.870601624999999935e+00
2.871065995000000015e+01 9.106781532471848184e-01 1.871902323000000035e+00
2.886389027999999968e+01 9.149206907041360637e-01 1.875603225000000096e+00
2.908610807000000165e+01 9.311019057343966621e-01 1.882115057000000036e+00
2.938350428000000036e+01 9.655572777234933124e-01 1.890763195999999979e+00
2.975348259000000084e+01 1.011727589240507319e+00 1.900396809999999936e+00
3.016154966999999942e+01 1.029565476751005404e+00 1.911576382000000018e+00
3.048494777000000155e+01 9.490593039463244285e-01 1.925706463000000035e+00
3.048504220999999959e+01 9.490565718324772693e-01 1.926040788999999975e+00
3.016168678000000014e+01 1.029698787817759476e+00 1.912011963999999953e+00
2.975351978999999858e+01 1.011950847600273651e+00 1.900919849000000106e+00
2.938338889999999992e+01 9.658191947287906309e-01 1.891785228999999902e+00
2.908584829999999855e+01 9.313629616922352028e-01 1.883805504999999991e+00
2.886355082000000039e+01 9.151486910856166945e-01 1.877714493000000040e+00
2.871034314999999992e+01 9.108474752676931629e-01 1.873867410999999983e+00
2.862045936000000168e+01 9.111019553165953244e-01 1.871788887999999984e+00
2.904687235999999828e+01 9.367152915982983608e-01 1.703339699000000040e+00
2.907403104000000127e+01 9.330854207542482737e-01 1.705971883999999994e+00
2.915654466000000156e+01 9.248701703828718923e-01 1.715377074000000057e+00
2.929864186000000004e+01 9.198784082060194045e-01 1.730919134999999942e+00
2.950827028000000141e+01 9.302469918042451935e-01 1.750887124999999989e+00
2.979492128000000051e+01 9.674148547708003587e-01 1.772283481999999966e+00
3.016106813000000031e+01 1.029927618804457046e+00 1.791380508999999899e+00
3.058016836999999910e+01 1.082669604224871351e+00 1.805462340000000054e+00
3.093275536999999886e+01 1.039236119878202524e+00 1.814882345000000008e+00
3.093289563000000086e+01 1.039241528449448060e+00 1.815804565000000093e+00
3.058036159999999981e+01 1.082824125375300817e+00 1.806823328999999978e+00
3.016115320999999838e+01 1.030141702810835502e+00 1.792835334000000058e+00
2.979486233000000084e+01 9.676532381068253530e-01 1.774229736999999973e+00
2.950808439000000050e+01 9.304877376992468641e-01 1.753454939999999906e+00
2.929838747000000154e+01 9.200974273963425931e-01 1.733789706999999902e+00
2.915630511999999896e+01 9.250401106659544848e-01 1.717904534999999955e+00
2.907388673000000168e+01 9.331791412638906769e-01 1.707458876000000014e+00
2.939922780999999929e+01 8.094760922807503478e-01 1.580166930000000081e+00
2.942360151000000101e+01 8.053837340289928814e-01 1.584879461999999961e+00
2.949853153000000106e+01 7.964831672143916075e-01 1.600541415999999995e+00
2.963029455999999939e+01 7.927374244124236746e-01 1.625509730000000097e+00
2.983006406000000155e+01 8.096514413384041653e-01 1.656673373999999921e+00
3.011175199999999919e+01 8.619471922128776331e-01 1.689649170999999894e+00
3.048436097000000089e+01 9.501064742008341613e-01 1.719772639999999964e+00
3.093279336000000157e+01 1.040045437745696688e+00 1.744307539000000018e+00
3.134860425999999833e+01 1.012036036363006319e+00 1.765263454000000065e+00
3.134880719999999954e+01 1.012021912788856337e+00 1.767513292000000069e+00
3.093301980000000029e+01 1.040213390429492790e+00 1.747078992000000053e+00
3.048446721999999909e+01 9.503012241049870745e-01 1.722371743999999927e+00
3.011173718999999949e+01 8.621619440960820446e-01 1.692637928999999986e+00
2.982995607000000149e+01 8.098801232254536631e-01 1.660218909999999992e+00
2.963014061000000154e+01 7.929576830373238350e-01 1.629244770999999981e+00
2.949838748999999893e+01 7.966608049374955813e-01 1.603728170999999980e+00
2.942351572999999831e+01 8.054836252752747283e-01 1.586725667999999922e+00
2.808505364000000171e+01 2.598126133454922160e-01 2.148483393999999880e+00
2.808828868000000156e+01 2.608985695891854473e-01 2.148805709999999980e+00
2.810535476000000088e+01 2.667041894817107628e-01 2.149998405999999918e+00
2.815894090999999833e+01 2.925580637352196978e-01 2.152144024000000044e+00
2.828625738999999939e+01 3.760691456280488842e-01 2.154427255999999957e+00
2.853040050999999977e+01 5.370878261212428395e-01 2.154918455999999871e+00
2.891468847999999880e+01 7.226080652933138948e-01 2.154677463000000071e+00
2.940188244999999867e+01 8.093763505588086327e-01 2.166439454999999903e+00
2.982724226999999928e+01 5.887006418142397557e-01 2.207759724999999840e+00
2.982725440000000106e+01 5.886726325717835939e-01 2.207662813999999862e+00
2.940187175000000153e+01 8.094479137848612504e-01 2.165869194999999969e+00
2.891462509999999853e+01 7.227531607927647483e-01 2.153826558000000002e+00
2.853028049999999993e+01 5.373236207263758502e-01 2.154174712000000103e+00
2.828609713999999897e+01 3.764230347962836398e-01 2.154018344999999890e+00
2.815877477000000084e+01 2.929895870489921950e-01 2.152050082000000142e+00
2.810522024999999857e+01 2.670818010858740377e-01 2.150063963000000022e+00
2.808821414999999888e+01 2.611134505379221205e-01 2.148879668999999826e+00
2.808822740000000096e+01 2.610164653414007163e-01 2.148201702000000157e+00
2.809270311999999947e+01 2.623039991803979842e-01 2.148579364000000158e+00
2.811343279000000095e+01 2.695461345165777733e-01 2.149898610000000154e+00
2.817278852999999827e+01 2.995081488862006980e-01 2.152083573000000083e+00
2.830684774999999931e+01 3.872774137709468212e-01 2.154128597000000145e+00
2.855633701000000002e+01 5.466819982044842652e-01 2.154150000000000009e+00
2.894200258000000048e+01 7.252279862341279859e-01 2.153559786999999837e+00
2.942615778000000049e+01 8.053312701910084748e-01 2.165069368999999799e+00
2.984655555000000149e+01 5.831589043278738727e-01 2.205479614000000144e+00
2.984658247999999858e+01 5.831093578985994119e-01 2.205381744999999949e+00
2.942617650000000040e+01 8.054025137921689836e-01 2.164514217999999879e+00
2.894196247000000000e+01 7.253946328806933908e-01 2.152738821999999885e+00
2.855622072999999972e+01 5.469401768399254626e-01 2.153440434000000181e+00
2.830667104000000123e+01 3.876314795445069961e-01 2.153750683000000166e+00
2.817259559000000024e+01 2.999251930830353352e-01 2.152016074000000057e+00
2.811327312999999961e+01 2.699149265100097561e-01 2.149984792999999783e+00
2.809261386000000016e+01 2.625165383277199838e-01 2.148664939000000107e+00
2.810517880000000090e+01 2.669149191885006323e-01 2.146187438000000114e+00
2.811331977000000037e+01 2.696433948245105516e-01 2.146635870999999973e+00
2.814477773000000127e+01 2.830941754828164014e-01 2.148046149999999876e+00
2.822063710999999842e+01 3.255909379042467577e-01 2.149916526000000161e+00
2.837328902999999869e+01 4.226491076348278253e-01 2.150868389000000214e+00
2.863677222000000100e+01 5.748289637407222319e-01 2.149383736999999961e+00
2.902539404999999917e+01 7.337341673024091460e-01 2.147812152000000196e+00
2.950090318999999894e+01 7.964581362929173958e-01 2.158529543000000217e+00
2.990796792000000082e+01 5.722201947649567799e-01 2.196262103000000021e+00
2.990800825000000174e+01 5.721526451772627198e-01 2.196165129999999799e+00
2.950094985999999864e+01 7.965263002480836851e-01 2.158023624000000140e+00
2.902537828999999903e+01 7.339125398346574292e-01 2.147082828999999915e+00
2.863666458999999875e+01 5.750929396717607833e-01 2.148776133999999782e+00
2.837310215999999841e+01 4.229778841515851040e-01 2.150580897999999852e+00
2.822042155999999835e+01 3.259592964045662233e-01 2.149924546999999908e+00
2.814459435999999926e+01 2.834265869363528090e-01 2.148190673000000217e+00
2.811321584999999956e+01 2.698402238903138128e-01 2.146754286000000178e+00
2.815856111000000084e+01 2.927332822143486890e-01 2.137484279999999792e+00
2.817247676999999939e+01 2.995873732126981825e-01 2.137747072999999887e+00
2.822044195999999872e+01 3.255842745313320963e-01 2.138465937999999955e+00
2.832048881000000051e+01 3.840130295441159802e-01 2.138746509000000184e+00
2.849847988999999870e+01 4.851615572827682188e-01 2.137239274000000133e+00
2.877912126000000015e+01 6.203453699360583773e-01 2.133419034000000103e+00
2.916957328999999888e+01 7.511705292004692280e-01 2.130593140000000218e+00
2.963237768000000116e+01 7.926775859759923604e-01 2.139933425000000167e+00
3.002192636999999920e+01 5.723176171240565990e-01 2.173372577999999944e+00
3.002197917999999888e+01 5.722367540260978602e-01 2.173293745000000055e+00
2.963245046999999843e+01 7.927404244255065180e-01 2.139519658999999852e+00
2.916958202000000000e+01 7.513494633323877236e-01 2.130014726000000191e+00
2.877902712999999935e+01 6.205989408910030924e-01 2.132979390000000031e+00
2.849829081000000031e+01 4.854479126842775605e-01 2.137105496999999854e+00
2.832025737000000021e+01 3.843035277707837483e-01 2.138884689000000172e+00
2.822023825000000130e+01 3.258401225409657265e-01 2.138710630999999918e+00
2.817235918000000083e+01 2.997421027436363850e-01 2.137921638999999985e+00
2.828552887000000027e+01 3.759618969450682080e-01 2.109667412999999936e+00
2.830619738000000041e+01 3.871213511044202527e-01 2.109290114999999854e+00
2.837276547000000093e+01 4.224587005682016727e-01 2.108175575000000190e+00
2.849815891000000079e+01 4.850125910846352362e-01 2.105675054000000213e+00
2.869999496999999877e+01 5.745974559049655817e-01 2.101306251000000014e+00
2.899411517000000060e+01 6.829688849498950498e-01 2.095705713000000081e+00
2.938291574999999867e+01 7.842560920441680183e-01 2.092190630000000162e+00
2.983172867000000039e+01 8.094546603390632145e-01 2.099566026000000196e+00
3.020523396000000105e+01 6.067301118166217311e-01 2.127139655000000129e+00
3.020529970000000120e+01 6.066424268947152587e-01 2.127108763999999930e+00
2.983182641999999873e+01 8.095113345139800520e-01 2.099291888000000217e+00
2.938294836000000032e+01 7.844252375077163109e-01 2.091812290000000019e+00
2.899403832999999864e+01 6.831980966533769406e-01 2.095486208000000072e+00
2.869981243999999876e+01 5.748349005485881014e-01 2.101379614999999923e+00
2.849792177999999865e+01 4.852231311724610197e-01 2.105991643999999940e+00
2.837254902999999828e+01 4.226225397755412616e-01 2.108557595000000173e+00
2.830606974000000164e+01 3.872147855406917194e-01 2.109541527999999833e+00
2.852914649999999952e+01 5.366174075513673314e-01 2.042654934999999838e+00
2.855517561999999998e+01 5.462104719601525993e-01 2.041719062999999945e+00
2.863575647000000046e+01 5.743829534142053106e-01 2.039332028000000019e+00
2.877832644000000073e+01 6.199832260202532419e-01 2.035680791999999961e+00
2.899365329000000102e+01 6.827701653782630720e-01 2.031210850999999984e+00
2.929226115999999891e+01 7.609937357133023106e-01 2.026728413999999923e+00
2.967541469000000021e+01 8.394081441983314296e-01 2.024085234999999816e+00
3.011286533000000176e+01 8.615382877933633887e-01 2.028694520000000168e+00
3.047826682000000176e+01 6.942278802067386456e-01 2.048013070000000102e+00
3.047834866000000176e+01 6.941400998642621722e-01 2.048073946000000145e+00
3.011298904999999948e+01 8.615911782863968638e-01 2.028614516000000201e+00
2.967547058999999976e+01 8.395607511964471303e-01 2.023947479999999910e+00
2.929220420000000047e+01 7.611903371908331772e-01 2.026763898000000008e+00
2.899348588999999876e+01 6.829619394650700004e-01 2.031525381999999880e+00
2.877809678999999932e+01 6.201372648963652257e-01 2.036205573999999796e+00
2.863554011000000088e+01 5.744868419081079480e-01 2.039872642999999819e+00
2.855504553999999828e+01 5.462624330126251149e-01 2.042058373999999787e+00
2.891280461999999929e+01 7.220281957216758695e-01 1.925113838999999993e+00
2.894022254000000061e+01 7.246548963817639466e-01 1.924827566999999906e+00
2.902377952000000150e+01 7.331984884973103966e-01 1.924627394000000047e+00
2.916820355000000120e+01 7.507260149490019296e-01 1.924872117000000049e+00
2.938190176999999892e+01 7.839784674748461191e-01 1.925688784999999958e+00
2.967487898999999985e+01 8.393356812268609746e-01 1.926588294000000090e+00
3.005063021000000134e+01 9.097771097648038596e-01 1.926728280000000071e+00
3.048486971999999895e+01 9.495871330149734391e-01 1.926890860000000094e+00
3.085875150000000033e+01 8.358329681346428064e-01 1.932271829999999913e+00
3.085885919000000044e+01 8.357500344437249762e-01 1.932517802000000007e+00
3.048502488999999827e+01 9.496448138589987931e-01 1.927103575000000069e+00
3.005071028000000055e+01 9.099124230100321675e-01 1.926893876999999922e+00
2.967484491000000091e+01 8.395005118466987160e-01 1.926924550999999930e+00
2.938175873000000138e+01 7.841371252988790230e-01 1.926284040999999947e+00
2.916799689000000129e+01 7.508540870829075731e-01 1.925637510000000052e+00
2.902358019000000056e+01 7.332849816963539213e-01 1.925347732999999950e+00
2.894010108999999886e+01 7.246976517499624793e-01 1.925264354999999927e+00
2.939946686000000042e+01 8.091446089200946545e-01 1.781811169000000028e+00
2.942384171999999865e+01 8.050800613474580203e-01 1.783339094000000014e+00
2.949875941000000168e+01 7.962148232343814191e-01 1.788480829999999910e+00
2.963049834999999987e+01 7.925067114937152102e-01 1.796815507000000034e+00
2.983023864000000103e+01 8.094588894113902144e-01 1.807117384999999965e+00
3.011190020000000089e+01 8.617929024864358079e-01 1.816853658000000094e+00
3.048449164000000167e+01 9.499863784002335887e-01 1.821864413999999988e+00
3.093291595999999899e+01 1.039937655879928702e+00 1.816023312000000001e+00
3.134870781000000051e+01 1.011843120776145577e+00 1.793774234000000023e+00
3.134887236999999871e+01 1.011781038438345437e+00 1.794535720000000056e+00
3.093311573000000081e+01 1.040014313908421029e+00 1.816802033000000094e+00
3.048459869999999938e+01 9.501023358872856539e-01 1.822498699000000055e+00
3.011189539000000082e+01 8.619318896113870032e-01 1.817616174000000084e+00
2.983013491000000172e+01 8.096064817292575322e-01 1.808108137000000060e+00
2.963033688000000154e+01 7.926439599389687451e-01 1.797927835000000085e+00
2.949860011000000171e+01 7.963216001531644439e-01 1.789465692000000052e+00
2.942374373999999904e+01 8.051386533694988579e-01 1.783920632000000062e+00
2.982465668000000036e+01 5.893042159868436825e-01 1.679401469999999952e+00
2.984403654999999844e+01 5.836974459933084169e-01 1.682494351000000110e+00
2.990560243999999912e+01 5.726985918988627411e-01 1.692429326999999928e+00
3.001983346999999824e+01 5.728172107107282196e-01 1.708287383999999909e+00
3.020357707999999874e+01 6.074064616438350495e-01 1.728033165000000038e+00
3.047723539000000059e+01 6.952193396993372465e-01 1.748226639999999943e+00
3.085849413000000041e+01 8.371457851002627182e-01 1.763937748000000028e+00
3.134915821999999963e+01 1.013266406938141628e+00 1.766980301999999892e+00
3.187691776999999860e+01 1.146988832061978325e+00 1.727125334999999984e+00
3.187724942999999911e+01 1.147079556030960790e+00 1.730286143000000054e+00
3.134939595000000168e+01 1.013304635299536738e+00 1.769010763000000042e+00
3.085861415999999835e+01 8.371788826160545538e-01 1.765321055000000028e+00
3.047726700000000122e+01 6.952942855108070752e-01 1.749594891000000096e+00
3.020354323000000107e+01 6.075345596587414798e-01 1.729582001000000036e+00
3.001976280999999958e+01 5.729797310893469664e-01 1.709911627999999961e+00
2.990552866000000165e+01 5.728504933542165611e-01 1.693827584999999969e+00
2.984399043000000162e+01 5.837890186423480010e-01 1.683312383000000079e+00
