3.367781572999999895e+01 0.000000000000000000e+00 8.877388043999999701e-01
3.370646529999999785e+01 8.428171248017837791e-02 8.881983221000000484e-01
3.378809412999999751e+01 1.558624243237386464e-01 8.892222477000000236e-01
3.391043444999999679e+01 2.041036511570727685e-01 8.912759663000000554e-01
3.405532413000000247e+01 2.223711516752272521e-01 8.948845927999999894e-01
3.420189251000000041e+01 2.093574483991337831e-01 9.002326784999999942e-01
3.433021605999999792e+01 1.690381558035057574e-01 9.067071858999999900e-01
3.442436450999999664e+01 1.089293080702146838e-01 9.127712374999999989e-01
3.447391108000000060e+01 3.750414452576653762e-02 9.164849376999999464e-01
3.370811780999999741e+01 8.427577144004330667e-02 2.125452772000000046e+00
3.365600730999999968e+01 5.588757913510539882e-02 1.474134918000000072e+00
3.365952269000000285e+01 1.860438440473182187e-01 1.453239833000000036e+00
3.371654885000000235e+01 3.403036017609052943e-01 1.468618154999999925e+00
3.381316635999999676e+01 4.791115909211545176e-01 1.517492445000000023e+00
3.393199707000000132e+01 5.881421773009755105e-01 1.602685821999999982e+00
3.405248790000000270e+01 6.539953886245700732e-01 1.726217321000000027e+00
3.415185847000000052e+01 6.755192319659347744e-01 1.871718803000000042e+00
3.420853343000000280e+01 6.730900807596689184e-01 1.981866289999999919e+00
3.378972095999999681e+01 1.558169009000800742e-01 2.121840778999999788e+00
3.365996063000000049e+01 1.875296433295109422e-01 1.528182068000000005e+00
3.356761731999999654e+01 1.354627097621238785e-01 1.472536314999999929e+00
3.352789271999999698e+01 2.438630189548429694e-01 1.472791771000000027e+00
3.352977538999999751e+01 3.899260507023286082e-01 1.510159271000000025e+00
3.356155598000000140e+01 5.333214295062778110e-01 1.579374001999999999e+00
3.361111147999999815e+01 6.594797836996577622e-01 1.677367080000000010e+00
3.366345017999999811e+01 7.531754555485569158e-01 1.791595813999999898e+00
3.369853252000000055e+01 8.016895200061286975e-01 1.878861638999999917e+00
3.391201026000000240e+01 2.040283950854435147e-01 2.116235141999999847e+00
3.371714271999999823e+01 3.422088227900115243e-01 1.573482808999999927e+00
3.352787431000000140e+01 2.441379274375832242e-01 1.471776326000000079e+00
3.338905565999999681e+01 2.449549899912944473e-01 1.445507944999999905e+00
3.329239863000000099e+01 3.401914948683926188e-01 1.466068517000000071e+00
3.322895995999999741e+01 4.657789630380936852e-01 1.526421884999999978e+00
3.319142240000000044e+01 5.913688372645927727e-01 1.620592261999999950e+00
3.317354971000000319e+01 6.989232112026873001e-01 1.732100857999999910e+00
3.316809067999999883e+01 7.645924128651457874e-01 1.816514390999999895e+00
3.405682480000000112e+01 2.222610398526874698e-01 2.110503721000000166e+00
3.381374956999999881e+01 4.813884824797837192e-01 1.628849688999999934e+00
3.352953408999999851e+01 3.903249749870870700e-01 1.476780530999999952e+00
3.329209584000000177e+01 3.401830863677479666e-01 1.417710779000000088e+00
3.309920429000000297e+01 3.642574237693263495e-01 1.414960897000000051e+00
3.294478534999999653e+01 4.377536681279147190e-01 1.463097627000000012e+00
3.282391686999999791e+01 5.268804332289839243e-01 1.558125304999999905e+00
3.273560112999999916e+01 6.104906589979488540e-01 1.681201222999999967e+00
3.268612519999999932e+01 6.656335185777628727e-01 1.777402563000000102e+00
3.420329850000000249e+01 2.092241876174291970e-01 2.105867685999999850e+00
3.393237219000000238e+01 5.905328377339085222e-01 1.694156431999999990e+00
3.356093340000000325e+01 5.338897527537993515e-01 1.493404307999999903e+00
3.322814240000000297e+01 4.658385432607075605e-01 1.398017387999999972e+00
3.294418868999999717e+01 4.377124368954277145e-01 1.365418266999999908e+00
3.270829668999999740e+01 4.493835627318285009e-01 1.392974672000000025e+00
3.251737117999999782e+01 4.814959462832628101e-01 1.484543321999999943e+00
3.237099754999999845e+01 5.157995680148943496e-01 1.627486882999999995e+00
3.228322441000000254e+01 5.373389719106029805e-01 1.751128393999999977e+00
3.433152086999999852e+01 1.689058889060499336e-01 2.102916514999999986e+00
3.405238608999999883e+01 6.561637776444509962e-01 1.759560004999999983e+00
3.360994292000000172e+01 6.602141155603279410e-01 1.519446303000000054e+00
3.318990474999999662e+01 5.915901424469766079e-01 1.388244495999999994e+00
3.282245728000000184e+01 5.269236579922439434e-01 1.321315792000000044e+00
3.251637259999999685e+01 4.815242354868758401e-01 1.316267614999999891e+00
3.227261894000000098e+01 4.513710141728182190e-01 1.387755658999999975e+00
3.208853718999999671e+01 4.256486459255591770e-01 1.549771594999999946e+00
3.197469451999999990e+01 3.973351910632982875e-01 1.728280974000000025e+00
3.442558233999999828e+01 1.088305805584596220e-01 2.101504669000000103e+00
3.415104819999999819e+01 6.773743475874622888e-01 1.810889873000000039e+00
3.366161154000000266e+01 7.540440654014982647e-01 1.546143641000000013e+00
3.317123485999999843e+01 6.993287772717317052e-01 1.385771045000000035e+00
3.273314131000000060e+01 6.106861444234011893e-01 1.286696673000000013e+00
3.236870732999999944e+01 5.159457792888680894e-01 1.240070543000000081e+00
3.208689281000000193e+01 4.258676185078648091e-01 1.259532973000000000e+00
3.188743859999999941e+01 3.408645094449322954e-01 1.397853556999999913e+00
3.176694833000000173e+01 2.576159357802004779e-01 1.684539294999999992e+00
3.447507824000000198e+01 3.746745328547339965e-02 2.101046654000000125e+00
3.420711562000000328e+01 6.748418172574971452e-01 1.838012060000000059e+00
3.369615052000000333e+01 8.026596615801568912e-01 1.562567401999999994e+00
3.316517231000000265e+01 7.651131351714001161e-01 1.385988425000000079e+00
3.268292093000000165e+01 6.658984502867847377e-01 1.267564504000000092e+00
3.227990969999999749e+01 5.374625673020881900e-01 1.189426254000000016e+00
3.197143339000000140e+01 3.974526258905677345e-01 1.146127297999999906e+00
3.176407435999999862e+01 2.580925631867672654e-01 1.151357669000000028e+00
3.165851263000000060e+01 1.282315447860156166e-01 1.403603010999999956e+00
3.370647292999999678e+01 8.425667579026295539e-02 8.705180202000000200e-01
3.365735645000000176e+01 5.595721108413508754e-02 2.137659375000000139e+00
3.366084756000000056e+01 1.860301219987947619e-01 2.101414720000000180e+00
3.371771657000000033e+01 3.400796372401247436e-01 2.011197106000000012e+00
3.381404270000000167e+01 4.786523491310563094e-01 1.868813134999999903e+00
3.393244287000000270e+01 5.874243251876343219e-01 1.679222905000000043e+00
3.405237609999999648e+01 6.530689487474897748e-01 1.456715597999999945e+00
3.415113345999999694e+01 6.745528937675759895e-01 1.236724925000000086e+00
3.420731693999999834e+01 6.722647561346672962e-01 1.087641738000000080e+00
3.420718254999999886e+01 6.724017177958505620e-01 1.084928118000000108e+00
3.415075044000000304e+01 6.748809675895887095e-01 1.228904575999999915e+00
3.405179502000000014e+01 6.534256018140121025e-01 1.444647951000000097e+00
3.393172683000000234e+01 5.876963349987782692e-01 1.664002320000000035e+00
3.381325045999999901e+01 4.788157348587574469e-01 1.851504696999999977e+00
3.371689168999999708e+01 3.401620257939992897e-01 1.992740251000000073e+00
3.366001593000000014e+01 1.860672396213613189e-01 2.082636282999999811e+00
3.365652872999999801e+01 5.597508138515311371e-02 2.119338745999999940e+00
3.365331463999999784e+01 5.606753150778106404e-02 1.485533849000000073e+00
3.368144423999999759e+01 1.004437570143347919e-01 1.380590025999999915e+00
3.365437775000000187e+01 6.605863889898448693e-02 1.842772577000000078e+00
3.366913766999999780e+01 2.166322955433925002e-01 1.794973141999999910e+00
3.372019439999999690e+01 3.755786949013448783e-01 1.743699834999999920e+00
3.379370658999999932e+01 5.257383009852709677e-01 1.687108126000000041e+00
3.387383324000000329e+01 6.530020978894679473e-01 1.629484511000000024e+00
3.394286476999999991e+01 7.429126399281611448e-01 1.580437059000000088e+00
3.398320955999999882e+01 7.878199627888079482e-01 1.551253701000000040e+00
3.398311805000000163e+01 7.878763760518725512e-01 1.549318959000000051e+00
3.394260734000000213e+01 7.430457483422676646e-01 1.574923282999999952e+00
3.387345281000000341e+01 6.531430115825261895e-01 1.621129432000000037e+00
3.379325242000000173e+01 5.258442775077472042e-01 1.676823055999999923e+00
3.371970628999999775e+01 3.756420868252234313e-01 1.732395577999999992e+00
3.366864211000000040e+01 2.166573422093328039e-01 1.783645715000000020e+00
3.365389308000000312e+01 6.601984661828338985e-02 1.833415978999999973e+00
3.368155603999999670e+01 1.006097748092215083e-01 1.451631423000000032e+00
3.365719923999999708e+01 1.875925553515616073e-01 1.528835466000000087e+00
3.365135934999999989e+01 6.787693700729975632e-02 1.388977742000000015e+00
3.359482713999999959e+01 1.584087997417024940e-01 1.469221788999999889e+00
3.354266021000000109e+01 2.132567068731765492e-01 1.545465888999999926e+00
3.351759934999999757e+01 3.219660113389603562e-01 1.593836446000000073e+00
3.351425022000000098e+01 4.600881166169643044e-01 1.635499291999999993e+00
3.352435277000000013e+01 6.029126147750876186e-01 1.674075495999999941e+00
3.353930732999999975e+01 7.264412818311599684e-01 1.707394448999999925e+00
3.355014973000000111e+01 8.006465658612516023e-01 1.727825364000000086e+00
3.355007524999999902e+01 8.006817454652083166e-01 1.726521081000000013e+00
3.353911399999999787e+01 7.265125595127395197e-01 1.703841638999999963e+00
3.352410521000000188e+01 6.029490553991535551e-01 1.669105158999999894e+00
3.351400857000000144e+01 4.600210184181348638e-01 1.630039816000000030e+00
3.351740975999999961e+01 3.217336031361076043e-01 1.588844439999999913e+00
3.354257426000000208e+01 2.128682768152925786e-01 1.542225546000000058e+00
3.359496156000000155e+01 1.584502048825562337e-01 1.470243544999999985e+00
3.365183286999999979e+01 6.800596189497666588e-02 1.395391349000000059e+00
3.371477094000000108e+01 3.428072339728036599e-01 1.570453349000000109e+00
3.366672796999999662e+01 2.188305816115214408e-01 1.448922188000000055e+00
3.354175641999999868e+01 2.113643895948677520e-01 1.416569865000000039e+00
3.341512832000000088e+01 2.576897254201222509e-01 1.444335702999999915e+00
3.331012096999999983e+01 3.300860090603789931e-01 1.493329053999999934e+00
3.322567175999999733e+01 4.288371254458778203e-01 1.559523615999999890e+00
3.315835129999999964e+01 5.434298699614698025e-01 1.636037591000000013e+00
3.310798010999999974e+01 6.556635732033393449e-01 1.709032662999999896e+00
3.307947679000000107e+01 7.307642342186430051e-01 1.755663717000000013e+00
3.307940324999999859e+01 7.307910291085403243e-01 1.754707623000000050e+00
3.310780368000000351e+01 6.557162678658522426e-01 1.706570163000000084e+00
3.315815860000000015e+01 5.434486896660378763e-01 1.632926655999999976e+00
3.322553108999999694e+01 4.287845379347032804e-01 1.556609128000000064e+00
3.331007513000000131e+01 3.300017559305144510e-01 1.491397083999999928e+00
3.341521919000000196e+01 2.577445570003618069e-01 1.444337486000000004e+00
3.354205888999999985e+01 2.117563250833309207e-01 1.419969478999999923e+00
3.366725330999999954e+01 2.189469888232428996e-01 1.456112776000000109e+00
3.381217840000000052e+01 4.826127416294340722e-01 1.625078142000000003e+00
3.371835111000000040e+01 3.781008979913491053e-01 1.504885406000000092e+00
3.351631017999999784e+01 3.214788466902951947e-01 1.416103770000000095e+00
3.330942277999999845e+01 3.294828945278478471e-01 1.391879150999999926e+00
3.312463254000000035e+01 3.720539435610202839e-01 1.413845519999999967e+00
3.296352382999999975e+01 4.326124623604324926e-01 1.477156718999999896e+00
3.282428843000000285e+01 5.018845570250871635e-01 1.573015249000000004e+00
3.271088260999999875e+01 5.728375554892638499e-01 1.678184963999999946e+00
3.264152623999999747e+01 6.233843751815586476e-01 1.750000642999999911e+00
3.264143918999999983e+01 6.234051910565878707e-01 1.749281217000000055e+00
3.271068704000000338e+01 5.728925726568622201e-01 1.676471918000000061e+00
3.282410271999999907e+01 5.019376069774839078e-01 1.571147182999999892e+00
3.296342571000000277e+01 4.326552345268614430e-01 1.475819819999999893e+00
3.312465648999999956e+01 3.721451300473591073e-01 1.413599491000000041e+00
3.330959436999999923e+01 3.296987435719938020e-01 1.393384343999999997e+00
3.351667645999999934e+01 3.217591243419551938e-01 1.420357788000000010e+00
3.371891037000000324e+01 3.782144940715559955e-01 1.512217646999999943e+00
3.393202346000000347e+01 5.925010357615276835e-01 1.692166470999999950e+00
3.379246836000000087e+01 5.285960045918067784e-01 1.567017944999999912e+00
3.351271825999999976e+01 4.606918627718112336e-01 1.436175049999999898e+00
3.322432079000000016e+01 4.285921805473704160e-01 1.365241587000000090e+00
3.296268163999999956e+01 4.323731645962730630e-01 1.349536500999999999e+00
3.273415427999999849e+01 4.546272297911951310e-01 1.391549055000000035e+00
3.253753092000000180e+01 4.776795142981823394e-01 1.492371080999999933e+00
3.237501135000000119e+01 4.944063903399207316e-01 1.630663479999999943e+00
3.227116395000000182e+01 5.000123605123522053e-01 1.737495632999999984e+00
3.227104632999999723e+01 5.000227420962582991e-01 1.736952427999999937e+00
3.237476386000000161e+01 4.944804688646903257e-01 1.629539094999999937e+00
3.253732327000000168e+01 4.777971348508430194e-01 1.491428817000000073e+00
3.273407186000000024e+01 4.547696855489619661e-01 1.391231968999999902e+00
3.296274418000000139e+01 4.325563588612480470e-01 1.350191549999999907e+00
3.322453713000000164e+01 4.288058629006395450e-01 1.367359148000000024e+00
3.351311949000000112e+01 4.608678480316885095e-01 1.440556860000000050e+00
3.379305609000000032e+01 5.287185580062039314e-01 1.574097614999999895e+00
3.405365539999999669e+01 6.588552289716996802e-01 1.761749830999999933e+00
3.387320817999999889e+01 6.560689285553955585e-01 1.632045973000000094e+00
3.352263874999999871e+01 6.041003896931822492e-01 1.469044942000000020e+00
3.315637147000000340e+01 5.437517759002777895e-01 1.358407412999999897e+00
3.282249233000000288e+01 5.018731853082242234e-01 1.301493207000000041e+00
3.253635028000000062e+01 4.776663064633583922e-01 1.304985746999999918e+00
3.230026038999999827e+01 4.561432547064680487e-01 1.385799991999999925e+00
3.211116347000000104e+01 4.230483425238854012e-01 1.552760340999999933e+00
3.198590340000000154e+01 3.749311716459209909e-01 1.720784920999999912e+00
3.198572757999999894e+01 3.749142025515046495e-01 1.720354815999999953e+00
3.211083364999999645e+01 4.231658104228760986e-01 1.552127835000000067e+00
3.230002858999999660e+01 4.563292909320681434e-01 1.385505144999999994e+00
3.253628770000000259e+01 4.778656849268455020e-01 1.305165287999999979e+00
3.282259186000000284e+01 5.020639860613751448e-01 1.302399976000000015e+00
3.315662614000000019e+01 5.439052473007619515e-01 1.360505598000000038e+00
3.352307022000000103e+01 6.042052203241717878e-01 1.473092725999999963e+00
3.387382374999999968e+01 6.562016888795093594e-01 1.638619481000000100e+00
3.415409219000000007e+01 6.804634248030134724e-01 1.818609323000000000e+00
3.394276605000000302e+01 7.459970957659740609e-01 1.688194189000000067e+00
3.353745102999999972e+01 7.278155113452203784e-01 1.504682011999999958e+00
3.310545249999999839e+01 6.563401119761987923e-01 1.365456377999999971e+00
3.270817370999999696e+01 5.731530239013632455e-01 1.273154587999999920e+00
3.237249823999999876e+01 4.946052220862937610e-01 1.229442560999999934e+00
3.210936870999999826e+01 4.233362223646219280e-01 1.251477919000000050e+00
3.191777712000000022e+01 3.495512903904970381e-01 1.395123740999999917e+00
3.179314125000000146e+01 2.591205577758668444e-01 1.680581896999999936e+00
3.179284373000000130e+01 2.590474765481165509e-01 1.680122297000000042e+00
3.191737773999999916e+01 3.497356022710015333e-01 1.394961708999999939e+00
3.210917728999999810e+01 4.235283666648058665e-01 1.251406964000000066e+00
3.237250201999999888e+01 4.947834776023505854e-01 1.229533656999999947e+00
3.270833505000000230e+01 5.732892982305881624e-01 1.273767027999999968e+00
3.310575718999999850e+01 6.564207116788179919e-01 1.367116502000000011e+00
3.353791814000000215e+01 7.278694867159872794e-01 1.508167049000000093e+00
3.394340807999999754e+01 7.461337500761596742e-01 1.694192311999999978e+00
3.421142755999999707e+01 6.779430113780764433e-01 1.849955921000000059e+00
3.398343604000000084e+01 7.908192690404917125e-01 1.721014704999999978e+00
3.354821747999999815e+01 8.019918787183587527e-01 1.528588908999999996e+00
3.307662145999999836e+01 7.315154344300598410e-01 1.375305132999999902e+00
3.263824438999999700e+01 6.237909769541459815e-01 1.263759767999999895e+00
3.226772302999999908e+01 5.002018617475848528e-01 1.187608647000000017e+00
3.198250742000000102e+01 3.750701823542060276e-01 1.144460797000000030e+00
3.179014438000000098e+01 2.596737202677183998e-01 1.148425795000000083e+00
3.169100587999999874e+01 1.588562018638878526e-01 1.399854334999999894e+00
3.169047907999999936e+01 1.589466516551568120e-01 1.400103601000000086e+00
3.178995416000000063e+01 2.597127153579959491e-01 1.148352078999999915e+00
3.198251601999999849e+01 3.751887183013301041e-01 1.144020489999999945e+00
3.226786503999999667e+01 5.003126169717894145e-01 1.187243454000000087e+00
3.263849736000000235e+01 6.238586462783378694e-01 1.263896166999999959e+00
3.307698599999999800e+01 7.315375989924559619e-01 1.376492778000000028e+00
3.354872029999999938e+01 8.020125406927481881e-01 1.531614752000000079e+00
3.398409568000000291e+01 7.909538156046378443e-01 1.726615675999999988e+00
3.378806388000000283e+01 1.557954508286818474e-01 8.716528842999999860e-01
3.366118329999999759e+01 1.871770773087962636e-01 2.098453745000000037e+00
3.356892584999999940e+01 1.355034712258882390e-01 2.107849515999999923e+00
3.352912959999999742e+01 2.438086652182534508e-01 2.063242944999999828e+00
3.353080601999999999e+01 3.897084983574785610e-01 1.966496430999999934e+00
3.356224747000000264e+01 5.329637529083683933e-01 1.818913027000000016e+00
3.361133602000000309e+01 6.590108473328899485e-01 1.627632372999999966e+00
3.366312629000000101e+01 7.526487707984447217e-01 1.421786988000000029e+00
3.369773144999999914e+01 8.011776471955234236e-01 1.273613333999999986e+00
3.369755466000000155e+01 8.012284357969314819e-01 1.269410570000000016e+00
3.366264615000000049e+01 7.527525746572369947e-01 1.410283393000000052e+00
3.361065640999999715e+01 6.591006662158324092e-01 1.611186419999999897e+00
3.356145972000000199e+01 5.330211498879664500e-01 1.799753018999999954e+00
3.352996925000000061e+01 3.897420471506970463e-01 1.946276531000000087e+00
3.352827829999999665e+01 2.438296606729894456e-01 2.043166424999999897e+00
3.356807869000000011e+01 1.355234364069425324e-01 2.088848925999999828e+00
3.366034917000000348e+01 1.872065516477868508e-01 2.081373344999999819e+00
3.365710698000000178e+01 1.872650644504495476e-01 1.452967267000000007e+00
3.365250376000000188e+01 6.784892255824837015e-02 1.826404104999999944e+00
3.359614898000000238e+01 1.584663839036466737e-01 2.105791481999999881e+00
3.354364712000000281e+01 2.125523207823573624e-01 2.040017521999999861e+00
3.351829526000000214e+01 3.214172718250015159e-01 1.935590421999999977e+00
3.351465180000000288e+01 4.597557843265215882e-01 1.808882403999999999e+00
3.352444823999999812e+01 6.026842729495966999e-01 1.666749473999999953e+00
3.353911189000000093e+01 7.262149471110207477e-01 1.530169582999999944e+00
3.354974232000000001e+01 8.003795071765412716e-01 1.440042964999999953e+00
3.354960089000000067e+01 8.004048665948977348e-01 1.436611607999999984e+00
3.353872120999999851e+01 7.262784648808880972e-01 1.520590062999999992e+00
3.352388159000000201e+01 6.027707377785794796e-01 1.652645912000000106e+00
3.351397675999999848e+01 4.598699749971864592e-01 1.791928371000000020e+00
3.351755362000000105e+01 3.215757245095470784e-01 1.917108264999999978e+00
3.354285449999999713e+01 2.127325423286413886e-01 2.020963233999999886e+00
3.359530012999999826e+01 1.584771218389757763e-01 2.087041822000000213e+00
3.365185216999999795e+01 6.766711295519996228e-02 1.817944350000000098e+00
3.356483572999999865e+01 1.355315455672584934e-01 1.468382156999999966e+00
3.359207348999999709e+01 1.585104995566670727e-01 1.466658392999999894e+00
3.366955420000000032e+01 2.040120267033308510e-01 1.363757697999999907e+00
3.356128308000000260e+01 1.554191986406266435e-01 1.847593414999999961e+00
3.346690287999999924e+01 2.111455321267884655e-01 1.804710475999999897e+00
3.338711340999999777e+01 3.477297835945825089e-01 1.755173837000000070e+00
3.331896043999999790e+01 5.057256336003974617e-01 1.698879008000000024e+00
3.326459864000000266e+01 6.500610202802431514e-01 1.642758699000000044e+00
3.323261212999999969e+01 7.404125275780377713e-01 1.604011292000000033e+00
3.323249391000000230e+01 7.404201339978824237e-01 1.601508582999999986e+00
3.326427825999999754e+01 6.500822744232613859e-01 1.635817846999999992e+00
3.331851123999999942e+01 5.057554811187425781e-01 1.688772611000000090e+00
3.338660297999999926e+01 3.477602630943097961e-01 1.743238384999999946e+00
3.346637710000000254e+01 2.111710701727822215e-01 1.792163292999999991e+00
3.356077152999999669e+01 1.554514742219285928e-01 1.835981939999999923e+00
3.366965435000000184e+01 2.040146102730863165e-01 1.433640081999999927e+00
3.359206625000000201e+01 1.585135178773157127e-01 1.467775301000000088e+00
3.352522359000000307e+01 2.445076535815846053e-01 1.466196137000000066e+00
3.353952550999999715e+01 2.129563571698298019e-01 1.413147702999999922e+00
3.355758808000000215e+01 1.551247572323991575e-01 1.288761644000000040e+00
3.348942113999999748e+01 2.865882411147206987e-01 1.439828311000000083e+00
3.335590179999999805e+01 3.067443363915832166e-01 1.587857018000000009e+00
3.321215620000000257e+01 3.548512167983133292e-01 1.650367687999999999e+00
3.307211502999999908e+01 4.519595005348958638e-01 1.676597585999999973e+00
3.295039251000000036e+01 5.615311759331542696e-01 1.681702012999999996e+00
3.287477327999999943e+01 6.350100097292793455e-01 1.676897050000000000e+00
3.287466277000000048e+01 6.350010782984238933e-01 1.675007852000000019e+00
3.295010659999999802e+01 5.615180334993101763e-01 1.676665971000000033e+00
3.307175146000000154e+01 4.519359308834387523e-01 1.669824850999999999e+00
3.321181402999999932e+01 3.547607274815672840e-01 1.643477701999999985e+00
3.335568459000000274e+01 3.065727112314933778e-01 1.582874298999999985e+00
3.348951071999999840e+01 2.866451951937001308e-01 1.440167342000000072e+00
3.355802391999999656e+01 1.550534835445518678e-01 1.294135250000000070e+00
3.353974836999999809e+01 2.133927183726966048e-01 1.416233692999999905e+00
3.352741404999999730e+01 3.912442463605561027e-01 1.471291605000000002e+00
3.351469010000000281e+01 3.228872016698332570e-01 1.412616129000000109e+00
3.346351969999999909e+01 2.117362956651874517e-01 1.309733285000000080e+00
3.335404021000000085e+01 3.052892492847498751e-01 1.313316954000000036e+00
3.319709071999999850e+01 3.903748396522240260e-01 1.410199906999999975e+00
3.301545414999999650e+01 4.238182396886444048e-01 1.519831090000000051e+00
3.282538136000000151e+01 4.543079033987726389e-01 1.612650099999999975e+00
3.264986803000000037e+01 4.930243509688835291e-01 1.675618907999999907e+00
3.253536479000000270e+01 5.161643900552959074e-01 1.703639377000000010e+00
3.253524945000000201e+01 5.161339069502697274e-01 1.702199304999999940e+00
3.264958811000000338e+01 4.929929531649138164e-01 1.672037699000000099e+00
3.282507507999999774e+01 4.543013254907521392e-01 1.608508315999999994e+00
3.301525467999999819e+01 4.238166986163275918e-01 1.516783750999999958e+00
3.319710850999999963e+01 3.904621656011215691e-01 1.409768552000000064e+00
3.335434646000000214e+01 3.055079668583352004e-01 1.316416564999999927e+00
3.346400380000000041e+01 2.117603543744593364e-01 1.315003179000000078e+00
3.351502307999999886e+01 3.231827976832641891e-01 1.416415352000000016e+00
3.355972734000000202e+01 5.353275030860641381e-01 1.489592479999999997e+00
3.351180478999999934e+01 4.617722653458345428e-01 1.433803777000000057e+00
3.338407781000000085e+01 3.488256558139319896e-01 1.336915266000000102e+00
3.320960099999999926e+01 3.544844035398967419e-01 1.284820094000000079e+00
3.301397816000000063e+01 4.233845595803955586e-01 1.303041899999999975e+00
3.280782459000000273e+01 4.666386206130852532e-01 1.387037005999999906e+00
3.259448196000000308e+01 4.724929468667684040e-01 1.514641026999999918e+00
3.238850072000000324e+01 4.524501867265426358e-01 1.639156073000000102e+00
3.224530135999999914e+01 4.069451157440132083e-01 1.709476889999999916e+00
3.224516570000000115e+01 4.068816719300916152e-01 1.708390757999999954e+00
3.238819893000000150e+01 4.524362227845990514e-01 1.636781462999999937e+00
3.259421599000000214e+01 4.725706005098148643e-01 1.512589648000000064e+00
3.280774241000000302e+01 4.667671175529508054e-01 1.386419773999999938e+00
3.301413758000000342e+01 4.235756795434113542e-01 1.304361813999999953e+00
3.320998901000000103e+01 3.546455844289764237e-01 1.288151046000000077e+00
3.338459611999999765e+01 3.488645758851595113e-01 1.341604570000000107e+00
3.351221037999999908e+01 4.619327539144294503e-01 1.437669427999999971e+00
3.361000585000000029e+01 6.621195557793821962e-01 1.518994111999999896e+00
3.352251064000000014e+01 6.051015749671018185e-01 1.468746547000000069e+00
3.331632007000000328e+01 5.071341857206543846e-01 1.372732416999999927e+00
3.306926666999999753e+01 4.524786010048227336e-01 1.290207423000000020e+00
3.282285841000000204e+01 4.543734135242659677e-01 1.249976686999999975e+00
3.259286496000000000e+01 4.725932040006536328e-01 1.272645534000000023e+00
3.237896646000000089e+01 4.665615726476331493e-01 1.379822925999999894e+00
3.217561681000000107e+01 4.214552779481151590e-01 1.560887466999999917e+00
3.202063511000000062e+01 3.226096914777127345e-01 1.702827829999999931e+00
3.202045312999999993e+01 3.224918835122939087e-01 1.702008205000000052e+00
3.217526807000000133e+01 4.215194459077939992e-01 1.559570144999999908e+00
3.237875145999999660e+01 4.667299504234547758e-01 1.379225101000000064e+00
3.259289189999999792e+01 4.727736069734159718e-01 1.272960757000000109e+00
3.282311447000000015e+01 4.545416338200654605e-01 1.251328892999999942e+00
3.306970735000000161e+01 4.525748020154840567e-01 1.292786801000000096e+00
3.331686887000000041e+01 5.071675710283780614e-01 1.376438416000000053e+00
3.352297242000000210e+01 6.051777229603620967e-01 1.472244923000000094e+00
3.366311286999999908e+01 7.562886688561171189e-01 1.550123866000000072e+00
3.353807660999999740e+01 7.289697673216145590e-01 1.506866776999999935e+00
3.326235204000000323e+01 6.516890783906782447e-01 1.411564405000000022e+00
3.294745815999999650e+01 5.624469729934099549e-01 1.312914389999999987e+00
3.264670359000000133e+01 4.935129007549777791e-01 1.237263196000000010e+00
3.238553779000000077e+01 4.528470889825598200e-01 1.200659267000000030e+00
3.217347874000000019e+01 4.220893010906955900e-01 1.228511402999999946e+00
3.200405105000000106e+01 3.686499990288792938e-01 1.387112893999999930e+00
3.186808415000000139e+01 2.665097063169987734e-01 1.670054139000000104e+00
3.186779599000000118e+01 2.663264290769057352e-01 1.669363480999999982e+00
3.200368388999999780e+01 3.688276340869507397e-01 1.386740815000000016e+00
3.217338254999999947e+01 4.222354533833579948e-01 1.228244418000000060e+00
3.238568835000000234e+01 4.529911800382280251e-01 1.200531108999999930e+00
3.264704684000000157e+01 4.936244840635179432e-01 1.237677759000000099e+00
3.294794828999999936e+01 5.625012181204377404e-01 1.314297945999999939e+00
3.326292984999999902e+01 6.517136761044260984e-01 1.414118688000000068e+00
3.353858077999999665e+01 7.289980561353899269e-01 1.509786175999999980e+00
3.369869338000000170e+01 8.050406211460630068e-01 1.570012932000000028e+00
3.354932484999999787e+01 8.033437118725591519e-01 1.532567003999999899e+00
3.323064909000000000e+01 7.421620791735392686e-01 1.438888477000000110e+00
3.287186419999999742e+01 6.360612965861096590e-01 1.334844731000000007e+00
3.253193791999999718e+01 5.167718656672548594e-01 1.244953948000000032e+00
3.224164894999999831e+01 4.072499287057014250e-01 1.177750274999999958e+00
3.201699018000000052e+01 3.228362080564189385e-01 1.137370403000000030e+00
3.186482129999999913e+01 2.673360213891999293e-01 1.139269517000000009e+00
3.178328103999999854e+01 2.147386747957734376e-01 1.389236863000000044e+00
3.178278725999999921e+01 2.148343981726874297e-01 1.389553948999999955e+00
3.186471751999999924e+01 2.673066927848160579e-01 1.138780794999999957e+00
3.201711974999999910e+01 3.229444579852185360e-01 1.136311937000000105e+00
3.224194434999999714e+01 4.073759509515582078e-01 1.176678069000000049e+00
3.253236622000000011e+01 5.168534062978394905e-01 1.244379509999999911e+00
3.287239806000000186e+01 6.360950299176374445e-01 1.335261427999999917e+00
3.323124623000000355e+01 7.421800017914705894e-01 1.440607251000000089e+00
3.354984902999999719e+01 8.033524939387611807e-01 1.535035426000000092e+00
3.391033799000000215e+01 2.040056579141615589e-01 8.745204135999999906e-01
3.371816179999999719e+01 3.415408793546808597e-01 2.004387366000000004e+00
3.352910559000000035e+01 2.440100588424326256e-01 2.059665144999999864e+00
3.339030555000000078e+01 2.450454872881907553e-01 2.059105472000000159e+00
3.329351680999999985e+01 3.402260344922030666e-01 2.006300911999999936e+00
3.322979861999999684e+01 4.656961922799285891e-01 1.899493329000000008e+00
3.319184107000000239e+01 5.911836806422476887e-01 1.741305351999999917e+00
3.317345689999999792e+01 6.986597453876558506e-01 1.555850516000000017e+00
3.316754685000000080e+01 7.642731055168973109e-01 1.414757312000000100e+00
3.316735933999999730e+01 7.642747620858042490e-01 1.409539939000000075e+00
3.317295568000000117e+01 6.986544557291129998e-01 1.541954059000000044e+00
3.319114430999999854e+01 5.911649237567269122e-01 1.722276930999999900e+00
3.322899943000000178e+01 4.656719316086431193e-01 1.878394590999999947e+00
3.329267104000000188e+01 3.402060935700907951e-01 1.985195409999999994e+00
3.338944647000000288e+01 2.450410776936970958e-01 2.039357358000000175e+00
3.352825324999999879e+01 2.440310793454693594e-01 2.042214299999999927e+00
3.371733302999999893e+01 3.416159940689245667e-01 1.990067357999999897e+00
3.371465132000000153e+01 3.423759678963950726e-01 1.463719293000000032e+00
3.366778429000000017e+01 2.184225034378533825e-01 1.783022466000000028e+00
3.354315102999999709e+01 2.114807453301374984e-01 2.033840870000000134e+00
3.341638710000000145e+01 2.577855242428375715e-01 2.056667866999999816e+00
3.331112966999999969e+01 3.299675929447625777e-01 1.999873079999999970e+00
3.322634834000000126e+01 4.286751285336746764e-01 1.893044200000000066e+00
3.315863500999999758e+01 5.432997860166176585e-01 1.748948869999999989e+00
3.310786476999999906e+01 6.555262324080057823e-01 1.593664289999999983e+00
3.307906247999999749e+01 7.305618673513848416e-01 1.482981891999999968e+00
3.307889838999999910e+01 7.305528623914827602e-01 1.478362200999999931e+00
3.310741740000000277e+01 6.555130712218520950e-01 1.581108127000000030e+00
3.315799592999999845e+01 5.433019147551030326e-01 1.731251515000000074e+00
3.322559515999999746e+01 4.286951684982710509e-01 1.872871524000000010e+00
3.331030986999999755e+01 3.299884125709257598e-01 1.979244181000000102e+00
3.341552730000000082e+01 2.577769017538603658e-01 2.037152953000000100e+00
3.354227992999999941e+01 2.115171605699918411e-01 2.017220988000000048e+00
3.366709816000000188e+01 2.184109056008593230e-01 1.774415265000000019e+00
3.352523939000000297e+01 2.444552886948000991e-01 1.466737782999999906e+00
3.353994361000000168e+01 2.137717494972817267e-01 1.537623766999999919e+00
3.355887742000000173e+01 1.551796652258750631e-01 1.833764509000000098e+00
3.349069198000000114e+01 2.866832395527725286e-01 2.049814374999999966e+00
3.335665105000000352e+01 3.064297541489656718e-01 1.968552837999999916e+00
3.321256336999999803e+01 3.547163881838902300e-01 1.863035149999999973e+00
3.307226708999999687e+01 4.519692937776946251e-01 1.754511217999999984e+00
3.295034908000000229e+01 5.615393962499288794e-01 1.652307160999999969e+00
3.287460693999999961e+01 6.349580377026042832e-01 1.583204118999999910e+00
3.287446369999999973e+01 6.349285466289027458e-01 1.579582733000000072e+00
3.294995559000000185e+01 5.614859956517164186e-01 1.642309111999999960e+00
3.307169798000000327e+01 4.519484532409735467e-01 1.739973729999999996e+00
3.321188078000000132e+01 3.547608592336387590e-01 1.845711306000000107e+00
3.335588102999999904e+01 3.065151143412920276e-01 1.949753289000000001e+00
3.348982943000000034e+01 2.866753149211761498e-01 2.030953180000000025e+00
3.355820382000000279e+01 1.552082213432726676e-01 1.823869085999999973e+00
3.353968945999999818e+01 2.132919674976232749e-01 1.535340295999999993e+00
3.338621069999999946e+01 2.450413792763718179e-01 1.438563048000000011e+00
3.341230914999999868e+01 2.577904645300052588e-01 1.437605169000000016e+00
3.348666203999999880e+01 2.867108499574271274e-01 1.434654992000000018e+00
3.359799739000000329e+01 3.144728032813152718e-01 1.335439725999999938e+00
3.339356698999999651e+01 3.200836958393452614e-01 1.813416887999999894e+00
3.317500244000000009e+01 3.505085448428070793e-01 1.777542943000000042e+00
3.295635905000000321e+01 4.115343718724653321e-01 1.732669320999999929e+00
3.276120819999999867e+01 4.747921834134388730e-01 1.683247072999999983e+00
3.263745708999999806e+01 5.072322145969866414e-01 1.645400476000000056e+00
3.263732310999999697e+01 5.071707013496107308e-01 1.642591402000000089e+00
3.276084789000000086e+01 4.746809250137009051e-01 1.675613822000000086e+00
3.295585977000000355e+01 4.114593927553956143e-01 1.721855192000000034e+00
3.317444599000000238e+01 3.504915496847557099e-01 1.765189034000000046e+00
3.339301274999999691e+01 3.201193404868381553e-01 1.801225316000000021e+00
3.359807966000000334e+01 3.143768113273379683e-01 1.401736714000000106e+00
3.348663889000000182e+01 2.867098532591070836e-01 1.435159411000000107e+00
3.341229494000000244e+01 2.577861150031242610e-01 1.437671415000000064e+00
3.328948401000000246e+01 3.405665056601270835e-01 1.410891185999999964e+00
3.330696120000000349e+01 3.300696020483597226e-01 1.385924973000000060e+00
3.335220158999999995e+01 3.063386791541026222e-01 1.309860618000000088e+00
3.338954156999999867e+01 3.201179058302090485e-01 1.214661468999999938e+00
3.330570428000000049e+01 4.083134295303865180e-01 1.403804634000000107e+00
3.308636497999999904e+01 4.305397387823006738e-01 1.601785830999999938e+00
3.282522774000000254e+01 4.438069878862601625e-01 1.669459827000000063e+00
3.257677035999999759e+01 4.337720041795091186e-01 1.682829490999999900e+00
3.241324201999999843e+01 3.834802185213203041e-01 1.675218007000000009e+00
3.241310665000000313e+01 3.833650517933872570e-01 1.673039603000000097e+00
3.257642376999999811e+01 4.336228991236996122e-01 1.677201986000000034e+00
3.282480192999999957e+01 4.437557024425369812e-01 1.662391579999999980e+00
3.308602593999999897e+01 4.305656284998411465e-01 1.595991420999999910e+00
3.330572000000000088e+01 4.084005912283378281e-01 1.403589422999999892e+00
3.338993776000000224e+01 3.200312792070908463e-01 1.218757512000000043e+00
3.335247918999999683e+01 3.065148028442761796e-01 1.312495082000000091e+00
3.330709119000000129e+01 3.302445900238283327e-01 1.387051894999999924e+00
3.322617105999999865e+01 4.667158078742822402e-01 1.392686059000000087e+00
3.322252512000000024e+01 4.294670298258889130e-01 1.360903758000000074e+00
3.320844721999999649e+01 3.551818827723631777e-01 1.282482603000000054e+00
3.317103759999999824e+01 3.505870209491531164e-01 1.208384743999999955e+00
3.308379596999999706e+01 4.305162823731786270e-01 1.228254262000000097e+00
3.291823609000000062e+01 4.770667963271556511e-01 1.380034659000000108e+00
3.267789015999999691e+01 4.807091230625132883e-01 1.551534905000000020e+00
3.241321227000000249e+01 4.348634910034651635e-01 1.652501781000000003e+00
3.222390981000000210e+01 2.990591946511150789e-01 1.685698144000000065e+00
3.222376022000000262e+01 2.988660003851967839e-01 1.684021521000000021e+00
3.241286089999999831e+01 4.347437363550247791e-01 1.648640273999999906e+00
3.267755556000000183e+01 4.807817203217933932e-01 1.548038494000000043e+00
3.291815497999999707e+01 4.771848642211919955e-01 1.379311511000000046e+00
3.308406277000000273e+01 4.305850548447355819e-01 1.230457654999999928e+00
3.317148604999999861e+01 3.505545902337807718e-01 1.211583488000000042e+00
3.320885546000000232e+01 3.552793571993943522e-01 1.285175587999999980e+00
3.322275891000000314e+01 4.296297672808419010e-01 1.362389808000000091e+00
3.318895033999999811e+01 5.929370675090682719e-01 1.385983913000000012e+00
3.315546220000000233e+01 5.447635775568510086e-01 1.356776946999999955e+00
3.306866192999999754e+01 4.528770522803466925e-01 1.289361084000000046e+00
3.295256059999999820e+01 4.118858250283002342e-01 1.220268193999999973e+00
3.282176809999999989e+01 4.440420019418367947e-01 1.185368401999999932e+00
3.267560713000000305e+01 4.813240375553246020e-01 1.223369911999999893e+00
3.249679019999999952e+01 4.739191843427189577e-01 1.370759676000000038e+00
3.227204296000000028e+01 4.326542407400682522e-01 1.573592024999999950e+00
3.207903319999999781e+01 2.734639839880560475e-01 1.683207899999999979e+00
3.207884733000000210e+01 2.731965550931888531e-01 1.681923083000000041e+00
3.227167348999999774e+01 4.326655452733615959e-01 1.571429181999999924e+00
3.249659052999999886e+01 4.740685820200981615e-01 1.370014035999999935e+00
3.267572102999999828e+01 4.814001874462496833e-01 1.223996518000000089e+00
3.282212949000000179e+01 4.440820916060443935e-01 1.186758063000000085e+00
3.295305278000000015e+01 4.118863376009098687e-01 1.222094932999999939e+00
3.306914807999999795e+01 4.529166425087007841e-01 1.291256948000000015e+00
3.315577751000000006e+01 5.448570134280571464e-01 1.358086351999999941e+00
3.317149359999999803e+01 7.010613436179532476e-01 1.387660845000000087e+00
3.310546870000000297e+01 6.575557743267613775e-01 1.367140186000000091e+00
3.294727944000000264e+01 5.628905728349713478e-01 1.313639516000000063e+00
3.275764294999999748e+01 4.755316710934260893e-01 1.247364930000000038e+00
3.257301839000000143e+01 4.341572651847740438e-01 1.190055933000000010e+00
3.240967337000000015e+01 4.354119520740429850e-01 1.161702907000000007e+00
3.226942128000000309e+01 4.339281491736258767e-01 1.194790105999999907e+00
3.213288687000000010e+01 3.837953007780653403e-01 1.375230372999999950e+00
3.198114676999999872e+01 2.808774486698021877e-01 1.656480559000000019e+00
3.198087216000000055e+01 2.805717390297965408e-01 1.655473368000000001e+00
3.213255200999999772e+01 3.839556616783111886e-01 1.374763804000000089e+00
3.226940815999999757e+01 4.339496930913016581e-01 1.194479660999999915e+00
3.240992097000000172e+01 4.354469376338760411e-01 1.161270656999999984e+00
3.257344668000000354e+01 4.341996100077695209e-01 1.189793158000000073e+00
3.275817571999999700e+01 4.755571006316437477e-01 1.247554314999999914e+00
3.294781654999999887e+01 5.629117198770324793e-01 1.314340775000000017e+00
3.310584418999999912e+01 6.575859774090906384e-01 1.367924026999999931e+00
3.316631329999999878e+01 7.670840247898044195e-01 1.391176294000000091e+00
3.307724746000000238e+01 7.329805607870470974e-01 1.379459278999999983e+00
3.287192025000000228e+01 6.366672765173454485e-01 1.336640864999999900e+00
3.263409614999999775e+01 5.083474297901509065e-01 1.273691447999999893e+00
3.240946129999999670e+01 3.841197936735240570e-01 1.209750898000000019e+00
3.221993254000000206e+01 2.993404188803124866e-01 1.157141081000000016e+00
3.207506301000000093e+01 2.737209003404891261e-01 1.123512735000000040e+00
3.197753781999999845e+01 2.820194746651616957e-01 1.124675081999999993e+00
3.192074526000000034e+01 2.573355512946309265e-01 1.373694052000000054e+00
3.192029271999999906e+01 2.574257712141495569e-01 1.374127346000000083e+00
3.197750058999999823e+01 2.818579010005339280e-01 1.123890014999999964e+00
3.207526004000000341e+01 2.737260832371862795e-01 1.121930727000000072e+00
3.222029603000000009e+01 2.994284610531424140e-01 1.155290723000000019e+00
3.240994838999999672e+01 3.842025694632956734e-01 1.208094567999999924e+00
3.263465775000000235e+01 5.083957560737994985e-01 1.272637811000000063e+00
3.287247928000000030e+01 6.366889913629601994e-01 1.336399498000000019e+00
3.307765047000000180e+01 7.329798329346708385e-01 1.379761693000000067e+00
3.405513719000000350e+01 2.222399901931841060e-01 8.792680091000000253e-01
3.381446016999999671e+01 4.803858693487886855e-01 1.857760601999999928e+00
3.353059431999999873e+01 3.899966201880146199e-01 1.958524099999999990e+00
3.329326980999999819e+01 3.402065066305141605e-01 2.001319980999999970e+00
3.310032792999999884e+01 3.644378696197928535e-01 1.995541553000000023e+00
3.294569553000000184e+01 4.379131636632032643e-01 1.936578566999999973e+00
3.282445323000000315e+01 5.269482810510190962e-01 1.820671976000000081e+00
3.273565382000000312e+01 6.104393521438946646e-01 1.663261317999999989e+00
3.268575105000000036e+01 6.654433985388299444e-01 1.532405384999999898e+00
3.268556420000000173e+01 6.654074449016544879e-01 1.526445322999999910e+00
3.273515875999999736e+01 6.103556321826479891e-01 1.647835074999999927e+00
3.282377051999999651e+01 5.268496093329533281e-01 1.800485536000000053e+00
3.294491348999999758e+01 4.378202596379691669e-01 1.915329977999999933e+00
3.309949756000000320e+01 3.643711086203060279e-01 1.975452806999999922e+00
3.329242330999999666e+01 3.401872085955452429e-01 1.983681932999999953e+00
3.352975495999999822e+01 3.900290440296732553e-01 1.944090529999999983e+00
3.381366174000000058e+01 4.805425688700951103e-01 1.847213430000000045e+00
3.381206600000000151e+01 4.820775218867338618e-01 1.510668053000000066e+00
3.371929320999999646e+01 3.775611694992960787e-01 1.732702178999999898e+00
3.351759028000000029e+01 3.213001748526750356e-01 1.926037728999999921e+00
3.331070642000000248e+01 3.296574050441566928e-01 1.994231461999999899e+00
3.312576373000000274e+01 3.722390481362083947e-01 1.992494519999999936e+00
3.296436615999999731e+01 4.327240126610071291e-01 1.932580863999999954e+00
3.282472780999999884e+01 5.019518622971251842e-01 1.819535987999999938e+00
3.271087682999999657e+01 5.728440638670476703e-01 1.675076811000000054e+00
3.264118188999999859e+01 6.232633581059521255e-01 1.561292498000000029e+00
3.264100933999999654e+01 6.232192045835540650e-01 1.555797818999999915e+00
3.271041027999999784e+01 5.727555087588270810e-01 1.660569270000000097e+00
3.282406781000000251e+01 5.018658907166528849e-01 1.800061373999999992e+00
3.296359374000000031e+01 4.326471896326947730e-01 1.911692976999999960e+00
3.312492833999999675e+01 3.721718481537559797e-01 1.972610253999999896e+00
3.330984033000000011e+01 3.296190204853315930e-01 1.976983734999999909e+00
3.351673230000000103e+01 3.213582503614896280e-01 1.912835258999999954e+00
3.371860307000000034e+01 3.776049834529494609e-01 1.725951532999999927e+00
3.352749196999999981e+01 3.911600895092026686e-01 1.503567545999999977e+00
3.351529964000000206e+01 3.232546238464395483e-01 1.584768991000000016e+00
3.346477360000000090e+01 2.116497242291069114e-01 1.792609477000000062e+00
3.335547058000000220e+01 3.054918248913833789e-01 1.960200675999999920e+00
3.319823508999999717e+01 3.905570920947615821e-01 1.983892639000000013e+00
3.301618463999999875e+01 4.239131329566844242e-01 1.918831028999999910e+00
3.282570653999999877e+01 4.544578581131550887e-01 1.812369270999999893e+00
3.264985863999999793e+01 4.931456431381474048e-01 1.696275911999999941e+00
3.253514951999999738e+01 5.161463974193553073e-01 1.612859886999999937e+00
3.253499132999999688e+01 5.160712069985923245e-01 1.608315163999999964e+00
3.264942176000000273e+01 4.930070868197632961e-01 1.683901757999999971e+00
3.282506882999999931e+01 4.543546948018594711e-01 1.794873909000000101e+00
3.301541518999999880e+01 4.238479067854233340e-01 1.899051545000000063e+00
3.319738388999999756e+01 3.904950453436506486e-01 1.964569288999999941e+00
3.335460712999999799e+01 3.055098114979020729e-01 1.944519145999999976e+00
3.346406963999999817e+01 2.116401722664599805e-01 1.783823444999999897e+00
3.351493312000000202e+01 3.229429518626638074e-01 1.581872689999999970e+00
3.328956732000000329e+01 3.405802800036492606e-01 1.458485647000000052e+00
3.330725567000000353e+01 3.303721667954289676e-01 1.484905426000000084e+00
3.335289130000000313e+01 3.068489739579770559e-01 1.577587995000000021e+00
3.339086432999999943e+01 3.200926239658202777e-01 1.800239002999999949e+00
3.330686954000000100e+01 4.084866834813950520e-01 1.971242968000000095e+00
3.308689200999999969e+01 4.306924898789788458e-01 1.884458814999999898e+00
3.282541626999999806e+01 4.439949462423662951e-01 1.789665701999999969e+00
3.257677152000000120e+01 4.339048712968342492e-01 1.707074814999999912e+00
3.241315020999999774e+01 3.835095114959867213e-01 1.650100080999999941e+00
3.241299890999999889e+01 3.833696538308503099e-01 1.646471366999999963e+00
3.257635484000000048e+01 4.336824586204350296e-01 1.697098914999999986e+00
3.282480676000000130e+01 4.438429632867776364e-01 1.775102568000000103e+00
3.308614050999999989e+01 4.306228429732865681e-01 1.866874326999999889e+00
3.330599576000000184e+01 4.084374545727777472e-01 1.952700963000000067e+00
3.339018842000000120e+01 3.201205911736307863e-01 1.790324389000000016e+00
3.335254035999999900e+01 3.065779875322186543e-01 1.574290995999999998e+00
3.330709917000000075e+01 3.301777918024800806e-01 1.483787302999999946e+00
3.309626366999999902e+01 3.644051320022543283e-01 1.407170006999999945e+00
3.312171693999999889e+01 3.722171585103260516e-01 1.406107151999999916e+00
3.319424270999999749e+01 3.905521996897879378e-01 1.402899689000000061e+00
3.330297150999999900e+01 4.084965304815223464e-01 1.397912346000000028e+00
3.343167351000000309e+01 4.168916207462319279e-01 1.305788562999999902e+00
3.313884486999999979e+01 4.702449363056066534e-01 1.759830910000000026e+00
3.281501138000000140e+01 4.875216814155047262e-01 1.734754353000000027e+00
3.250769572000000096e+01 4.307389533193330400e-01 1.699832304000000072e+00
3.230343093999999837e+01 2.694805698300883345e-01 1.668082676000000042e+00
3.230327838000000185e+01 2.692200720717844442e-01 1.665210220000000074e+00
3.250728943000000015e+01 4.304681665852094219e-01 1.692121399999999998e+00
3.281445537999999829e+01 4.873837030627520273e-01 1.723994723999999978e+00
3.313823862999999648e+01 4.702303330470999354e-01 1.747997801999999989e+00
3.343174810000000008e+01 4.167110695452798663e-01 1.367978522999999891e+00
3.330294834000000037e+01 4.084751175926711331e-01 1.397942980000000057e+00
3.319422406999999708e+01 3.905284718675109956e-01 1.402662531999999906e+00
3.312170661999999766e+01 3.722012751993692969e-01 1.405940194999999893e+00
3.294157280000000299e+01 4.381147883326262926e-01 1.358776530000000093e+00
3.296014999999999873e+01 4.328052796287129578e-01 1.343432057000000013e+00
3.301176782999999659e+01 4.238287862097357972e-01 1.298233948000000026e+00
3.308225888999999853e+01 4.307068994700981590e-01 1.225552122000000077e+00
3.313466964999999931e+01 4.707219168811273557e-01 1.158765365000000047e+00
3.304898612000000213e+01 4.785157033515458624e-01 1.371059698000000049e+00
3.277030758000000077e+01 5.134770531801443605e-01 1.607421347000000056e+00
3.244671052000000344e+01 4.605403657629347225e-01 1.669640331999999949e+00
3.221712726999999887e+01 2.248399601586204277e-01 1.672581545999999975e+00
3.221696359999999970e+01 2.244508017572653946e-01 1.670311998999999936e+00
3.244630707000000314e+01 4.603147183112256680e-01 1.664063948999999987e+00
3.276987566999999757e+01 5.135454096158761361e-01 1.601665944000000064e+00
3.304891291999999936e+01 4.786284587984706573e-01 1.370641911000000102e+00
3.313502136999999692e+01 4.706481323648681880e-01 1.161697800000000003e+00
3.308256889999999828e+01 4.306675155232641550e-01 1.227226138000000022e+00
3.301197822999999687e+01 4.239009188136974027e-01 1.298964454999999907e+00
3.296025622999999882e+01 4.328817194766807486e-01 1.343686638999999960e+00
3.282059489000000241e+01 5.277627505500909200e-01 1.317575606999999982e+00
3.282071153999999780e+01 5.025914947345342387e-01 1.298377402999999930e+00
3.282140835999999950e+01 4.547657437122708535e-01 1.247847997000000042e+00
3.282090385000000055e+01 4.440562815188847656e-01 1.184310149000000090e+00
3.281065831000000088e+01 4.877092981855444265e-01 1.137096923000000093e+00
3.276713828999999834e+01 5.147770050772064732e-01 1.164202234000000002e+00
3.263612415000000055e+01 4.706118011125404732e-01 1.360019147999999900e+00
3.238531569999999959e+01 4.605439997457083656e-01 1.590672921999999989e+00
3.215565715000000324e+01 2.543993410940821320e-01 1.667654718999999952e+00
3.215546515999999855e+01 2.539838520201934124e-01 1.665858470999999952e+00
3.238491800999999981e+01 4.605057094481683766e-01 1.587418860999999959e+00
3.263594084000000350e+01 4.707470074975384500e-01 1.359338842000000103e+00
3.276734100000000183e+01 5.147416065806500463e-01 1.165407383000000019e+00
3.281105528999999876e+01 4.876679408449487996e-01 1.138246912000000055e+00
3.282133680999999825e+01 4.440227531040550901e-01 1.185052203999999998e+00
3.282176805999999658e+01 4.548226395321386950e-01 1.248254881999999899e+00
3.282091547999999648e+01 5.026776936792526351e-01 1.298554562999999940e+00
3.273230207999999664e+01 6.119948575512809130e-01 1.287220400000000042e+00
3.270730458999999968e+01 5.741885313974315341e-01 1.273948287000000068e+00
3.264591738000000021e+01 4.940270163401947467e-01 1.237902116000000108e+00
3.257252298000000224e+01 4.342777896375497604e-01 1.190361366999999948e+00
3.250333930000000038e+01 4.308680933070710428e-01 1.146225905000000100e+00
3.244257696999999752e+01 4.610551558494492275e-01 1.123133710999999924e+00
3.238213186000000121e+01 4.624864318672911589e-01 1.156301913999999931e+00
3.228477609000000115e+01 3.836389247538821157e-01 1.361507872000000008e+00
3.211589434999999781e+01 2.950829114614067494e-01 1.643530743999999988e+00
3.211563131999999854e+01 2.946746491086492670e-01 1.642129477999999976e+00
3.228447221999999783e+01 3.837799512842587912e-01 1.361089943999999941e+00
3.238218530999999700e+01 4.623935186607441294e-01 1.156164377000000076e+00
3.244286960000000164e+01 4.610178848285309550e-01 1.122506777999999983e+00
3.250377591000000166e+01 4.308604511494467104e-01 1.145326269999999980e+00
3.257301763000000250e+01 4.342918512814418763e-01 1.189476039000000096e+00
3.264636691999999840e+01 4.940741775370272593e-01 1.237256593999999987e+00
3.270758328000000148e+01 5.742462202463707310e-01 1.273635185999999919e+00
3.268285147999999651e+01 6.675959795623556126e-01 1.271636694999999984e+00
3.263800484000000068e+01 6.251972496608735330e-01 1.267607335999999973e+00
3.253151892000000345e+01 5.176284232414143371e-01 1.247518667000000026e+00
3.240912507000000176e+01 3.845049484730809208e-01 1.210920588000000020e+00
3.229915425000000084e+01 2.699838616132615443e-01 1.168382749000000054e+00
3.221275048999999768e+01 2.249575828272330213e-01 1.130441583000000083e+00
3.215133215000000177e+01 2.546324782958622746e-01 1.105050775000000041e+00
3.211192133000000126e+01 2.964693096078214185e-01 1.106756982000000056e+00
3.208232181000000338e+01 2.715291829143529068e-01 1.355916415999999902e+00
3.208191453999999965e+01 2.716045996091850934e-01 1.356533323999999929e+00
3.211192369999999841e+01 2.962095175065495578e-01 1.105862007999999896e+00
3.215154519000000022e+01 2.545155082346127196e-01 1.103197640999999951e+00
3.221311408999999770e+01 2.249615642190468112e-01 1.128068097999999964e+00
3.229962454000000349e+01 2.700616137004535067e-01 1.165882343000000043e+00
3.240964484999999939e+01 3.845861620355248700e-01 1.208695153999999938e+00
3.253200188000000281e+01 5.176922772384073834e-01 1.245901715000000021e+00
3.263831856000000187e+01 6.252351230574617613e-01 1.266780634999999933e+00
3.420159841000000256e+01 2.092087044440805454e-01 8.858266908999999911e-01
3.393267094000000128e+01 5.892271400152023775e-01 1.664559566999999962e+00
3.356172056999999853e+01 5.333705935534829301e-01 1.806335720000000089e+00
3.322913950000000227e+01 4.657162916965975064e-01 1.888488385000000047e+00
3.294522393999999821e+01 4.378674623781710351e-01 1.929581591999999901e+00
3.270920213000000132e+01 4.496585729021915223e-01 1.924689984000000020e+00
3.251796999999999827e+01 4.817494902547297397e-01 1.863452544000000044e+00
3.237114723999999910e+01 5.159282520986127052e-01 1.746745954999999961e+00
3.228296470000000085e+01 5.372498243149351760e-01 1.631303968000000104e+00
3.228277630000000187e+01 5.371872608046559527e-01 1.624835948999999946e+00
3.237066097999999670e+01 5.158010331423965589e-01 1.730706147000000028e+00
3.251731825000000242e+01 4.816070784701286800e-01 1.843753411000000009e+00
3.270846571999999952e+01 4.495245693480754423e-01 1.905269515000000080e+00
3.294444222999999994e+01 4.377751674326385012e-01 1.912387212000000059e+00
3.322833887000000175e+01 4.656913948146880755e-01 1.874452811999999913e+00
3.356092793999999913e+01 5.334245455384840628e-01 1.795872332000000071e+00
3.393194576999999867e+01 5.894948049596947515e-01 1.658066978999999996e+00
3.393195298999999920e+01 5.919113474601653824e-01 1.596133907000000018e+00
3.379325825000000094e+01 5.279519935559726651e-01 1.676451042000000058e+00
3.351379687000000018e+01 4.603410205179515047e-01 1.796387232999999917e+00
3.322549115000000342e+01 4.286220643969789190e-01 1.881748932999999901e+00
3.296380049999999784e+01 4.326119999434673846e-01 1.925411428999999952e+00
3.273506782999999842e+01 4.549055594172385364e-01 1.920896130000000035e+00
3.253808284000000128e+01 4.779221307222639159e-01 1.859675978999999924e+00
3.237510504000000111e+01 4.945607767513293118e-01 1.747423235000000075e+00
3.227089363999999705e+01 4.999616572667153203e-01 1.641521218999999920e+00
3.227071328000000250e+01 4.998854491446649839e-01 1.635421245000000079e+00
3.237462888999999677e+01 4.944211528182034798e-01 1.731969816999999967e+00
3.253742906000000090e+01 4.777798458930198056e-01 1.840294490000000005e+00
3.273431767999999664e+01 4.547693962244185872e-01 1.901646292999999988e+00
3.296299652999999807e+01 4.325069275483507392e-01 1.908496771000000036e+00
3.322466293000000093e+01 4.285840421861759064e-01 1.868322005000000008e+00
3.351298552000000086e+01 4.603982508701637832e-01 1.787139736000000090e+00
3.379260041999999942e+01 5.280427997433009280e-01 1.672078116000000003e+00
3.355989475999999883e+01 5.351950708561501457e-01 1.573377736000000082e+00
3.351251690000000139e+01 4.617584761703421581e-01 1.626535252999999903e+00
3.338524541999999684e+01 3.486399445848292755e-01 1.742909277999999951e+00
3.321093842999999879e+01 3.545703637829468180e-01 1.850802939000000036e+00
3.301521727000000084e+01 4.236727004715627465e-01 1.910944031999999959e+00
3.280875738000000297e+01 4.669145710036365915e-01 1.910156289999999979e+00
3.259497838000000058e+01 4.727754504218281695e-01 1.848210421999999964e+00
3.238856186999999665e+01 4.527023752869470119e-01 1.746559363999999892e+00
3.224508730000000156e+01 4.069805165975587946e-01 1.660659008000000103e+00
3.224491452000000180e+01 4.068506298147980260e-01 1.655407488000000038e+00
3.238809035999999963e+01 4.525005898891777401e-01 1.732635911999999889e+00
3.259430601999999766e+01 4.726152386959976415e-01 1.829736296999999956e+00
3.280797361999999850e+01 4.667774986137382398e-01 1.891361290999999945e+00
3.301438816999999659e+01 4.235730089870858306e-01 1.894904876000000016e+00
3.321012936999999710e+01 3.545565895382400412e-01 1.839289803000000001e+00
3.338455731999999898e+01 3.486230015587953868e-01 1.736466193999999907e+00
3.351210443000000083e+01 4.616208238281804266e-01 1.624214649000000010e+00
3.322637883000000159e+01 4.667163848872061815e-01 1.518837731999999940e+00
3.322305104000000142e+01 4.296816469646067560e-01 1.550427618000000063e+00
3.320939015999999810e+01 3.554079874996366462e-01 1.638845678000000028e+00
3.317234720999999809e+01 3.506517520433671264e-01 1.764444726000000019e+00
3.308515890999999698e+01 4.307084376107422896e-01 1.874720251999999920e+00
3.291919970000000006e+01 4.773358381107491444e-01 1.894281485000000043e+00
3.267831742999999989e+01 4.810810797357061297e-01 1.828128924999999905e+00
3.241325860999999975e+01 4.351652076103224021e-01 1.739051294000000025e+00
3.222377394000000095e+01 2.991583520427056331e-01 1.673060101999999993e+00
3.222360387999999887e+01 2.989132853462076467e-01 1.668733111999999963e+00
3.241278631000000132e+01 4.348644316634852069e-01 1.727117409000000103e+00
3.267761922999999769e+01 4.808788165523704139e-01 1.811074791000000017e+00
3.291836921000000160e+01 4.772046991841839558e-01 1.876082138999999982e+00
3.308433461999999992e+01 4.306278617918084528e-01 1.860480684999999967e+00
3.317166853999999887e+01 3.505836635846008575e-01 1.756349954000000047e+00
3.320892168999999683e+01 3.551973307056331408e-01 1.635226748000000008e+00
3.322281292000000263e+01 4.294994856683064244e-01 1.549179810999999907e+00
3.294171843000000166e+01 4.381388961001737581e-01 1.454605244999999991e+00
3.296043985000000021e+01 4.329541923705609863e-01 1.468061754000000052e+00
3.301228260999999975e+01 4.240334656102547339e-01 1.509761944000000078e+00
3.308309649000000263e+01 4.307505390431635162e-01 1.590340671999999955e+00
3.313593158999999844e+01 4.706748662676581985e-01 1.747231498999999966e+00
3.304999133999999827e+01 4.787703692809546774e-01 1.875903918999999975e+00
3.277061977999999698e+01 5.139044415946264488e-01 1.793456294999999923e+00
3.244674533999999966e+01 4.607590773312430499e-01 1.721606141000000090e+00
3.221706624000000119e+01 2.249334178968653009e-01 1.674754751000000041e+00
3.221689326999999992e+01 2.245093834109591902e-01 1.671234241999999925e+00
3.244627057000000292e+01 4.603910136221044946e-01 1.711768707000000056e+00
3.276990992000000347e+01 5.136464491442738201e-01 1.778507104000000005e+00
3.304910950000000014e+01 4.786561259909771215e-01 1.858267614999999928e+00
3.313528575000000131e+01 4.706389460241033884e-01 1.737885179999999918e+00
3.308272075000000001e+01 4.306613412158046272e-01 1.586744790000000016e+00
3.301206006999999687e+01 4.238706454984391137e-01 1.508229880000000023e+00
3.296033392999999734e+01 4.328387886945886942e-01 1.467476229000000076e+00
3.270518253000000186e+01 4.496417294752299010e-01 1.385011393999999951e+00
3.273106303000000139e+01 4.548997302002864562e-01 1.383618280000000089e+00
3.280481823000000219e+01 4.669210798998226775e-01 1.379416766000000072e+00
3.291537789000000203e+01 4.773486406375114233e-01 1.373070618999999937e+00
3.304633290999999673e+01 4.787699160320503800e-01 1.365514437000000081e+00
3.317872742000000130e+01 4.687536129237538374e-01 1.284476777999999930e+00
3.283978369999999813e+01 5.482545856077649660e-01 1.700638620000000101e+00
3.248050845000000209e+01 5.016063625051867536e-01 1.689272603999999900e+00
3.222444483000000304e+01 2.223087097966559289e-01 1.668792242999999953e+00
3.222426214000000044e+01 2.217846214433461804e-01 1.665917654000000026e+00
3.248003538999999762e+01 5.012649766174562815e-01 1.681603085999999969e+00
3.283915583999999654e+01 5.481111678906416262e-01 1.690160252999999946e+00
3.317880474999999763e+01 4.685269310309196356e-01 1.342321515999999937e+00
3.304633378999999849e+01 4.787250852276392354e-01 1.365364760999999927e+00
3.291538640000000271e+01 4.773004297032658605e-01 1.372646189999999988e+00
3.280482941999999724e+01 4.668806652559182035e-01 1.379025940000000006e+00
3.273107063999999866e+01 4.548766960398427095e-01 1.383391873000000105e+00
3.251369782999999813e+01 4.819898830142376744e-01 1.310960507999999969e+00
3.253373736000000349e+01 4.780998850986734605e-01 1.300085970000000035e+00
3.259049997000000332e+01 4.728877942764432296e-01 1.268596462999999952e+00
3.267368719000000254e+01 4.812847600563886497e-01 1.220485424999999902e+00
3.276591006000000306e+01 5.143021780123889775e-01 1.162693407999999984e+00
3.283556702999999999e+01 5.492289361504140155e-01 1.124562971000000022e+00
3.277686615999999731e+01 4.543717551817417211e-01 1.348799510999999951e+00
3.249689936000000046e+01 4.953663028623058184e-01 1.613495016999999976e+00
3.223918513000000274e+01 2.651815164194746277e-01 1.657885279000000045e+00
3.223898032999999685e+01 2.646682365556020655e-01 1.655518932999999970e+00
3.249645192999999921e+01 4.952540581453564461e-01 1.608640618999999994e+00
3.277670404999999931e+01 4.544958626750549291e-01 1.348566909999999952e+00
3.283584931000000040e+01 5.492089766138694706e-01 1.126489518000000079e+00
3.276622783999999911e+01 5.141904334051251579e-01 1.163386215000000057e+00
3.267396687000000099e+01 4.812242496656746749e-01 1.220425671000000101e+00
3.259070758000000012e+01 4.729112322093343979e-01 1.268274077999999916e+00
3.253384786000000162e+01 4.781419822711779899e-01 1.299837984999999918e+00
3.236687221999999764e+01 5.168282371102368433e-01 1.239436101999999984e+00
3.237070803000000296e+01 4.953359767353480714e-01 1.229174701999999897e+00
3.238396364999999832e+01 4.532200093057176526e-01 1.200672758999999923e+00
3.240848479999999654e+01 4.354216694149428135e-01 1.161830906000000052e+00
3.244192157999999893e+01 4.609021862509380396e-01 1.123219629999999913e+00
3.247587932999999794e+01 5.020429058980009351e-01 1.098476183999999911e+00
3.249313125999999841e+01 4.975566783873922594e-01 1.120616078999999932e+00
3.243773138000000245e+01 3.647714143068789272e-01 1.348055768000000043e+00
3.225277403999999848e+01 3.010792520419131590e-01 1.633634765999999905e+00
3.225251472000000064e+01 3.005824824526969197e-01 1.631748331000000052e+00
3.243745768000000140e+01 3.648943965415068491e-01 1.347861889999999896e+00
3.249323890000000148e+01 4.974574869752779183e-01 1.120924054000000059e+00
3.247617344999999744e+01 5.020129427615371842e-01 1.097936344000000064e+00
3.244230985000000089e+01 4.608724254267494436e-01 1.122089281999999910e+00
3.240889061000000027e+01 4.354234133899735348e-01 1.160473336999999994e+00
3.238430401000000103e+01 4.532803234330043951e-01 1.199474901999999954e+00
3.237090377999999902e+01 4.954043421288606974e-01 1.228475122000000086e+00
3.227878327999999897e+01 5.388653296539570592e-01 1.193054320999999973e+00
3.226657423000000335e+01 5.014370416159003030e-01 1.191273124000000072e+00
3.224055649000000301e+01 4.081499313389244654e-01 1.180712015999999975e+00
3.221906564999999745e+01 2.999305853731892846e-01 1.159091201999999932e+00
3.221227174999999932e+01 2.252549370860138789e-01 1.131366107000000065e+00
3.221966571000000101e+01 2.223684399851820759e-01 1.104922903000000067e+00
3.223452393000000171e+01 2.654548750259159706e-01 1.086546075000000000e+00
3.224846518999999745e+01 3.026385613529630758e-01 1.088819044000000069e+00
3.224454220999999876e+01 2.547390447747531206e-01 1.338655917999999945e+00
3.224418045000000177e+01 2.547877431331339593e-01 1.339557837999999945e+00
3.224848318000000091e+01 3.023576955205294903e-01 1.088024418999999909e+00
3.223471564999999828e+01 2.652919729764564027e-01 1.084754666000000034e+00
3.221998391000000339e+01 2.223031088435725444e-01 1.102473162999999978e+00
3.221267790000000275e+01 2.253112088632162613e-01 1.128578803999999991e+00
3.221950398999999976e+01 3.000514936152480217e-01 1.156369143999999904e+00
3.224094608000000051e+01 4.082718888011765968e-01 1.178507645000000048e+00
3.226681244000000248e+01 5.015176953683104788e-01 1.190019986000000030e+00
3.432981252999999811e+01 1.688969171233595801e-01 8.933031009999999883e-01
3.405220162999999900e+01 6.546861069132992039e-01 1.440731258000000015e+00
3.361036354000000159e+01 6.595321028807549224e-01 1.611301333999999974e+00
3.319062634000000145e+01 5.913145004404238847e-01 1.724186573999999972e+00
3.282330748999999770e+01 5.269542688106653161e-01 1.805329844999999933e+00
3.251719557999999921e+01 4.817596111057009245e-01 1.853370603999999977e+00
3.227324047999999834e+01 4.516780859477175780e-01 1.856524540999999973e+00
3.208876972000000194e+01 4.258999563573481750e-01 1.799297901000000088e+00
3.197451354000000023e+01 3.973358151448980191e-01 1.709336369999999938e+00
3.197430325999999923e+01 3.972507036878478170e-01 1.702389216000000038e+00
3.208827471000000031e+01 4.257781348401886712e-01 1.783555215000000027e+00
3.227263708000000264e+01 4.515387665828015651e-01 1.839233201999999956e+00
3.251654597000000280e+01 4.816181623724942740e-01 1.837799254999999965e+00
3.282262614999999784e+01 5.268553254532249985e-01 1.792573316999999999e+00
3.318992757000000182e+01 5.912925401036049911e-01 1.714626060999999924e+00
3.360967692999999912e+01 6.596165535796066903e-01 1.604985493000000041e+00
3.405160963000000152e+01 6.550435689056489652e-01 1.437715971999999898e+00
3.405367137999999727e+01 6.582874059712187087e-01 1.722499255000000007e+00
3.387380988000000315e+01 6.553667078600707852e-01 1.619387134999999978e+00
3.352344982000000329e+01 6.036298131243165166e-01 1.652060577000000086e+00
3.315732616999999749e+01 5.436111196962190029e-01 1.732520035000000069e+00
3.282348537000000022e+01 5.020100960437605675e-01 1.804483824999999930e+00
3.253724661999999768e+01 4.779525434780371729e-01 1.849710662999999977e+00
3.230089354999999784e+01 4.564535770167456041e-01 1.851947250000000045e+00
3.211136410999999669e+01 4.233121396089840061e-01 1.795245479000000088e+00
3.198569940999999872e+01 3.749491987004745508e-01 1.709739528000000064e+00
3.198549301999999983e+01 3.748376335658068492e-01 1.703081430999999979e+00
3.211086380999999790e+01 4.231698682025167857e-01 1.779790710999999970e+00
3.230026949999999886e+01 4.563023343173505664e-01 1.834786352999999925e+00
3.253656820999999866e+01 4.777961645132050017e-01 1.834362752999999957e+00
3.282277219000000201e+01 5.018942289928935985e-01 1.792151797000000046e+00
3.315659620000000274e+01 5.435740271909692556e-01 1.723618271999999951e+00
3.352274133000000234e+01 6.036843449744579981e-01 1.646649395000000071e+00
3.387323628000000042e+01 6.554913666065889100e-01 1.617167969000000038e+00
3.361028372999999903e+01 6.619379686932201912e-01 1.673067690999999968e+00
3.352326066999999910e+01 6.048772594565010596e-01 1.666007393999999975e+00
3.331734673999999785e+01 5.068883485525006449e-01 1.686241639999999986e+00
3.307042365000000217e+01 4.524639524874909391e-01 1.739402504999999932e+00
3.282401342000000000e+01 4.546014550527470721e-01 1.797939042999999959e+00
3.259386416000000253e+01 4.729007774648701923e-01 1.838466482000000068e+00
3.237962671999999742e+01 4.668725561751754793e-01 1.839003498999999930e+00
3.217579528000000266e+01 4.217986533028730278e-01 1.783372428999999926e+00
3.202044798000000014e+01 3.227057069839316950e-01 1.708173716999999980e+00
3.202024365999999844e+01 3.225057525255127233e-01 1.702233955000000076e+00
3.217527403999999791e+01 4.215935693941703644e-01 1.768707376000000053e+00
3.237895793999999938e+01 4.667025384253698506e-01 1.822176754000000010e+00
3.259314659000000347e+01 4.727266076643789616e-01 1.823760140999999946e+00
3.282328643999999684e+01 4.544644074458900618e-01 1.786792715000000031e+00
3.306972283999999718e+01 4.523955969536538335e-01 1.732055684999999956e+00
3.331673505999999918e+01 5.068641627199732547e-01 1.682339625000000005e+00
3.352286258000000174e+01 6.048456647518698492e-01 1.664639071999999942e+00
3.318930868999999717e+01 5.928958341472982951e-01 1.613587112999999906e+00
3.315616124999999670e+01 5.447914017436558121e-01 1.627016215999999904e+00
3.306967324000000019e+01 4.528751360580203777e-01 1.664649983999999971e+00
3.295377633999999745e+01 4.119698850618231378e-01 1.718565340999999913e+00
3.282303525999999749e+01 4.442747362516049625e-01 1.775726987000000090e+00
3.267672028999999867e+01 4.815753416516568852e-01 1.818367912999999891e+00
3.249749213999999853e+01 4.742288256067980212e-01 1.819901831999999997e+00
3.227221009000000151e+01 4.331039969824327929e-01 1.764659278999999970e+00
3.207888915000000196e+01 2.736347837234083813e-01 1.700714198000000010e+00
3.207868346000000059e+01 2.732869552034773997e-01 1.695627741000000022e+00
3.227165855999999877e+01 4.327983898400645790e-01 1.751102434999999957e+00
3.249676268999999706e+01 4.740442995920732816e-01 1.803470651000000036e+00
3.267597201000000240e+01 4.813745246867854322e-01 1.804694910000000041e+00
3.282233787999999919e+01 4.440965477484069002e-01 1.766391454999999944e+00
3.295316960000000250e+01 4.118226163950813867e-01 1.713105217000000069e+00
3.306920628999999678e+01 4.527329231478300908e-01 1.662055617999999901e+00
3.315589891999999850e+01 5.446801873792154192e-01 1.626149253999999988e+00
3.282093259999999901e+01 5.277721297535018508e-01 1.549071043000000092e+00
3.282127195999999714e+01 5.027032105966059428e-01 1.562886243999999980e+00
3.282223418000000237e+01 4.548779974346172095e-01 1.600907161000000078e+00
3.282197799000000060e+01 4.441201652314065162e-01 1.656212618000000081e+00
3.281189650999999685e+01 4.878381578109571293e-01 1.721164270999999912e+00
3.276834180000000174e+01 5.149435951033745074e-01 1.782975183000000019e+00
3.263687935000000095e+01 4.709155976579944558e-01 1.797819328999999966e+00
3.238547546000000210e+01 4.610594152282206371e-01 1.740474690999999963e+00
3.215556716999999765e+01 2.545794593639331138e-01 1.687267947000000046e+00
3.215535675999999654e+01 2.540830711833902411e-01 1.682962284999999891e+00
3.238489359999999806e+01 4.606399088158049659e-01 1.728182984999999894e+00
3.263608308999999963e+01 4.707286331682086766e-01 1.781682506999999971e+00
3.276760518999999761e+01 5.146928098493733783e-01 1.770935434999999947e+00
3.281130639999999943e+01 4.876637214127755304e-01 1.714295985999999994e+00
3.282153009999999682e+01 4.439580508609580756e-01 1.652730593000000026e+00
3.282192939000000109e+01 4.546980835727179593e-01 1.599388290000000046e+00
3.282111686999999733e+01 5.025795940793130745e-01 1.562379557000000085e+00
3.251392343999999923e+01 4.819956292148649957e-01 1.474883036999999897e+00
3.253407357999999761e+01 4.781669511305469134e-01 1.482267428999999970e+00
3.259099089000000049e+01 4.729372917916239150e-01 1.503972926999999959e+00
3.267436519000000317e+01 4.811854193202153018e-01 1.540269289999999902e+00
3.276680008000000299e+01 5.140502116849809955e-01 1.595623741999999901e+00
3.283668315999999976e+01 5.492047478685736506e-01 1.688974218000000027e+00
3.277768129999999758e+01 4.546591677968267464e-01 1.776192017000000067e+00
3.249703279999999950e+01 4.958312864494975880e-01 1.709711403000000018e+00
3.223914779999999780e+01 2.652969842798914013e-01 1.670730271999999905e+00
3.223892873999999864e+01 2.647192799528684248e-01 1.667057487999999976e+00
3.249643237000000084e+01 4.953312952154626525e-01 1.698900343999999896e+00
3.277682160999999894e+01 4.544834950163820220e-01 1.760143989999999992e+00
3.283610852000000335e+01 5.490611532151420393e-01 1.680681021000000053e+00
3.276645185999999654e+01 5.140491711119122842e-01 1.592116993999999952e+00
3.267414285000000262e+01 4.811107520641512703e-01 1.538669947999999899e+00
3.259085890000000063e+01 4.728215329877880624e-01 1.503269234000000010e+00
3.253401269999999812e+01 4.780860692192602790e-01 1.482009781999999998e+00
3.226921816000000121e+01 4.517467240411603968e-01 1.380046826000000060e+00
3.229688614999999885e+01 4.565277832210667408e-01 1.378145592000000086e+00
3.237570657999999924e+01 4.669566042857695720e-01 1.372514956000000064e+00
3.249372817999999796e+01 4.743175166533908360e-01 1.364074406999999933e+00
3.263332579000000067e+01 4.709867417344842377e-01 1.354239202999999891e+00
3.277436535999999734e+01 4.546721833700218540e-01 1.344510998000000068e+00
3.289767608999999737e+01 4.295178523840976204e-01 1.278515912000000032e+00
3.258374823999999848e+01 5.038305817208351689e-01 1.649879196000000103e+00
3.231581779999999782e+01 2.864761062613406795e-01 1.653268039000000078e+00
3.231558207999999865e+01 2.858688042818167130e-01 1.650102492999999892e+00
3.258317450999999920e+01 5.034647402606589051e-01 1.641750561999999913e+00
3.289774598999999711e+01 4.292855395882869129e-01 1.328385036000000019e+00
3.277438629000000248e+01 4.546301013569354343e-01 1.344439441000000013e+00
3.263336644999999692e+01 4.709400953561426184e-01 1.353838965000000005e+00
3.249378096000000227e+01 4.742775973284282243e-01 1.363611804000000038e+00
3.237575601000000347e+01 4.669303678251224277e-01 1.372125561000000049e+00
3.229691593999999810e+01 4.565157081463124822e-01 1.377924546000000028e+00
3.208412838999999650e+01 4.263544653502235882e-01 1.257107001999999918e+00
3.210666702000000328e+01 4.237430135639420059e-01 1.249347192999999967e+00
3.217102140000000077e+01 4.222653685162101600e-01 1.226881327999999938e+00
3.226737166000000201e+01 4.337374912981627473e-01 1.193723579000000035e+00
3.238062245999999789e+01 4.618999426590668089e-01 1.155718609000000008e+00
3.249226884000000126e+01 4.967699683853410431e-01 1.120369820999999932e+00
3.257946653999999853e+01 5.054192965618654609e-01 1.107055958999999978e+00
3.257116612000000089e+01 3.320263447455817363e-01 1.336133331999999951e+00
3.237275730000000351e+01 2.967180196091366851e-01 1.627782604999999938e+00
3.237248249000000300e+01 2.961091297346188367e-01 1.625176065000000003e+00
3.257092310000000168e+01 3.321264261789025896e-01 1.336517402999999993e+00
3.257962599999999753e+01 5.054674171633601887e-01 1.108108010999999893e+00
3.249251804000000021e+01 4.967268256908172752e-01 1.120257894000000087e+00
3.238090499999999849e+01 4.618163696893254899e-01 1.154917092999999895e+00
3.226764253000000338e+01 4.337060790249925302e-01 1.192642752000000028e+00
3.217123414000000281e+01 4.223055842667371440e-01 1.225899387999999979e+00
3.210678372000000280e+01 4.237948054912544782e-01 1.248770090999999915e+00
3.196942461000000080e+01 3.984645440704200903e-01 1.149555585000000102e+00
3.198054559999999924e+01 3.759874915759773284e-01 1.147970528999999962e+00
3.201522024999999871e+01 3.235609447052923415e-01 1.140477028000000059e+00
3.207363008000000093e+01 2.742488108121068358e-01 1.125911518999999972e+00
3.215034930000000202e+01 2.549654592586634849e-01 1.106621226999999985e+00
3.223404254999999807e+01 2.655868703036859957e-01 1.087282880000000063e+00
3.231088907000000177e+01 2.869398424430719685e-01 1.073162893999999978e+00
3.236817709999999693e+01 2.984200553116695964e-01 1.074809431999999898e+00
3.238569805000000201e+01 2.123818486753814294e-01 1.324012028999999924e+00
3.238537875000000099e+01 2.123814571684305985e-01 1.325404838000000085e+00
3.236819586000000015e+01 2.982004930476524485e-01 1.074319961000000045e+00
3.231103872999999993e+01 2.868170875902621431e-01 1.071759522000000020e+00
3.223428909999999803e+01 2.655275570320531076e-01 1.085233345000000016e+00
3.215066230000000047e+01 2.549982631064692251e-01 1.104173700000000036e+00
3.207396219000000315e+01 2.743758328453302364e-01 1.123425579999999924e+00
3.201550593999999705e+01 3.237207690852259567e-01 1.138410315000000006e+00
3.198071352999999917e+01 3.760978147394765658e-01 1.146783949000000025e+00
3.442386968999999652e+01 1.088266755960506371e-01 8.999986339000000113e-01
3.415038350999999750e+01 6.759298114080533049e-01 1.223447358999999901e+00
3.366161553999999967e+01 7.532651784306716447e-01 1.404052797000000075e+00
3.317161283000000083e+01 6.989230085618965971e-01 1.534361633999999919e+00
3.273372802000000092e+01 6.105526990972812706e-01 1.640317929999999924e+00
3.236937381999999985e+01 5.160212232515862807e-01 1.725226689999999952e+00
3.208750399000000186e+01 4.260648263113389622e-01 1.783805630000000031e+00
3.188779535000000109e+01 3.410940319925164221e-01 1.801618970999999902e+00
3.176684086999999934e+01 2.577255105421734083e-01 1.761888316999999926e+00
3.176655119999999854e+01 2.576050327500117310e-01 1.753697448999999908e+00
3.188729084999999941e+01 3.410257363032273004e-01 1.787586826000000073e+00
3.208701271999999705e+01 4.259443148392479950e-01 1.771403314999999923e+00
3.236889184000000341e+01 5.158952508026941608e-01 1.715276503999999980e+00
3.273323517000000038e+01 6.104672745417050184e-01 1.632806841000000064e+00
3.317110969000000154e+01 6.989129799948139432e-01 1.529235292999999940e+00
3.366112852999999916e+01 7.533640030738598670e-01 1.401160584000000098e+00
3.414999130000000349e+01 6.762630843403177883e-01 1.222632912999999988e+00
3.415423023999999685e+01 6.799591156955754334e-01 1.873794940000000020e+00
3.394316182000000026e+01 7.453055970751979453e-01 1.571497834000000093e+00
3.353795937999999666e+01 7.272619024909003915e-01 1.514797154000000035e+00
3.310612627999999802e+01 6.560492621489166787e-01 1.573892851999999953e+00
3.270895371000000296e+01 5.731155875571054548e-01 1.653382571000000079e+00
3.237329094999999768e+01 4.947597409366971122e-01 1.726778855999999918e+00
3.211005071000000299e+01 4.235715577391248599e-01 1.780243057999999934e+00
3.191814893999999825e+01 3.497901913026388310e-01 1.796350381000000107e+00
3.179301575999999940e+01 2.592458787765096195e-01 1.757253750000000059e+00
3.179272603000000075e+01 2.590769143435476263e-01 1.749274283999999957e+00
3.191762410999999844e+01 3.496957179083764466e-01 1.782400283000000085e+00
3.210952739999999750e+01 4.234189996732519168e-01 1.768032142000000029e+00
3.237277143000000024e+01 4.946052701688644082e-01 1.717156136000000055e+00
3.270842220000000111e+01 5.730087348117657298e-01 1.646296725000000016e+00
3.310558596999999992e+01 6.560160918643436201e-01 1.569254745000000062e+00
3.353743773000000061e+01 7.273064643723625711e-01 1.512384999000000008e+00
3.394273637999999949e+01 7.454187309840056841e-01 1.570710279999999903e+00
3.366351105999999760e+01 7.560643813936708257e-01 1.789921023000000000e+00
3.353880329999999788e+01 7.286714077242011367e-01 1.700839170999999928e+00
3.326319110000000023e+01 6.514028927890190834e-01 1.630281375000000033e+00
3.294838314999999795e+01 5.623244184922260303e-01 1.635520558000000069e+00
3.264766979000000191e+01 4.936066483498243729e-01 1.677283042000000002e+00
3.238646666000000351e+01 4.530841640091369249e-01 1.728059564000000048e+00
3.217425175000000337e+01 4.223258248422922523e-01 1.769637995000000075e+00
3.200445547000000346e+01 3.688976789002045287e-01 1.781510305000000072e+00
3.186796116000000012e+01 2.667180983251234982e-01 1.743839648000000020e+00
3.186766693999999944e+01 2.664235484078882332e-01 1.736413046000000016e+00
3.200388817999999702e+01 3.687632733068639257e-01 1.767754767000000005e+00
3.217368919999999832e+01 4.221145902844586906e-01 1.757949342000000081e+00
3.238592256999999819e+01 4.528676284446532252e-01 1.719282117999999970e+00
3.264713522000000268e+01 4.934429258531012330e-01 1.671160438000000026e+00
3.294786964000000040e+01 5.622332305315586032e-01 1.631767699000000071e+00
3.326273521000000244e+01 6.513727266004818439e-01 1.628467193000000091e+00
3.353848883999999941e+01 7.286811333980065530e-01 1.700268933999999899e+00
3.317200865000000221e+01 7.009658531854150443e-01 1.726139038999999986e+00
3.310626717000000241e+01 6.574511363315383994e-01 1.700705984999999920e+00
3.294824073000000197e+01 5.627897402136943228e-01 1.669820300999999896e+00
3.275869664999999742e+01 4.755622378434955499e-01 1.668365142000000079e+00
3.257410225000000281e+01 4.343676886665474024e-01 1.690560319999999894e+00
3.241070764999999909e+01 4.356927595667197672e-01 1.722931444000000090e+00
3.227028674999999680e+01 4.341156016437295317e-01 1.752449091999999986e+00
3.213333927000000045e+01 3.840496546737233174e-01 1.759759931999999916e+00
3.198104640000000032e+01 2.811701622493288366e-01 1.723428006000000012e+00
3.198074477000000115e+01 2.807168713839483520e-01 1.716705576000000066e+00
3.213271461000000073e+01 3.838810600663669637e-01 1.746183706000000058e+00
3.226969214999999735e+01 4.338209320657164803e-01 1.741500231999999926e+00
3.241016456999999917e+01 4.353897306616194562e-01 1.715267005000000067e+00
3.257360064000000222e+01 4.341161477532061719e-01 1.685536152999999926e+00
3.275824819999999704e+01 4.753870142487308659e-01 1.665455450999999920e+00
3.294787716999999816e+01 5.626830424386136675e-01 1.668480155999999992e+00
3.310604717999999735e+01 6.573965269951220769e-01 1.700302524000000037e+00
3.273285024999999848e+01 6.119589995655885240e-01 1.671677416999999943e+00
3.270807483000000104e+01 5.741944509474957714e-01 1.667423914000000007e+00
3.264686603999999903e+01 4.940429028507644094e-01 1.663023270000000053e+00
3.257358827000000190e+01 4.343807802790834449e-01 1.668635521999999982e+00
3.250445289000000315e+01 4.310986635448770254e-01 1.684897469000000036e+00
3.244366062999999656e+01 4.613289047443566715e-01 1.707312195999999949e+00
3.238307346999999936e+01 4.626315010036924913e-01 1.729458039000000058e+00
3.228528786999999767e+01 3.838941391715388063e-01 1.734817574000000029e+00
3.211583102000000167e+01 2.954191569228710734e-01 1.699214481999999915e+00
3.211552111000000309e+01 2.948125415185773868e-01 1.693169595000000083e+00
3.228459957999999830e+01 3.837073395445758095e-01 1.721267823000000030e+00
3.238246844999999752e+01 4.622335393388440350e-01 1.719382211000000105e+00
3.244315110000000146e+01 4.609726554085185612e-01 1.700865706999999949e+00
3.250401588999999802e+01 4.308047624088639505e-01 1.680960736999999927e+00
3.257322806999999898e+01 4.341523634481636029e-01 1.666498258999999926e+00
3.264660047000000276e+01 4.938833422259447659e-01 1.662102447000000094e+00
3.270792986000000013e+01 5.741061272613682265e-01 1.667164859999999971e+00
3.236738033999999686e+01 5.168015716586271679e-01 1.615567112999999999e+00
3.237137377999999899e+01 4.953648524208347781e-01 1.618114658000000095e+00
3.238479119000000139e+01 4.532397713760057956e-01 1.625825869000000035e+00
3.240944462000000215e+01 4.354364100238617419e-01 1.638587441000000089e+00
3.244296056999999678e+01 4.609782216292923063e-01 1.655680888000000017e+00
3.247693321999999938e+01 5.022144693335529597e-01 1.676123556999999931e+00
3.249411303000000117e+01 4.977134596254770282e-01 1.699170598000000032e+00
3.243830773999999906e+01 3.650166512995022816e-01 1.710577371999999929e+00
3.225275278000000156e+01 3.014126177054916034e-01 1.674861587999999957e+00
3.225243431999999899e+01 3.006701758420834980e-01 1.669381894000000033e+00
3.243755803999999898e+01 3.648290943760603144e-01 1.696830671999999929e+00
3.249353617999999955e+01 4.972389402176254358e-01 1.690205890000000100e+00
3.247649696999999946e+01 5.019089947359122172e-01 1.671034872999999976e+00
3.244261920999999660e+01 4.607549265730884192e-01 1.652851609999999916e+00
3.240919029999999879e+01 4.352498514721677147e-01 1.637194561000000048e+00
3.238462356000000142e+01 4.530908224657386740e-01 1.625296685999999990e+00
3.237129107999999889e+01 4.952791170977269841e-01 1.617991656999999917e+00
3.208449312999999847e+01 4.263030748607660181e-01 1.537829748000000052e+00
3.210711918999999881e+01 4.237183218431107012e-01 1.540575186000000096e+00
3.217158409999999691e+01 4.221764260824618087e-01 1.548565476999999913e+00
3.226804923000000258e+01 4.335048065706521014e-01 1.561307349000000011e+00
3.238139936000000318e+01 4.615521931157188784e-01 1.578666979999999942e+00
3.249312124000000068e+01 4.964687861471134833e-01 1.602036720000000081e+00
3.258037900000000064e+01 5.054326965666252613e-01 1.639416345999999969e+00
3.257180481999999699e+01 3.322435117735067500e-01 1.690260102000000098e+00
3.237276897999999647e+01 2.969886706549144662e-01 1.652577791999999990e+00
3.237243911000000196e+01 2.961340818259478591e-01 1.647580943999999992e+00
3.257100331000000182e+01 3.320675855229330842e-01 1.676138705999999923e+00
3.257992329999999725e+01 5.051494205570329354e-01 1.632730087000000108e+00
3.249283119999999769e+01 4.964350762740435408e-01 1.598901380999999899e+00
3.238120329000000197e+01 4.615308009295873148e-01 1.577136867999999970e+00
3.226792694000000239e+01 4.334504856670440831e-01 1.560645894999999950e+00
3.217151902999999891e+01 4.221070510245245599e-01 1.548352407999999958e+00
3.210709308999999934e+01 4.236718950859506561e-01 1.540539136000000031e+00
3.188367842999999979e+01 3.412388606043842976e-01 1.390909865000000023e+00
3.191405795000000012e+01 3.499372455032519480e-01 1.388284298999999944e+00
3.200048677000000197e+01 3.690737963408735056e-01 1.380732475999999931e+00
3.212957759999999752e+01 3.842556808818826664e-01 1.369610758999999955e+00
3.228179224000000147e+01 3.840990671263088130e-01 1.356875392999999930e+00
3.243509936000000238e+01 3.651647386095170922e-01 1.344596040999999964e+00
3.256886227999999761e+01 3.322651340725419900e-01 1.334333100000000050e+00
3.266675372000000266e+01 2.968285696525030382e-01 1.285167324999999972e+00
3.246013830999999783e+01 2.808625745079288971e-01 1.626939214000000078e+00
3.245978651000000070e+01 2.799734950656129762e-01 1.622637365000000109e+00
3.266680264000000022e+01 2.966317879734585716e-01 1.322772045000000007e+00
3.256887841999999722e+01 3.322450476946479658e-01 1.334610940999999995e+00
3.243513611000000196e+01 3.651431712591391432e-01 1.344504367999999950e+00
3.228185035999999997e+01 3.840867914747049250e-01 1.356635202000000096e+00
3.212964692999999983e+01 3.842611825480158894e-01 1.369325793000000013e+00
3.200054928000000132e+01 3.690938989488951605e-01 1.380485192999999944e+00
3.191409501000000049e+01 3.499558270931155124e-01 1.388141242000000108e+00
3.176134560999999934e+01 2.585157449136292196e-01 1.154094549000000081e+00
3.178749669000000111e+01 2.600346686679841923e-01 1.151217302999999914e+00
3.186243958000000021e+01 2.675772015472812626e-01 1.141897914999999930e+00
3.197556940000000125e+01 2.821286329839287621e-01 1.126951473000000092e+00
3.211045888000000303e+01 2.964438751460917176e-01 1.108533548000000035e+00
3.224753636999999884e+01 3.024605644779884139e-01 1.089991442999999949e+00
3.236774407000000053e+01 2.981158694816757881e-01 1.075356428999999947e+00
3.245541569000000237e+01 2.828148825690509072e-01 1.072586771999999966e+00
3.248883995999999996e+01 1.560995406552756481e-01 1.312344226000000003e+00
3.248855912999999873e+01 1.559768700184439028e-01 1.314928498000000001e+00
3.245543508000000088e+01 2.827750652583015389e-01 1.072623335000000067e+00
3.236784537999999856e+01 2.980930457229045150e-01 1.074640247000000048e+00
3.224769813999999712e+01 3.024428355202304908e-01 1.088775657000000008e+00
3.211066007000000155e+01 2.964613678737548774e-01 1.107003972000000003e+00
3.197577704000000054e+01 2.822098512516695856e-01 1.125365385999999912e+00
3.186261190000000099e+01 2.677104936853408335e-01 1.140576339999999966e+00
3.178759458000000038e+01 2.601433297135566924e-01 1.150464219999999926e+00
3.447336397000000119e+01 3.746647814194184467e-02 9.039873872000000476e-01
3.420609000999999694e+01 6.735707253611522560e-01 1.079880092000000014e+00
3.369579510999999883e+01 8.018734047700550871e-01 1.257647790000000043e+00
3.316523059000000018e+01 7.646279272390457127e-01 1.392824292000000019e+00
3.268324250999999947e+01 6.656110425306326350e-01 1.506355864000000100e+00
3.228039203000000157e+01 5.373216487088495752e-01 1.602745429000000055e+00
3.197199528999999885e+01 3.974175214270820322e-01 1.680048725000000021e+00
3.176462646999999961e+01 2.580960364033439425e-01 1.735387677000000073e+00
3.165872265999999868e+01 1.281787186304877701e-01 1.770121594999999992e+00
3.165824843000000044e+01 1.281667992322082783e-01 1.758770155999999973e+00
3.176434071999999986e+01 2.579689188727834481e-01 1.728584219999999894e+00
3.197178823999999864e+01 3.973341015158050604e-01 1.675465532000000035e+00
3.228020621999999662e+01 5.372598867478072249e-01 1.599384785999999892e+00
3.268305689000000314e+01 6.655739143636798527e-01 1.503959164999999931e+00
3.316504227000000071e+01 7.646271280727438002e-01 1.391303541000000088e+00
3.369561536999999873e+01 8.019222020954382968e-01 1.256913240999999903e+00
3.420595203999999967e+01 6.737108658007827655e-01 1.079833948999999960e+00
3.421165709000000277e+01 6.774855676056017462e-01 1.990112094000000109e+00
3.398364088999999666e+01 7.901915947571379606e-01 1.544012986000000032e+00
3.354845141999999925e+01 8.014032968174423788e-01 1.425990392999999967e+00
3.307702297000000158e+01 7.311153478501790648e-01 1.463116303000000062e+00
3.263879350999999929e+01 6.235729589699230413e-01 1.537166881000000096e+00
3.226836263999999943e+01 5.001385069474609812e-01 1.614748547000000034e+00
3.198317392999999953e+01 3.751177760042034293e-01 1.682096857999999973e+00
3.179075655000000111e+01 2.597353210883817098e-01 1.732078790000000090e+00
3.169122956000000002e+01 1.588407670484998646e-01 1.764428365999999970e+00
3.169074163000000155e+01 1.587856268952296257e-01 1.753119139999999909e+00
3.179044547999999892e+01 2.595368826543140162e-01 1.725433132999999897e+00
3.198292849999999987e+01 3.749865701088984093e-01 1.677685735000000067e+00
3.226813010000000048e+01 5.000520112819427654e-01 1.611568509999999899e+00
3.263855691999999920e+01 6.235249122274165723e-01 1.534956984999999996e+00
3.307677964999999887e+01 7.311026100335115130e-01 1.461782048999999972e+00
3.354820718999999940e+01 8.014176165489187431e-01 1.425411337999999972e+00
3.398342083000000002e+01 7.902227564980516261e-01 1.543866554000000058e+00
3.369917322999999953e+01 8.047783588919742437e-01 1.879538063999999897e+00
3.354997042000000107e+01 8.030490925261793977e-01 1.722977232999999941e+00
3.323128926999999777e+01 7.418458986569248514e-01 1.592709801000000036e+00
3.287255795000000091e+01 6.358245419436120427e-01 1.566758980999999995e+00
3.253269172000000253e+01 5.166708319201942512e-01 1.592572780000000021e+00
3.224243050999999838e+01 4.072914481995537628e-01 1.637929197000000059e+00
3.201775193999999658e+01 3.229678284211633943e-01 1.684554966000000098e+00
3.186549600000000027e+01 2.674128669143517878e-01 1.722075452999999978e+00
3.178353767000000119e+01 2.147621250319871333e-01 1.748454922000000078e+00
3.178301742000000019e+01 2.146565488193329097e-01 1.737226101000000078e+00
3.186516449999999878e+01 2.670927935701505329e-01 1.715835610000000067e+00
3.201748304000000189e+01 3.227444967609133797e-01 1.680557212999999939e+00
3.224217612000000344e+01 4.071471798755183502e-01 1.635142145000000102e+00
3.253244205000000022e+01 5.165855983562884779e-01 1.590705927999999991e+00
3.287231678999999929e+01 6.357774134741848160e-01 1.565672447000000078e+00
3.323106900999999880e+01 7.418200136870023442e-01 1.592227384000000079e+00
3.354980688999999927e+01 8.030435234918311682e-01 1.722817765999999917e+00
3.316693752999999845e+01 7.669387889092276200e-01 1.811512432000000006e+00
3.307805127000000311e+01 7.328239833993833718e-01 1.748376436000000034e+00
3.287276109999999818e+01 6.365090505885093730e-01 1.665818154999999967e+00
3.263496296999999657e+01 5.082502409462557047e-01 1.630898135000000027e+00
3.241034545000000122e+01 3.841434461939617351e-01 1.633019567999999921e+00
3.222080558999999766e+01 2.994945954922494935e-01 1.654422349000000070e+00
3.207588688999999960e+01 2.739088955397743219e-01 1.681647389000000103e+00
3.197826180999999934e+01 2.820844935510620766e-01 1.705825898999999923e+00
3.192105173999999934e+01 2.573767365304943100e-01 1.725196892999999898e+00
3.192048553000000055e+01 2.572361959492650008e-01 1.713978822000000068e+00
3.197792150000000078e+01 2.816341885735920703e-01 1.700099851000000051e+00
3.207561490999999876e+01 2.735611135897776380e-01 1.678135672000000023e+00
3.222055582000000129e+01 2.992446129818462364e-01 1.652057939999999947e+00
3.241011270999999994e+01 3.839883964228043012e-01 1.631481197000000050e+00
3.263475387999999811e+01 5.081564022456058760e-01 1.630019529999999994e+00
3.287258779999999803e+01 6.364497052154053369e-01 1.665425724999999968e+00
3.307794029000000080e+01 7.327936733576700945e-01 1.748257433000000027e+00
3.268355575999999729e+01 6.675186753170629927e-01 1.767574250000000013e+00
3.263886612000000298e+01 6.251377818812290377e-01 1.739212886000000013e+00
3.253244280999999916e+01 5.175802093634974677e-01 1.691131146999999890e+00
3.241007199999999955e+01 3.845201477210999919e-01 1.661080351999999927e+00
3.230009876999999818e+01 2.701243529590944825e-01 1.652844125000000108e+00
3.221366242999999940e+01 2.251979126777207407e-01 1.659099812000000007e+00
3.215218088000000307e+01 2.548312642730955480e-01 1.671903036000000009e+00
3.211267451999999878e+01 2.965401259695387703e-01 1.685244049000000022e+00
3.208269065000000353e+01 2.715619811551241436e-01 1.698734632999999938e+00
3.208207138000000214e+01 2.714035518550810266e-01 1.687347453999999969e+00
3.211233877000000092e+01 2.959722024742428292e-01 1.680011890999999924e+00
3.215192331000000081e+01 2.543808380337990727e-01 1.668837201999999964e+00
3.221343616000000054e+01 2.248075680327828174e-01 1.657108392999999902e+00
3.229989985000000274e+01 2.698611579632293478e-01 1.651588255999999921e+00
3.240990639999999701e+01 3.843686536186112779e-01 1.660384115999999910e+00
3.253231835999999788e+01 5.174910983907742290e-01 1.690832506000000013e+00
3.263879527000000280e+01 6.250924095783986223e-01 1.739133054000000067e+00
3.227952291999999801e+01 5.388226345467103107e-01 1.737189977000000107e+00
3.226743877999999910e+01 5.014381733161543675e-01 1.723262185000000057e+00
3.224149005999999673e+01 4.081744480465644420e-01 1.694884185000000043e+00
3.222002478999999653e+01 3.000135058829546675e-01 1.670921660999999947e+00
3.221322144999999892e+01 2.254316791882903237e-01 1.657987987999999913e+00
3.222057427000000018e+01 2.225786418970484015e-01 1.654802061000000046e+00
3.223536732000000171e+01 2.656289950991337356e-01 1.657703933999999935e+00
3.224922852000000262e+01 3.027461796395246596e-01 1.663313813999999891e+00
3.224497906999999941e+01 2.547284646586979173e-01 1.673212903999999890e+00
3.224430684000000014e+01 2.545663058816523550e-01 1.661435210000000051e+00
3.224890840999999853e+01 3.020822478911573405e-01 1.658498825999999982e+00
3.223513504000000296e+01 2.651501630208241145e-01 1.655008577000000036e+00
3.222038101999999782e+01 2.221530375318478689e-01 1.653122696000000058e+00
3.221306234000000046e+01 2.250989137599809509e-01 1.656976817999999962e+00
3.221990316000000121e+01 2.998174627928389957e-01 1.670396237999999922e+00
3.224140806999999853e+01 4.080691392726438771e-01 1.694685940000000057e+00
3.226739709999999661e+01 5.013896690808332668e-01 1.723225817999999965e+00
3.197016045999999889e+01 3.984201288873145952e-01 1.711333360000000026e+00
3.198137227000000138e+01 3.759980750271842975e-01 1.703888421999999903e+00
3.201611013000000128e+01 3.235891371499799996e-01 1.686366409999999982e+00
3.207454826000000025e+01 2.742937417800124789e-01 1.667522858000000108e+00
3.215125994000000276e+01 2.550355581240991154e-01 1.653051577000000050e+00
3.223491483000000102e+01 2.656808944780005288e-01 1.644597070000000105e+00
3.231170446000000140e+01 2.870620958081220309e-01 1.641399948000000109e+00
3.236893433000000186e+01 2.985698756148765787e-01 1.642233464999999892e+00
3.238619974000000212e+01 2.122761996595090572e-01 1.651957147000000070e+00
3.238548169999999971e+01 2.121150952430684300e-01 1.639638708999999972e+00
3.236863821000000030e+01 2.978562593818981918e-01 1.637797764000000100e+00
3.231150218999999879e+01 2.866210714527447911e-01 1.639028265999999956e+00
3.223475630000000081e+01 2.653377112569688667e-01 1.643192012999999951e+00
3.215113844999999770e+01 2.547659088128876870e-01 1.652263371999999952e+00
3.207446396000000277e+01 2.741134716361017243e-01 1.667162295000000016e+00
3.201606026999999699e+01 3.234916267249801081e-01 1.686271263000000076e+00
3.198135024000000115e+01 3.759571323296415080e-01 1.703898128000000067e+00
3.176200146000000046e+01 2.583872727682280379e-01 1.667180010999999906e+00
3.178820900999999921e+01 2.599355613266345344e-01 1.663393928000000077e+00
3.186320388000000037e+01 2.674341314341952547e-01 1.653566505999999992e+00
3.197636770000000084e+01 2.819309360344126048e-01 1.641112944000000073e+00
3.211126396000000227e+01 2.962312768666106044e-01 1.629564728000000073e+00
3.224832168999999737e+01 3.022828042818262451e-01 1.621196403999999980e+00
3.236849457000000285e+01 2.980217237361912908e-01 1.616810660000000066e+00
3.245613878000000341e+01 2.828757598081707014e-01 1.617155200000000015e+00
3.248939505999999966e+01 1.557995905438048223e-01 1.636973417000000097e+00
3.248864541999999744e+01 1.556111560996334131e-01 1.624146617999999931e+00
3.245588318000000072e+01 2.822875696211136209e-01 1.613374848999999944e+00
3.236833012999999681e+01 2.977251628178894105e-01 1.614908605000000108e+00
3.224820048000000128e+01 3.020842082487402713e-01 1.620156254999999934e+00
3.211117823000000016e+01 2.960893837915755111e-01 1.629059481999999948e+00
3.197631494000000174e+01 2.818352063409130248e-01 1.640954991000000085e+00
3.186317800000000133e+01 2.673803321247940623e-01 1.653593730000000095e+00
3.178820009000000013e+01 2.599143055237782551e-01 1.663456550000000034e+00
3.165449814999999845e+01 1.280830610041263640e-01 1.402744462000000025e+00
3.168705390999999949e+01 1.588208460452281146e-01 1.399344734999999895e+00
3.177952374999999918e+01 2.148722685158993284e-01 1.389956007999999965e+00
3.191729167000000089e+01 2.575583479445704982e-01 1.376407286999999924e+00
3.207924203999999690e+01 2.717181685757480980e-01 1.361183641000000000e+00
3.224185594000000066e+01 2.547244877280410158e-01 1.346765463999999968e+00
3.238337045000000103e+01 2.119180087757331077e-01 1.335007206000000002e+00
3.248678962000000325e+01 1.547470849448803754e-01 1.326665513000000018e+00
3.254107882000000274e+01 1.052986163533256997e-01 1.293024302000000070e+00
3.254111178000000137e+01 1.050020817089463848e-01 1.321173622999999964e+00
3.248679408999999652e+01 1.547286396884276216e-01 1.328218134999999966e+00
3.238338054999999827e+01 2.119064118700514920e-01 1.335950477999999997e+00
3.224187533999999999e+01 2.547192484915673516e-01 1.347465818999999954e+00
3.207927073999999834e+01 2.717251540977514424e-01 1.361724651000000064e+00
3.191732491000000138e+01 2.575824966112704728e-01 1.376811848000000005e+00
3.177955332999999882e+01 2.149117557401602208e-01 1.390228170000000096e+00
3.168707135000000008e+01 1.588596025425323133e-01 1.399482198000000066e+00
