1.523196502000000052e+01 0.000000000000000000e+00 2.157941616000000007e+00
1.520725142999999946e+01 7.390553701589507030e-02 2.137069091999999948e+00
1.513220517999999970e+01 1.502831045075333771e-01 2.098757331999999920e+00
1.500473170000000067e+01 2.300553824779646428e-01 2.037163580000000085e+00
1.482324047000000000e+01 3.102492838470980452e-01 1.955174943000000054e+00
1.459057533000000006e+01 3.796127262525630930e-01 1.857309228000000090e+00
1.557055199000000023e+01 9.062916014262444031e-02 2.267042367999999808e+00
1.562146476000000028e+01 5.942018195386482293e-02 2.268297094999999874e+00
1.564863642000000077e+01 2.067245488745747539e-02 2.269010395000000013e+00
1.520857389000000026e+01 7.387124711003796584e-02 2.246220913000000152e+00
1.518742830999999960e+01 8.578217091760340085e-02 2.138538622000000000e+00
1.512309207999999927e+01 1.355074160973622488e-01 2.100280494000000164e+00
1.500811314999999979e+01 2.112004884649060221e-01 2.040039002999999962e+00
1.483985041000000038e+01 2.927840319633486232e-01 1.960105471000000099e+00
1.487117091000000002e+01 1.140168347648505387e+00 1.713996856000000069e+00
1.556229547999999951e+01 1.975756032666505790e-01 2.184182258999999959e+00
1.563131549999999947e+01 6.607008331187219641e-02 2.218507472000000202e+00
1.566046485000000033e+01 2.265914810620979492e-02 2.221813051999999900e+00
1.513357109000000023e+01 1.502201486000771802e-01 2.215589707999999991e+00
1.512347175000000021e+01 1.351181973434522898e-01 2.115063538999999881e+00
1.508852004000000058e+01 1.113153450360642310e-01 2.083052266000000152e+00
1.501268488000000012e+01 1.494221495131570765e-01 2.026212381000000118e+00
1.488713399999999965e+01 2.385038985417832769e-01 1.947083120000000056e+00
1.499975923999999949e+01 1.030912881563234462e+00 1.865949274000000102e+00
1.546171668000000032e+01 3.707419439215032808e-01 2.095242837999999885e+00
1.558165681999999919e+01 1.800609907535007659e-01 2.133670042999999961e+00
1.562475448000000000e+01 1.257750342305597735e-01 2.138725905999999899e+00
1.500616508999999965e+01 2.299697656986043615e-01 2.165760829999999970e+00
1.500879995999999927e+01 2.108019724873639866e-01 2.065752627999999813e+00
1.501312026000000088e+01 1.488118769250010021e-01 2.041787278000000150e+00
1.500136786000000022e+01 5.560792923255945125e-02 1.995114196000000062e+00
1.495524340999999957e+01 1.467398597839382202e-01 1.923086942999999938e+00
1.495636615999999997e+01 4.790960568514455176e-01 1.911096286000000033e+00
1.529598443000000074e+01 4.268505556151386826e-01 2.032251381000000023e+00
1.544352862999999942e+01 2.862089700855142693e-01 2.056214369000000097e+00
1.550109619000000016e+01 2.395112868074571744e-01 2.060031476999999889e+00
1.482475969000000049e+01 3.101487391297335083e-01 2.098552510999999843e+00
1.484078073000000053e+01 2.925529162227957780e-01 1.995260376999999918e+00
1.488798324999999956e+01 2.378509886260904427e-01 1.975138902000000085e+00
1.495582489999999964e+01 1.456364840818864526e-01 1.939213979000000032e+00
1.502946646999999913e+01 1.505329991983029858e-01 1.882270818999999928e+00
1.509617796999999939e+01 3.632532137935303163e-01 1.817375686999999962e+00
1.518187230000000021e+01 2.250846651605438176e-01 1.877541947999999961e+00
1.527801806000000084e+01 1.977115317627483604e-01 1.960994998999999961e+00
1.532715490000000003e+01 2.628641744322411933e-01 1.983625768000000011e+00
1.459218906999999987e+01 3.795521098139552074e-01 2.016907153000000008e+00
1.487247714000000087e+01 1.138003913827452696e+00 1.667000548999999943e+00
1.500040092000000058e+01 1.028269596444141731e+00 1.726011235999999949e+00
1.495739595000000044e+01 4.749382763158936371e-01 1.786696456000000044e+00
1.509711884999999931e+01 3.624052062346767578e-01 1.819874736999999909e+00
1.536780860000000004e+01 5.896241313169914289e-01 1.776998054000000105e+00
1.559480624000000049e+01 8.351821473229190662e-01 1.697353515000000090e+00
1.567222525000000033e+01 1.048281851534325515e+00 1.601118199000000075e+00
1.565341148000000082e+01 1.172270279777346991e+00 1.520299743000000037e+00
1.556896513999999954e+01 9.067344962833411015e-02 2.145318996999999950e+00
1.556122154000000002e+01 1.961151732490224731e-01 2.085515764999999799e+00
1.546097344999999912e+01 3.698553301539483917e-01 1.992618607000000042e+00
1.529550197999999916e+01 4.258299475740905948e-01 1.917633455999999903e+00
1.518273233000000033e+01 2.263063861244097863e-01 1.809824153999999963e+00
1.559555615999999922e+01 8.343175110475834488e-01 1.790224266000000064e+00
1.609280439000000129e+01 8.589928326760792876e-01 1.771098456000000043e+00
1.636157870999999986e+01 9.531877744588413970e-01 1.692926732000000101e+00
1.641447000999999872e+01 1.039840640313778763e+00 1.623089301000000040e+00
1.561989196999999940e+01 5.943934112157546468e-02 2.148391369000000051e+00
1.562999265000000015e+01 6.594363292151787792e-02 2.118934353000000215e+00
1.558064165999999950e+01 1.796701740275527259e-01 2.049028807000000008e+00
1.544272270999999996e+01 2.857910086034010089e-01 1.969241008000000015e+00
1.527773722000000056e+01 1.950650226166112944e-01 1.873335600999999961e+00
1.567343170000000008e+01 1.047685479627449734e+00 1.812628144000000052e+00
1.636238821999999971e+01 9.526217514939973041e-01 1.869816748999999945e+00
1.684861416000000034e+01 6.733821395256031073e-01 1.855712260000000002e+00
1.699875103999999837e+01 6.784195853636834084e-01 1.754564543999999948e+00
1.564707016000000017e+01 2.067901084157869676e-02 2.150054176999999900e+00
1.565911340999999979e+01 2.280093965759711142e-02 2.121710632000000096e+00
1.562368262999999935e+01 1.254479886703704083e-01 2.057487157000000177e+00
1.550019235000000073e+01 2.392778508412369831e-01 1.981625519999999918e+00
1.532642240000000022e+01 2.623515132283069651e-01 1.899896932000000094e+00
1.565492740000000005e+01 1.171915118680460610e+00 1.829939586000000062e+00
1.641583414000000118e+01 1.039551761669140539e+00 1.923097947999999890e+00
1.699993539000000098e+01 6.780102842104913652e-01 1.991636423000000100e+00
1.729610939000000158e+01 2.465657133245115762e-01 1.930440839000000075e+00
1.520857739000000031e+01 7.387886125553563832e-02 2.246594605999999938e+00
1.518714778999999915e+01 8.588795910800615940e-02 2.120047442000000171e+00
1.512281100999999950e+01 1.355412248139127029e-01 2.080848448999999878e+00
1.500785001999999935e+01 2.111508414972374792e-01 2.019832721000000220e+00
1.483962005999999967e+01 2.926471177095317233e-01 1.937566839999999901e+00
1.487227228000000068e+01 1.141017890450270134e+00 1.738799240000000079e+00
1.556214416000000078e+01 1.974479076771620267e-01 2.235889650999999922e+00
1.563119301000000050e+01 6.616871273983211676e-02 2.244101541000000033e+00
1.566040521999999946e+01 2.272155044622528944e-02 2.240481925000000096e+00
1.566047561000000066e+01 2.255246762089814158e-02 2.237405399000000017e+00
1.563139005999999931e+01 6.599847550827125930e-02 2.235023337999999971e+00
1.556234453000000073e+01 1.979516538220605082e-01 2.223862326999999972e+00
1.487100376000000068e+01 1.138952836131651214e+00 1.778216280000000094e+00
1.484011360000000046e+01 2.928113365035235338e-01 1.935018574000000102e+00
1.500829715999999969e+01 2.110622973051499152e-01 2.017470239000000110e+00
1.512314691999999994e+01 1.352569798175679572e-01 2.081174203999999861e+00
1.518732407000000073e+01 8.552808021385784054e-02 2.123634440000000012e+00
1.518852855999999996e+01 8.603493683094942668e-02 2.224771088999999868e+00
1.524824418999999942e+01 1.090019937614336715e-01 2.112924078999999900e+00
1.517862004999999925e+01 1.655531152777525716e-01 2.081406201000000067e+00
1.506932467000000031e+01 2.238937006446564959e-01 2.019839307999999889e+00
1.495779916000000043e+01 2.828175055993344400e-01 1.923294373999999918e+00
1.517790622999999961e+01 1.350662791900787196e+00 1.682837794999999970e+00
1.561351825000000026e+01 1.123151431491099111e-01 2.195069456999999780e+00
1.566195648000000062e+01 8.930947397013765110e-02 2.193021944999999917e+00
1.568771918999999926e+01 7.041139332729830225e-02 2.190593318999999983e+00
1.568780877000000018e+01 7.043512203711081721e-02 2.187452459000000182e+00
1.566221816000000011e+01 8.938469121172187837e-02 2.183554983000000060e+00
1.561393119999999968e+01 1.124536307772741189e-01 2.179147368000000196e+00
1.517759618000000010e+01 1.349825363412562540e+00 1.691696110000000086e+00
1.495789051999999941e+01 2.828882926205823489e-01 1.928209311999999898e+00
1.506944683999999945e+01 2.239247497717895552e-01 2.021248699000000038e+00
1.517871318000000080e+01 1.655435752076659661e-01 2.081525889999999990e+00
1.524830674999999935e+01 1.091862694186718497e-01 2.119083094000000056e+00
1.512429279999999920e+01 1.353835353238010408e-01 2.205071529000000030e+00
1.517963182999999994e+01 1.653285026455530715e-01 2.189833359000000090e+00
1.517580620000000025e+01 2.068397967741414101e-01 2.111708950999999779e+00
1.510421775000000011e+01 2.335163313231199134e-01 2.030468287999999788e+00
1.505241342999999965e+01 3.547492965160294331e-01 1.932842230000000106e+00
1.533429272000000054e+01 9.406105043864992910e-01 1.894527406999999997e+00
1.558120126999999933e+01 3.110671858769924469e-01 2.092726906000000220e+00
1.565431492999999996e+01 1.877345018714430824e-01 2.103281394000000137e+00
1.568614325000000065e+01 1.498850317261526399e-01 2.101492808999999795e+00
1.568624033000000040e+01 1.499687719093287797e-01 2.097968112000000218e+00
1.565459992999999983e+01 1.879745015709063383e-01 2.092419206000000198e+00
1.558164645999999998e+01 3.114945666283894798e-01 2.072779434000000087e+00
1.533453463000000028e+01 9.417260474058103403e-01 1.865009248000000008e+00
1.505255548000000054e+01 3.548264415771251179e-01 1.917293665999999952e+00
1.510440192000000081e+01 2.335531519041915138e-01 2.010380334999999796e+00
1.517600372999999969e+01 2.069326342855526135e-01 2.068086434000000029e+00
1.517996802000000045e+01 1.654496201187374838e-01 2.119050550999999949e+00
1.500943992000000016e+01 2.109917816863453588e-01 2.167714419000000170e+00
1.507047734000000005e+01 2.236484226538204834e-01 2.136898211000000103e+00
1.510483222000000048e+01 2.334763098043262652e-01 2.080537812000000208e+00
1.509153734000000036e+01 2.257869856450571977e-01 2.015090036999999779e+00
1.508768970000000031e+01 3.309349025244181508e-01 1.941394658999999967e+00
1.527122261999999964e+01 6.652159621078850282e-01 1.938683072999999979e+00
1.547609890000000021e+01 4.406060384083728687e-01 1.999672412000000010e+00
1.557252281000000060e+01 3.258450098136970174e-01 2.007338503000000163e+00
1.561386740000000017e+01 2.842698281465499965e-01 2.004326454000000091e+00
1.561396612999999967e+01 2.843783503208695551e-01 1.999656102000000102e+00
1.557281970999999920e+01 3.261401248956871668e-01 1.992990054999999927e+00
1.547658535000000057e+01 4.410280512614178083e-01 1.974052504999999957e+00
1.527175968999999967e+01 6.658979431144814720e-01 1.900076193000000080e+00
1.508809235000000015e+01 3.311558857768931996e-01 1.912675809000000005e+00
1.509187273000000040e+01 2.258712525895842371e-01 1.982715309000000037e+00
1.510515941000000062e+01 2.337104957531561111e-01 2.027628707999999946e+00
1.507082903000000051e+01 2.237801057982477804e-01 2.071533309999999961e+00
1.484136645999999971e+01 2.923836347585244133e-01 2.114529112000000044e+00
1.495909177999999962e+01 2.826475062495368284e-01 2.039099686000000133e+00
1.505336250000000042e+01 3.549055125859894022e-01 1.977587599000000029e+00
1.508822121000000038e+01 3.310059760733396472e-01 1.938456822000000024e+00
1.513152410000000003e+01 3.164618892275809503e-01 1.894907257999999928e+00
1.527419498999999981e+01 5.044924223762137228e-01 1.865625711000000075e+00
1.543479282999999924e+01 4.953860129185015948e-01 1.866074387000000057e+00
1.552326281000000030e+01 4.531492283101166696e-01 1.860580922000000026e+00
1.556005640000000056e+01 4.331259246782729888e-01 1.854535924999999974e+00
1.556014202000000068e+01 4.332760143262550656e-01 1.846809482999999918e+00
1.552354674000000045e+01 4.535083412819516102e-01 1.838056102999999997e+00
1.543532304000000011e+01 4.957259184480103942e-01 1.831252947000000075e+00
1.527487329000000038e+01 5.047640613227701856e-01 1.827618693000000016e+00
1.513199076999999981e+01 3.164154786859670332e-01 1.870388828000000059e+00
1.508847961000000026e+01 3.308162067372521498e-01 1.908065700000000087e+00
1.505361302999999928e+01 3.549934479387730213e-01 1.927345187000000015e+00
1.495940241999999998e+01 2.828580493027134657e-01 1.980893409000000105e+00
1.487174116999999995e+01 1.135023569407243693e+00 1.613313876000000091e+00
1.517856605000000059e+01 1.348535288538132537e+00 1.631330479999999916e+00
1.533474335000000011e+01 9.385773456025537920e-01 1.801137211999999987e+00
1.527160006000000081e+01 6.641813714118175449e-01 1.851391766999999966e+00
1.527477522000000043e+01 5.042861933380905493e-01 1.829204124000000098e+00
1.549011972999999998e+01 6.819317437089952305e-01 1.787321334999999900e+00
1.573621576000000033e+01 8.407026504484841345e-01 1.722188422999999968e+00
1.584414248999999941e+01 9.533285818520315091e-01 1.649487756000000083e+00
1.586051271000000007e+01 9.876794550575812570e-01 1.601100155999999997e+00
1.586054385000000089e+01 9.876392444559275452e-01 1.592438972000000064e+00
1.584429938999999976e+01 9.531215056741314529e-01 1.628193492000000075e+00
1.573656637000000025e+01 8.402083438580316699e-01 1.696587848999999926e+00
1.549049409000000033e+01 6.814877149552047708e-01 1.768068310999999948e+00
1.527480485000000066e+01 5.038409958609496586e-01 1.825331620999999904e+00
1.527150873999999980e+01 6.644320331830020354e-01 1.846898855999999922e+00
1.533462635999999968e+01 9.389429298603975127e-01 1.782919874999999932e+00
1.517855557000000033e+01 1.348060156241057905e+00 1.592693388000000043e+00
1.556031937000000021e+01 1.987631206029759068e-01 2.081407170999999945e+00
1.561231753999999938e+01 1.126119889266020690e-01 2.087326067999999868e+00
1.558053753000000086e+01 3.105194320905566574e-01 2.004261204000000074e+00
1.547584061000000055e+01 4.401851093313362551e-01 1.920332410999999961e+00
1.543525329999999940e+01 4.952565380035842124e-01 1.840770060000000097e+00
1.573691475000000040e+01 8.401843431635541704e-01 1.801584932999999999e+00
1.620918273999999926e+01 8.992696349966181613e-01 1.778392243999999955e+00
1.647559004000000016e+01 9.703040487432361694e-01 1.703283128999999896e+00
1.653384643000000054e+01 1.039155571718024973e+00 1.636715616000000040e+00
1.653380355999999907e+01 1.039048156857715677e+00 1.631316003000000014e+00
1.647553081999999947e+01 9.699676336865280524e-01 1.690885168999999966e+00
1.620918939999999964e+01 8.987733817199282660e-01 1.765740703000000078e+00
1.573683703999999928e+01 8.400381073375000618e-01 1.796592058999999963e+00
1.543504491000000023e+01 4.952570795995960840e-01 1.850300008000000052e+00
1.547588262000000014e+01 4.406375383827634273e-01 1.931389822000000089e+00
1.558069481000000067e+01 3.108733110182801407e-01 2.014961298999999872e+00
1.561246416000000004e+01 1.127290966575766051e-01 2.095807032999999819e+00
1.562963562999999922e+01 6.625617189688155773e-02 2.116151550000000103e+00
1.566068830999999939e+01 8.961147106783381999e-02 2.088583482000000213e+00
1.565341306999999915e+01 1.875848236275184100e-01 2.023516439999999861e+00
1.557197067000000068e+01 3.257300003829968205e-01 1.943451401999999995e+00
1.552343929000000067e+01 4.534965069518674396e-01 1.856754486999999898e+00
1.584522465000000047e+01 9.532305690867325376e-01 1.826360374000000064e+00
1.647640082999999933e+01 9.696879318183155849e-01 1.872685147000000105e+00
1.694884330000000006e+01 7.151825250787001709e-01 1.858151807999999905e+00
1.709731019000000174e+01 7.144930421642612384e-01 1.759342903999999930e+00
1.709716047999999944e+01 7.143164758733470121e-01 1.755330115000000024e+00
1.694855503999999868e+01 7.149218282597840091e-01 1.851306617000000099e+00
1.647611944999999878e+01 9.695060391917402765e-01 1.867061722000000090e+00
1.584479559000000037e+01 9.532698999546566077e-01 1.827764262999999945e+00
1.552318604000000057e+01 4.535789116134799071e-01 1.869813968000000104e+00
1.557207587999999987e+01 3.261080443032624010e-01 1.956448324999999988e+00
1.565360397000000070e+01 1.878013050563254738e-01 2.034982126000000058e+00
1.566081958999999912e+01 8.976127968629431242e-02 2.096129047999999884e+00
1.565884536999999987e+01 2.265877492911638411e-02 2.119268942999999794e+00
1.568638244999999998e+01 7.074518891322199854e-02 2.089450593000000023e+00
1.568512693999999996e+01 1.497725559453852162e-01 2.026360926000000173e+00
1.561316921999999963e+01 2.841902508716018794e-01 1.949100177999999906e+00
1.556004609000000016e+01 4.335859529607645202e-01 1.864305684000000074e+00
1.586177784000000024e+01 9.880460919065177094e-01 1.841143317000000001e+00
1.653517798000000028e+01 1.038736026981439631e+00 1.922385562999999964e+00
1.709842506000000029e+01 7.139273029869704912e-01 1.988765867999999992e+00
1.738735275999999885e+01 3.510059155025237465e-01 1.929207080000000074e+00
1.738696600999999831e+01 3.509671287634064107e-01 1.927133243999999967e+00
1.709808297000000010e+01 7.138732246067079901e-01 1.985588424999999990e+00
1.653471882999999920e+01 1.038836982408509524e+00 1.919326842999999894e+00
1.586110277000000046e+01 9.880784335441235022e-01 1.845180207000000072e+00
1.555980190000000007e+01 4.337079371698294716e-01 1.878102659999999924e+00
1.561328972999999998e+01 2.845544692965381595e-01 1.962191961000000040e+00
1.568530812000000019e+01 1.499940529805792178e-01 2.037570806000000179e+00
1.568649526999999999e+01 7.093922014434057843e-02 2.096564961999999976e+00
1.513356500999999987e+01 1.502319517590212095e-01 2.205985908000000162e+00
1.512310798999999939e+01 1.352441177953525031e-01 2.109029367999999849e+00
1.508806786999999971e+01 1.115128610654996938e-01 2.071951681999999906e+00
1.501222356999999974e+01 1.493894418506589161e-01 2.011241967000000130e+00
1.488673894000000075e+01 2.382021291592008039e-01 1.928030628999999996e+00
1.500060434999999970e+01 1.029916480615707064e+00 1.907964768999999894e+00
1.546162095000000036e+01 3.702252391177746071e-01 2.164110283999999940e+00
1.558146711000000018e+01 1.801016879093858269e-01 2.184836191000000039e+00
1.562463613000000073e+01 1.258574458665812357e-01 2.181304409000000000e+00
1.562473707999999917e+01 1.257803632959148821e-01 2.177533831999999947e+00
1.558171907000000012e+01 1.800584399703697436e-01 2.173965191999999824e+00
1.546172342000000022e+01 3.710388103299511742e-01 2.150504447999999957e+00
1.499956771000000089e+01 1.029905260626431618e+00 1.935314945000000009e+00
1.488766844999999961e+01 2.384502666465769805e-01 1.923051384000000086e+00
1.501305937999999962e+01 1.491582351419311059e-01 2.005818967000000175e+00
1.508869390999999993e+01 1.109839489164693299e-01 2.069517419999999941e+00
1.512344116999999954e+01 1.349442797729990540e-01 2.109320206000000031e+00
1.512425812999999941e+01 1.354167860713664240e-01 2.169680124000000099e+00
1.517930012999999967e+01 1.653848231858403850e-01 2.128037551999999888e+00
1.517539885999999960e+01 2.070374349443407092e-01 2.063625614000000219e+00
1.510390456000000015e+01 2.336756674088764085e-01 2.002023953000000134e+00
1.505216326999999943e+01 3.549891108726498934e-01 1.907597065999999897e+00
1.533425133000000073e+01 9.405047288246066728e-01 1.908574706000000010e+00
1.558104703999999963e+01 3.112144943886623327e-01 2.123273880999999808e+00
1.565417674000000048e+01 1.879629888879106592e-01 2.129055117000000052e+00
1.568605201999999998e+01 1.500429850486765804e-01 2.125387726000000033e+00
1.568620199000000071e+01 1.500112928341900131e-01 2.121769430000000067e+00
1.565459837000000043e+01 1.879609005518541875e-01 2.118518637999999843e+00
1.558160649000000042e+01 3.116786403818502804e-01 2.108278998999999931e+00
1.533415843000000045e+01 9.417942518156338094e-01 1.917834687999999899e+00
1.505245490999999980e+01 3.544812220927668345e-01 1.922801409999999933e+00
1.510427849999999950e+01 2.333401832486633465e-01 2.013310689999999958e+00
1.517581962000000040e+01 2.067514753779447212e-01 2.082846146000000065e+00
1.517983498999999981e+01 1.653765871263105369e-01 2.131676958999999982e+00
1.508956180000000025e+01 1.112125296237970046e-01 2.163229643000000202e+00
1.517644216999999962e+01 2.063797523238280474e-01 2.157349350000000054e+00
1.529678340999999975e+01 1.844922383528116994e-01 2.044272267000000198e+00
1.522475655999999944e+01 2.016505995233265069e-01 1.989445055000000018e+00
1.526817617999999932e+01 4.958050894227087890e-01 1.863373047999999921e+00
1.560409051000000069e+01 1.276524640055853865e-01 2.068250899000000143e+00
1.567513167000000074e+01 1.062181293516037822e-01 2.053310726999999947e+00
1.572494863000000009e+01 8.294260439539084817e-02 2.042437905999999970e+00
1.575073880000000059e+01 6.527519580606824801e-02 2.035277967999999937e+00
1.575091856000000057e+01 6.520398344120946488e-02 2.031583717000000178e+00
1.572547138999999916e+01 8.280240794759263778e-02 2.031458874000000137e+00
1.567594831000000077e+01 1.060973098118047075e-01 2.035361862999999882e+00
1.560512029000000034e+01 1.275994786400876935e-01 2.043888515999999989e+00
1.526823034000000057e+01 4.952975502690893372e-01 1.872016015000000033e+00
1.522495198999999921e+01 2.016594112929553373e-01 1.991910056999999901e+00
1.529696537000000056e+01 1.856177337246859016e-01 2.052143747000000129e+00
1.517705244000000064e+01 2.068677458012440906e-01 2.119363989000000004e+00
1.501399705999999945e+01 1.490445006884593970e-01 2.137728991999999995e+00
1.510524468999999925e+01 2.330399796789792699e-01 2.125551015000000099e+00
1.522571394999999939e+01 2.012425400091551186e-01 2.083232122000000075e+00
1.525174853000000041e+01 2.438186041921514557e-01 2.005369561999999828e+00
1.532388882000000052e+01 4.855605215235739291e-01 1.926154080999999962e+00
1.555170043999999940e+01 3.843216312676638879e-01 1.967392776999999926e+00
1.566353827999999915e+01 2.268412821256134138e-01 1.962320010000000003e+00
1.572578477999999969e+01 1.775319794010701557e-01 1.947476277999999894e+00
1.575573168000000024e+01 1.581666527150938639e-01 1.937077724999999973e+00
1.575592235999999957e+01 1.581850255594796917e-01 1.932529635000000079e+00
1.572634623999999981e+01 1.775820720658184693e-01 1.933939143999999999e+00
1.566443733999999921e+01 2.269224810132822734e-01 1.939826111999999991e+00
1.555283606999999968e+01 3.847602234654649012e-01 1.934304272999999963e+00
1.532452037999999916e+01 4.864012381826361420e-01 1.894583590999999956e+00
1.525219410000000053e+01 2.438894176733771846e-01 1.967380515999999968e+00
1.522641647000000020e+01 2.016196590011159473e-01 2.021004105999999911e+00
1.510579734999999957e+01 2.335521462876135601e-01 2.077547496999999854e+00
1.488870235000000086e+01 2.381639328174859072e-01 2.088991495000000143e+00
1.505350725999999995e+01 3.542596233452846022e-01 2.022580376000000069e+00
1.526930006999999989e+01 4.956327794406927834e-01 1.926110484999999928e+00
1.532443117000000044e+01 4.857162719899209002e-01 1.900242728999999908e+00
1.533625211999999927e+01 3.968030691225177264e-01 1.886751794999999898e+00
1.553275247999999920e+01 4.763799036972328760e-01 1.868322072000000000e+00
1.568792479000000029e+01 3.935707629108300409e-01 1.839606458000000000e+00
1.576726878000000021e+01 3.662393456065209385e-01 1.812093465000000014e+00
1.580052129000000072e+01 3.538438514715900873e-01 1.794960628999999974e+00
1.580069248000000037e+01 3.538247196475164946e-01 1.787960661999999923e+00
1.576778009000000047e+01 3.661596169351476471e-01 1.791825014999999910e+00
1.568874961999999940e+01 3.934255065434915655e-01 1.807921531999999942e+00
1.553371339999999989e+01 4.765631312414443377e-01 1.828423842000000077e+00
1.533669966000000073e+01 3.966762601637853214e-01 1.855603216000000000e+00
1.532461909000000055e+01 4.849916413741053867e-01 1.866499158999999963e+00
1.526975784999999952e+01 4.951992968279733676e-01 1.865785440000000017e+00
1.505393849000000017e+01 3.546323442463606979e-01 1.976738907000000101e+00
1.499884353000000026e+01 1.025734927286762410e+00 1.715411910000000040e+00
1.533365112000000074e+01 9.372497179216771057e-01 1.825084040999999990e+00
1.560349509999999995e+01 1.277662585800813655e-01 1.993076312999999988e+00
1.555172761999999942e+01 3.833140199353743949e-01 1.905135722999999892e+00
1.553309018000000030e+01 4.762069888956120267e-01 1.842740655000000061e+00
1.574605803999999942e+01 7.541223954342368696e-01 1.786016336999999954e+00
1.600199247000000113e+01 8.618679753993199188e-01 1.721328839999999971e+00
1.612099677000000142e+01 9.325910396679000236e-01 1.657984496000000085e+00
1.615207399000000166e+01 9.459849004594323985e-01 1.617821774000000046e+00
1.615213312999999928e+01 9.458025463733933380e-01 1.608695468000000073e+00
1.612118707000000128e+01 9.320599545115687556e-01 1.634036263999999905e+00
1.600229553999999865e+01 8.610813533981397372e-01 1.690084527000000003e+00
1.574624305000000035e+01 7.536803378094864003e-01 1.760782748000000009e+00
1.553304492000000003e+01 4.759530912466784502e-01 1.845527619000000064e+00
1.555188030000000055e+01 3.838076681671960255e-01 1.919694169000000006e+00
1.560382420000000003e+01 1.278000571005828978e-01 2.016057641000000178e+00
1.533380200000000038e+01 9.374867643751556567e-01 1.812978669999999903e+00
1.545964425000000020e+01 3.710429410008485585e-01 1.990187657000000110e+00
1.557981874000000033e+01 3.119898314585465293e-01 2.008237197999999779e+00
1.567445172000000042e+01 1.063623368551039755e-01 1.983079894000000065e+00
1.566327596000000000e+01 2.265451476562005961e-01 1.917934805000000020e+00
1.568819105999999941e+01 3.936949724173809395e-01 1.852299898999999916e+00
1.600244765000000058e+01 8.614803374611639253e-01 1.812039447999999942e+00
1.646737531000000132e+01 9.222454458843637459e-01 1.782950204999999899e+00
1.672811709999999863e+01 9.768511692426805615e-01 1.712909781000000020e+00
1.679248089000000022e+01 1.030635834718949928e+00 1.654807491999999991e+00
1.679242737999999946e+01 1.030509080807625821e+00 1.647392171999999988e+00
1.672799241999999964e+01 9.764993243697464020e-01 1.695539383000000067e+00
1.646719771000000065e+01 9.218924919318155498e-01 1.765203027999999952e+00
1.600213487999999984e+01 8.613706880156771772e-01 1.805795685999999955e+00
1.568807815000000083e+01 3.933871333954112037e-01 1.868719320000000073e+00
1.566352642999999922e+01 2.267999144191652494e-01 1.940171485000000029e+00
1.567478045000000009e+01 1.064345884224053990e-01 2.004623014999999953e+00
1.557999739999999989e+01 3.122745447669639240e-01 2.021569599999999856e+00
1.557982387999999929e+01 1.803193152835850799e-01 2.045585744999999900e+00
1.565296054000000048e+01 1.884789184874335055e-01 2.023801576999999963e+00
1.572414535000000058e+01 8.317727140199575320e-02 1.976903662000000006e+00
1.572534008999999955e+01 1.775087602048374402e-01 1.914415430999999890e+00
1.576739996999999960e+01 3.667253967516144186e-01 1.853532779000000019e+00
1.612169554999999832e+01 9.325132347848934522e-01 1.838788241000000045e+00
1.672867897000000070e+01 9.763267791877420221e-01 1.874976938999999954e+00
1.718191386999999892e+01 7.443828613838239239e-01 1.859992273999999890e+00
1.732802977000000055e+01 7.383065104089281405e-01 1.769316963999999937e+00
1.732786761999999925e+01 7.381534532700672058e-01 1.763278485999999923e+00
1.718153509000000057e+01 7.442527792756810090e-01 1.849729492999999891e+00
1.672819954999999936e+01 9.763491114756127631e-01 1.866481108000000111e+00
1.612113098000000022e+01 9.323449059351550661e-01 1.840883432999999902e+00
1.576728398999999925e+01 3.662949526286442548e-01 1.873772819000000034e+00
1.572561959000000087e+01 1.776945502031213042e-01 1.937341106000000091e+00
1.572447252000000084e+01 8.328820311866862169e-02 1.997374508999999909e+00
1.565313869999999952e+01 1.887305794818647520e-01 2.036909865999999791e+00
1.562302829999999965e+01 1.259134846355980109e-01 2.053920744000000020e+00
1.568475332000000044e+01 1.504995529944285482e-01 2.025830446000000062e+00
1.574979459999999953e+01 6.564374779843433483e-02 1.973990000999999994e+00
1.575512340000000044e+01 1.582394953751704025e-01 1.911602334999999986e+00
1.580050469000000035e+01 3.544643575707209782e-01 1.853371692000000071e+00
1.615286225999999914e+01 9.462787252424238460e-01 1.852827790000000086e+00
1.679339553000000151e+01 1.030204706535147396e+00 1.921149266000000022e+00
1.732880615999999918e+01 7.377261385221171031e-01 1.982178680000000082e+00
1.760396629999999973e+01 4.337041982005703789e-01 1.927332091000000025e+00
1.760356648000000135e+01 4.337188663824554369e-01 1.924115583999999934e+00
1.732836408000000006e+01 7.378469600267288930e-01 1.976924938000000020e+00
1.679278142000000074e+01 1.030436393791336114e+00 1.915837368999999901e+00
1.615217669000000100e+01 9.459868178338814992e-01 1.858168486000000064e+00
1.580041248000000031e+01 3.540265991351803643e-01 1.874792503000000110e+00
1.575541815999999962e+01 1.584214994041574787e-01 1.934480623000000010e+00
1.575011678000000082e+01 6.580965457610725433e-02 1.993901680000000010e+00
1.568492578000000037e+01 1.507476136980883952e-01 2.038447162000000201e+00
1.500614387999999977e+01 2.299864121341862744e-01 2.140537934000000142e+00
1.500838174000000080e+01 2.108438916575226807e-01 2.066919073000000218e+00
1.501255062999999979e+01 1.489334786501120278e-01 2.039002830999999905e+00
1.500075533999999955e+01 5.571332372074962874e-02 1.987864681000000022e+00
1.495471612999999955e+01 1.464343271751541442e-01 1.911122771000000053e+00
1.495685227000000062e+01 4.809551448248828298e-01 1.910829620999999978e+00
1.529598799000000042e+01 4.262873230624562582e-01 2.094385878999999839e+00
1.544335509999999978e+01 2.861269956012408855e-01 2.114630383000000169e+00
1.550095559000000023e+01 2.395314509120892166e-01 2.113803529000000125e+00
1.550104834999999959e+01 2.395148866595670778e-01 2.110996779000000156e+00
1.544356080999999925e+01 2.861946193363668622e-01 2.106299576000000062e+00
1.529600909000000009e+01 4.268613337396083840e-01 2.082823488999999917e+00
1.495677708999999922e+01 4.758561034593302708e-01 1.921270545000000052e+00
1.495597354999999951e+01 1.467070948342671932e-01 1.903894519999999924e+00
1.500187728999999948e+01 5.525801344689935946e-02 1.979040871000000035e+00
1.501338767000000018e+01 1.486905095056929027e-01 2.032732744000000036e+00
1.500882709000000048e+01 2.107392434835802519e-01 2.063956987000000076e+00
1.500938919000000027e+01 2.110072756574851438e-01 2.094021593999999986e+00
1.507010265000000082e+01 2.235654105087732935e-01 2.065664441000000018e+00
1.510424562999999942e+01 2.336204955874468248e-01 2.030377120999999896e+00
1.509095824999999991e+01 2.259359275650798804e-01 1.983549865999999939e+00
1.508718795999999962e+01 3.311551597440264838e-01 1.911017356999999972e+00
1.527097941999999975e+01 6.655101851186272510e-01 1.938173514000000042e+00
1.547585781999999988e+01 4.406832787038951205e-01 2.028723434999999853e+00
1.557228547000000063e+01 3.260119934399948183e-01 2.041996091000000124e+00
1.561369162999999993e+01 2.844002080733183946e-01 2.041609058000000143e+00
1.561386964000000077e+01 2.844194044665285248e-01 2.039309681999999846e+00
1.557277385999999986e+01 3.261400901455510648e-01 2.035230716000000051e+00
1.547648434000000073e+01 4.411563018136246406e-01 2.019095420999999835e+00
1.527143371999999921e+01 6.658395184878483919e-01 1.938026148000000060e+00
1.508788752000000066e+01 3.304868857496170986e-01 1.919060835000000020e+00
1.509167335000000065e+01 2.254030392107231884e-01 1.990465058999999926e+00
1.510495762999999947e+01 2.334240218127147382e-01 2.043222711999999941e+00
1.507069775000000078e+01 2.237043847041330913e-01 2.071409823999999844e+00
1.501397809000000017e+01 1.490561419068231197e-01 2.090850183000000140e+00
1.510510149999999996e+01 2.327915971489861457e-01 2.075050221000000139e+00
1.522527293999999998e+01 2.012225151659648992e-01 2.025289966999999969e+00
1.525126436000000041e+01 2.439524981500766077e-01 1.968398995999999901e+00
1.532354025999999969e+01 4.859908347607654888e-01 1.897830652999999979e+00
1.555157095000000034e+01 3.845375584502591093e-01 1.971298567999999918e+00
1.566340744000000029e+01 2.270160837882541638e-01 1.975060392999999914e+00
1.572566027000000055e+01 1.777161066873071404e-01 1.964147343999999906e+00
1.575563312999999965e+01 1.583089733873561666e-01 1.956893232999999954e+00
1.575585468999999961e+01 1.582594375829967370e-01 1.954956923999999985e+00
1.572629187000000073e+01 1.776318041091974609e-01 1.958379694000000004e+00
1.566433737999999920e+01 2.271057432365769790e-01 1.965984753999999946e+00
1.555249272000000005e+01 3.854803438005462990e-01 1.964072682000000070e+00
1.532393438000000074e+01 4.857343473587263927e-01 1.916140273999999977e+00
1.525177567999999972e+01 2.437038353496383258e-01 1.988111136999999973e+00
1.522615249999999953e+01 2.014136133618956159e-01 2.035679551999999948e+00
1.510573016999999929e+01 2.334611534256626209e-01 2.063618139999999990e+00
1.500259791000000043e+01 5.533110878374142977e-02 2.077381121999999802e+00
1.509232749000000062e+01 2.249514262312121982e-01 2.068250309000000176e+00
1.525210208999999928e+01 2.432573868323567035e-01 2.037212303000000002e+00
1.540857605000000063e+01 2.238728739279481350e-01 1.950232401000000060e+00
1.554691208000000024e+01 2.024294292725723199e-01 1.966827631999999992e+00
1.566041652000000006e+01 1.839616916683388670e-01 1.934172973999999989e+00
1.574712463999999912e+01 1.689015697077192180e-01 1.906738255000000049e+00
1.580567289000000031e+01 1.575956618486315242e-01 1.886509785999999966e+00
1.583526005000000048e+01 1.512904845182061198e-01 1.874811588999999890e+00
1.583549170000000039e+01 1.512106566681295228e-01 1.872308391000000016e+00
1.580634487999999926e+01 1.573919678946210376e-01 1.879044119000000013e+00
1.574816867999999914e+01 1.686635861338053044e-01 1.894451340000000039e+00
1.566172079999999944e+01 1.837995646929308502e-01 1.917337056000000040e+00
1.554832356000000004e+01 2.025239143351427185e-01 1.946080078000000047e+00
1.540880229000000057e+01 2.246783482674600818e-01 1.959162826000000024e+00
1.525317382999999971e+01 2.438144919534974420e-01 2.011312605000000087e+00
1.509293676999999967e+01 2.257708404041093020e-01 2.045465810000000051e+00
1.495683627000000016e+01 1.464188210094212739e-01 2.041950544000000090e+00
1.508867103000000043e+01 3.298532835327358526e-01 2.004104243000000007e+00
1.532430021999999958e+01 4.841975833576793731e-01 1.938610753999999936e+00
1.554666304999999937e+01 2.028008349321550607e-01 1.927611973999999950e+00
1.554729303000000051e+01 4.223540394047022861e-01 1.863964291000000051e+00
1.573258764999999926e+01 4.117026753735015254e-01 1.834176221999999967e+00
1.585534666000000037e+01 4.083694689578770132e-01 1.794566657000000065e+00
1.592638061999999977e+01 4.085766288896827692e-01 1.764604923999999908e+00
1.595897027000000001e+01 4.029973178724076677e-01 1.746798848000000071e+00
1.595916053000000012e+01 4.028356822926688618e-01 1.741259515999999952e+00
1.592693887999999980e+01 4.081026079001772167e-01 1.748456953999999897e+00
1.585622878000000036e+01 4.076342555113698363e-01 1.768831333999999922e+00
1.573366855000000086e+01 4.109711575360455171e-01 1.799597665000000069e+00
1.554770697000000013e+01 4.221045746638311114e-01 1.833841492999999989e+00
1.554701065000000071e+01 2.026422930834544667e-01 1.955936321999999894e+00
1.532506650999999920e+01 4.838713366348311173e-01 1.918802026000000049e+00
1.508913798000000028e+01 3.303770295665942047e-01 1.983086753999999896e+00
1.495621071000000057e+01 4.678345898701565808e-01 1.847178910000000007e+00
1.527091047999999951e+01 6.633772321974042985e-01 1.891076404000000100e+00
1.555125748999999935e+01 3.839715448625415362e-01 1.925894310000000109e+00
1.566026624000000034e+01 1.842890060431941479e-01 1.908306800999999941e+00
1.573273636999999958e+01 4.117005099487221487e-01 1.850518891999999971e+00
1.601405744999999925e+01 7.749039764298352173e-01 1.775832516999999999e+00
1.626614123999999961e+01 9.194861276187044075e-01 1.703880727000000039e+00
1.638367140000000077e+01 1.024003997892651840e+00 1.642138242999999997e+00
1.642038094000000115e+01 1.056792849203288975e+00 1.602968957999999944e+00
1.642039584999999846e+01 1.056545281882000697e+00 1.594294150999999937e+00
1.638373951000000162e+01 1.023345085084053530e+00 1.619372250999999929e+00
1.626628067000000044e+01 9.186038732496090153e-01 1.674153242000000041e+00
1.601412467000000106e+01 7.744606641265012748e-01 1.751376759000000005e+00
1.573264308999999983e+01 4.112772021825992774e-01 1.863759834999999976e+00
1.566057741999999919e+01 1.841408878712025854e-01 1.937643223000000026e+00
1.555163386000000081e+01 3.839893192597218508e-01 1.949295578999999945e+00
1.527102044999999997e+01 6.636272048815597957e-01 1.896192501999999891e+00
1.529402974999999998e+01 4.265991454321049203e-01 1.921518097000000092e+00
1.547506470999999983e+01 4.409947148335226497e-01 1.934212996000000073e+00
1.566300765000000084e+01 2.271124558404480909e-01 1.927731297000000010e+00
1.574696669999999976e+01 1.693034548118789451e-01 1.892408717999999990e+00
1.585550044999999919e+01 4.086455572980884354e-01 1.848766337999999898e+00
1.626631310999999869e+01 9.191428330236913746e-01 1.811584749999999966e+00
1.674720135000000099e+01 9.023508210463913048e-01 1.785060199999999986e+00
1.700756674000000146e+01 9.557806300520855780e-01 1.724273398000000013e+00
1.708251358000000053e+01 1.011752972778565907e+00 1.674905647000000108e+00
1.708242669999999919e+01 1.011640103210618813e+00 1.667564441999999980e+00
1.700735780999999847e+01 9.554957240697518062e-01 1.707021439000000029e+00
1.674693351000000163e+01 9.020905927718446682e-01 1.767225437000000010e+00
1.626595272000000136e+01 9.191304889339659834e-01 1.803701114999999966e+00
1.585538943000000067e+01 4.078901281048800120e-01 1.871225300000000091e+00
1.574726126000000015e+01 1.691111871725207161e-01 1.921934569999999898e+00
1.566330737000000006e+01 2.273051977892081577e-01 1.954346687999999999e+00
1.547513303999999934e+01 4.414366476710445131e-01 1.951449709999999893e+00
1.544166472999999939e+01 2.862458914393197773e-01 1.968522042000000027e+00
1.557136732999999928e+01 3.264292061253215582e-01 1.949314739000000074e+00
1.572515716999999924e+01 1.779320845684770891e-01 1.920177709999999927e+00
1.580542351000000068e+01 1.581274692571778551e-01 1.881120555000000083e+00
1.592648119000000051e+01 4.090674904006558754e-01 1.845293422999999988e+00
1.638398394000000025e+01 1.023732608375783171e+00 1.838418003999999994e+00
1.700782382999999953e+01 9.554653286568469683e-01 1.873459648999999949e+00
1.744397461999999877e+01 7.210759293610383702e-01 1.863423687999999911e+00
1.759280491999999896e+01 7.077870251405294910e-01 1.785564815000000083e+00
1.759262391000000036e+01 7.076595283543816173e-01 1.779309706000000046e+00
1.744356472999999852e+01 7.210198500886427775e-01 1.852616261999999958e+00
1.700732838000000058e+01 9.555356276410094107e-01 1.863308189999999920e+00
1.638342464000000120e+01 1.023641633225276681e+00 1.837121430999999916e+00
1.592638606999999951e+01 4.082091340249011102e-01 1.870957535000000060e+00
1.580571547000000088e+01 1.578912986937202889e-01 1.910537895999999902e+00
1.572544298000000040e+01 1.781400282474290830e-01 1.946304725999999929e+00
1.557145590999999918e+01 3.268405314987916088e-01 1.967036621999999957e+00
1.549932689999999980e+01 2.395231983442852874e-01 1.979545354000000090e+00
1.561264541000000072e+01 2.847818044880009447e-01 1.952278811000000003e+00
1.575497207000000088e+01 1.586224328458161192e-01 1.915694577000000010e+00
1.583485888999999958e+01 1.519502646103196852e-01 1.875264923000000028e+00
1.595895190000000063e+01 4.036469187764265554e-01 1.843493193999999891e+00
1.642076486999999929e+01 1.056744565180051110e+00 1.853263230999999900e+00
1.708297147000000038e+01 1.011430372516395115e+00 1.916499616999999933e+00
1.759321913999999865e+01 7.073862308802215670e-01 1.975113624000000012e+00
1.785203548000000140e+01 4.242754402728947105e-01 1.928514292000000019e+00
1.785163985000000153e+01 4.243097738410787079e-01 1.925084677999999938e+00
1.759279293999999894e+01 7.075436156766476969e-01 1.968621348000000104e+00
1.708240185000000011e+01 1.011676928901038330e+00 1.908397550999999970e+00
1.642012967000000145e+01 1.056536196204904465e+00 1.854320058999999965e+00
1.595889934999999937e+01 4.028043559165466747e-01 1.870437531999999958e+00
1.583516002000000000e+01 1.516930540226404944e-01 1.904567276999999947e+00
1.575525778000000088e+01 1.588296057729192690e-01 1.941429720999999997e+00
1.561274799000000080e+01 2.851702735611321704e-01 1.969655635999999932e+00
1.482471815999999976e+01 3.101697930081349086e-01 2.053205348000000097e+00
1.484032876000000023e+01 2.925164873332425919e-01 1.993903178999999914e+00
1.488735709999999912e+01 2.377865239509324713e-01 1.975978518000000017e+00
1.495512985999999955e+01 1.456676394925442986e-01 1.941873785000000074e+00
1.502885760000000026e+01 1.506720249649371457e-01 1.885785400000000056e+00
1.509586408000000013e+01 3.630026533021032953e-01 1.820614750999999920e+00
1.518185444000000039e+01 2.244344386187831220e-01 1.895661934000000048e+00
1.527787529000000077e+01 1.976975228816942320e-01 2.004028422999999837e+00
1.532700765000000054e+01 2.629127486813848114e-01 2.035577410000000143e+00
1.532708850000000034e+01 2.628564572314097680e-01 2.039812243000000080e+00
1.527809393999999976e+01 1.972046974654044216e-01 2.017430561999999927e+00
1.518236246999999928e+01 2.255949834235459195e-01 1.917619060000000042e+00
1.509711719999999957e+01 3.632369702438938974e-01 1.825688694999999973e+00
1.503027542999999966e+01 1.507601012421188602e-01 1.876805006000000109e+00
1.495638974000000054e+01 1.459347909555252509e-01 1.930913330999999955e+00
1.488828855999999945e+01 2.380329460932370800e-01 1.967460986000000078e+00
1.484082161999999983e+01 2.926685387748804712e-01 1.989407431000000059e+00
1.484134056999999984e+01 2.922324573379926349e-01 2.005442824000000179e+00
1.495886340999999931e+01 2.824658101437668711e-01 1.968265893000000100e+00
1.505290293999999918e+01 3.552886515853762028e-01 1.947521630000000004e+00
1.508766901999999988e+01 3.314676545381947115e-01 1.935768683999999906e+00
1.513091975000000033e+01 3.166098861644862650e-01 1.888880558000000098e+00
1.527367819000000004e+01 5.046506789155008610e-01 1.864000193000000083e+00
1.543434247000000070e+01 4.954462353505666439e-01 1.894801039000000076e+00
1.552285612999999920e+01 4.532596179235125478e-01 1.909146454000000048e+00
1.555975819000000016e+01 4.332047731387143608e-01 1.916390274999999921e+00
1.555998046000000024e+01 4.332471686426186963e-01 1.918525605999999994e+00
1.552347995999999952e+01 4.533806941563875981e-01 1.914580224000000053e+00
1.543522991999999938e+01 4.955866643559027063e-01 1.901189296000000084e+00
1.527465896000000001e+01 5.044497262688926176e-01 1.870640969999999959e+00
1.513183755999999924e+01 3.159986674262478812e-01 1.890615398000000003e+00
1.508834859000000073e+01 3.304874481484808557e-01 1.938477758000000106e+00
1.505348724999999988e+01 3.547969344684717141e-01 1.961561982999999953e+00
1.495930571000000064e+01 2.828052613517075820e-01 1.977123680999999911e+00
1.488871973000000004e+01 2.379962998197056312e-01 1.996554093000000085e+00
1.505354664999999947e+01 3.542081058771480162e-01 1.964141343999999956e+00
1.526909874999999950e+01 4.962877718536583549e-01 1.900264774000000045e+00
1.532413513000000016e+01 4.867794545094680236e-01 1.917872471999999995e+00
1.533575562000000048e+01 3.969712177055899072e-01 1.886827628999999895e+00
1.553235865999999987e+01 4.765166768883078996e-01 1.882537724999999940e+00
1.568759550999999952e+01 3.935347232909202075e-01 1.879422622000000098e+00
1.576698054999999954e+01 3.662093322048444177e-01 1.868392344000000094e+00
1.580029940000000011e+01 3.538220093541363243e-01 1.863610953000000015e+00
1.580053878000000012e+01 3.537837073716191272e-01 1.865689171000000091e+00
1.576764992000000021e+01 3.660930781700292846e-01 1.873915683000000110e+00
1.568853984000000068e+01 3.934203287750780986e-01 1.886938669000000068e+00
1.553326915000000064e+01 4.767421864302714418e-01 1.893436265000000063e+00
1.533627420000000008e+01 3.965175134573645233e-01 1.901537743000000003e+00
1.532433712999999997e+01 4.852499159855910849e-01 1.926367130000000039e+00
1.526965382999999932e+01 4.954475566372211204e-01 1.913489411000000029e+00
1.505393072000000032e+01 3.547614315335683166e-01 1.957878755000000082e+00
1.495686820999999966e+01 1.463172308662583077e-01 1.983445673999999936e+00
1.508881532999999919e+01 3.300727771656943310e-01 1.973308913000000109e+00
1.532447941999999941e+01 4.847334132629795844e-01 1.938168871000000015e+00
1.554700577999999922e+01 2.027496449585767802e-01 1.950721303999999989e+00
1.554689731999999935e+01 4.224908149990031503e-01 1.878846476999999959e+00
1.573228248999999934e+01 4.115466999926382097e-01 1.869051207000000048e+00
1.585510520999999962e+01 4.080739122187848067e-01 1.847842046000000016e+00
1.592618281000000025e+01 4.083169075763146694e-01 1.831113712999999921e+00
1.595882055000000044e+01 4.028111012951336445e-01 1.823677339999999925e+00
1.595904776999999974e+01 4.027072305382107253e-01 1.825714811999999965e+00
1.592682268999999984e+01 4.079810449437989983e-01 1.836717552999999947e+00
1.585603500999999937e+01 4.074977645944758975e-01 1.856110555999999967e+00
1.573326257000000084e+01 4.110874333438236383e-01 1.881243653000000071e+00
1.554716870000000029e+01 4.221098307435865449e-01 1.901250125000000013e+00
1.554750100000000046e+01 2.027267329809801788e-01 1.918258857999999956e+00
1.532538721000000059e+01 4.848138126375621804e-01 1.918691058000000060e+00
1.508923300999999917e+01 3.307058755101581760e-01 1.955985695000000080e+00
1.503093055000000078e+01 1.506591808773350138e-01 1.961802387999999953e+00
1.513253961999999930e+01 3.157650195659660874e-01 1.950298327000000054e+00
1.533668978000000038e+01 3.961983994233507778e-01 1.917863874000000024e+00
1.554728532999999935e+01 4.219167743663730930e-01 1.880662942999999920e+00
1.573359448999999977e+01 4.367595847880587079e-01 1.837962045999999905e+00
1.588492403000000053e+01 4.481884311976729873e-01 1.808541589999999921e+00
1.599917699999999954e+01 4.577914174703172079e-01 1.779341663999999934e+00
1.607532580000000166e+01 4.645712591952508852e-01 1.757934466000000029e+00
1.611342407000000065e+01 4.680124960678250789e-01 1.746196488000000047e+00
1.611361486999999926e+01 4.678922653112757568e-01 1.745078858000000066e+00
1.607588192000000049e+01 4.642347714112278756e-01 1.754459798000000070e+00
1.600004742000000135e+01 4.573098780772466010e-01 1.773191471999999935e+00
1.588601807999999949e+01 4.476767176119934577e-01 1.799251922000000059e+00
1.573453600000000030e+01 4.360116418147661488e-01 1.809317932999999989e+00
1.554838540000000080e+01 4.217776844814207782e-01 1.865887435000000094e+00
1.533751303999999926e+01 3.963941455017742643e-01 1.901785894000000088e+00
1.513293945000000029e+01 3.161617776793231305e-01 1.937110700999999935e+00
1.509775984000000015e+01 3.633410281036106304e-01 1.920349888000000060e+00
1.527493278000000032e+01 5.034145192303828287e-01 1.890660577000000009e+00
1.553295162000000040e+01 4.760468978477977453e-01 1.877293719000000083e+00
1.573257663999999956e+01 4.119944548762811132e-01 1.867940374000000014e+00
1.588517137999999917e+01 4.485990762887576699e-01 1.858395683999999992e+00
1.624914920999999879e+01 7.775096863781202350e-01 1.762031520000000073e+00
1.651392780999999843e+01 9.654383022509558376e-01 1.701277004000000037e+00
1.666033497999999824e+01 1.122399717871164659e+00 1.648210184000000078e+00
1.672381628999999847e+01 1.196680069905340815e+00 1.615074477000000064e+00
1.672372499000000090e+01 1.196562147826794709e+00 1.608313866000000036e+00
1.666013192000000132e+01 1.122062689515166412e+00 1.630306400999999905e+00
1.651375722999999951e+01 9.649449364911639737e-01 1.677903828000000042e+00
1.624909427000000051e+01 7.770924148833032730e-01 1.740860145999999942e+00
1.588517487999999922e+01 4.482304132559565280e-01 1.887700213000000016e+00
1.573298679000000000e+01 4.118481748922971364e-01 1.891577650999999971e+00
1.553326088999999932e+01 4.758799584857796861e-01 1.893901865999999989e+00
1.527498396999999919e+01 5.033957890897811094e-01 1.898767566999999934e+00
1.518159138999999946e+01 2.280705358323549536e-01 1.874585452000000041e+00
1.543488029999999966e+01 4.958124320646515315e-01 1.880427373999999929e+00
1.568804188000000011e+01 3.941274563831143052e-01 1.876501017999999910e+00
1.585549261999999970e+01 4.089262124719980629e-01 1.860846897999999916e+00
1.599955302000000046e+01 4.582478850170235152e-01 1.849589254000000071e+00
1.651373630999999875e+01 9.653699839618992140e-01 1.790867962000000091e+00
1.699367948000000084e+01 8.681890737181399142e-01 1.785643316999999897e+00
1.726916805999999838e+01 9.002261112469602811e-01 1.746049455999999944e+00
1.737303174999999911e+01 9.506580752440416671e-01 1.708873974999999934e+00
1.737289966000000163e+01 9.505994843688239104e-01 1.702997477999999898e+00
1.726885851000000116e+01 9.000915029235495579e-01 1.732062492000000065e+00
1.699334633999999866e+01 8.680039300808272129e-01 1.769947818999999978e+00
1.651343317999999982e+01 9.653285951699428491e-01 1.777273411999999997e+00
1.599948307000000014e+01 4.578399697808051561e-01 1.880006481999999979e+00
1.585564461999999963e+01 4.086121420865461151e-01 1.887643460999999911e+00
1.568808686999999935e+01 3.940207732103088722e-01 1.901295312000000015e+00
1.543467011000000078e+01 4.960050558391414510e-01 1.900312443000000018e+00
1.527644970999999963e+01 1.955790358181703215e-01 1.889736032999999926e+00
1.552300731000000056e+01 4.542726944102482567e-01 1.879853898999999995e+00
1.576730957000000011e+01 3.671938467528542693e-01 1.869418609000000009e+00
1.592656196999999985e+01 4.094263798130660659e-01 1.852208671000000084e+00
1.607572327000000101e+01 4.651203736840265890e-01 1.843115260999999894e+00
1.666014421999999939e+01 1.122197843571876019e+00 1.812915942000000058e+00
1.726914242999999871e+01 9.001905767758083821e-01 1.863709221999999999e+00
1.767778325000000095e+01 6.764612316064193553e-01 1.867636751999999900e+00
1.783895130000000151e+01 6.388567626484616957e-01 1.808638149000000084e+00
1.783874339999999847e+01 6.387754775603617929e-01 1.803398585999999915e+00
1.767736105999999907e+01 6.764504876874584127e-01 1.857819520999999918e+00
1.726869135999999827e+01 9.002110782459560312e-01 1.851922845000000040e+00
1.665966729000000157e+01 1.122265201408271906e+00 1.800440333999999920e+00
1.607561404999999866e+01 4.646819864093802988e-01 1.874085857000000077e+00
1.592658467999999949e+01 4.088323880216256367e-01 1.879236203999999910e+00
1.576724688999999913e+01 3.669123243430613690e-01 1.895352973000000052e+00
1.552273098999999945e+01 4.544425408631075358e-01 1.902066478999999921e+00
1.532541701000000067e+01 2.627084461336553489e-01 1.901597690000000007e+00
1.555962850000000053e+01 4.342952125206144265e-01 1.879045947000000050e+00
1.580044917000000027e+01 3.549515098995693063e-01 1.864482471000000086e+00
1.595909016000000058e+01 4.041021176314431029e-01 1.847132943999999943e+00
1.611374745999999902e+01 4.686751146047067329e-01 1.839682028999999996e+00
1.672369666000000166e+01 1.196481818407038267e+00 1.825462066999999911e+00
1.737308728000000002e+01 9.505337751340587893e-01 1.903395785000000062e+00
1.783908749000000071e+01 6.386926267327918127e-01 1.965514980000000023e+00
1.807515061000000145e+01 3.716223841381513515e-01 1.931762175000000026e+00
1.807476172000000147e+01 3.716673719413715604e-01 1.928658661999999913e+00
1.783871079000000037e+01 6.388152690882525908e-01 1.958257265000000080e+00
1.737261831000000001e+01 9.507342215420265807e-01 1.891927466000000058e+00
1.672313766999999984e+01 1.196579344696616420e+00 1.812213343000000032e+00
1.611363195999999931e+01 4.682114185153330999e-01 1.870873506999999991e+00
1.595904130000000087e+01 4.032854057546900184e-01 1.874141338000000045e+00
1.580033835000000053e+01 3.545364911320627588e-01 1.890590556999999894e+00
1.555934552000000082e+01 4.344323515139993930e-01 1.901627790000000040e+00
1.459212420999999971e+01 3.795571137563357178e-01 1.948506518999999937e+00
1.487303653000000025e+01 1.139488551784072712e+00 1.723033857999999974e+00
1.500087345999999933e+01 1.028764533406858028e+00 1.853768429000000051e+00
1.495731873000000078e+01 4.780747488887441832e-01 1.918628344000000041e+00
1.509652441000000067e+01 3.625948159656316450e-01 1.861544080999999906e+00
1.536742787000000021e+01 5.898755270035288545e-01 1.825231027999999922e+00
1.559450960000000030e+01 8.352125155972393022e-01 1.803429992000000093e+00
1.567193802999999974e+01 1.048331988007034976e+00 1.769018191000000018e+00
1.565325892000000074e+01 1.172335765494950666e+00 1.744210910999999919e+00
1.565353316999999933e+01 1.172203380718694454e+00 1.756750891000000037e+00
1.567262679000000070e+01 1.048046824101532160e+00 1.790631352999999981e+00
1.559546487999999975e+01 8.347779586542780628e-01 1.817450613000000104e+00
1.536862922999999981e+01 5.893704842831057888e-01 1.825950465000000023e+00
1.509778415999999979e+01 3.628381939814949164e-01 1.851993173000000104e+00
1.495725114999999938e+01 4.730573587139330072e-01 1.901911641999999958e+00
1.499984863000000068e+01 1.028789261826436485e+00 1.867792243000000019e+00
1.487177714999999978e+01 1.137418809138444731e+00 1.756732275999999926e+00
1.487247172000000006e+01 1.135647376150437982e+00 1.759033995000000017e+00
1.517919013999999933e+01 1.349503804995062950e+00 1.713575013000000036e+00
1.533510156000000002e+01 9.388724908638467204e-01 1.898230810999999907e+00
1.527176543000000031e+01 6.648427657020086201e-01 1.935359229999999986e+00
1.527454846999999916e+01 5.047961211273649385e-01 1.882182068000000097e+00
1.548964759999999963e+01 6.820646538509904655e-01 1.832936711999999968e+00
1.573573144000000035e+01 8.408653588194586748e-01 1.821164892000000091e+00
1.584368083999999932e+01 9.535560495556699712e-01 1.800975701000000040e+00
1.586018836000000043e+01 9.878928473723765924e-01 1.792344198000000111e+00
1.586044058999999962e+01 9.877676944173060525e-01 1.800186191999999963e+00
1.584433165000000088e+01 9.531409226971639947e-01 1.818009529000000013e+00
1.573656255999999942e+01 8.402166952434966252e-01 1.836363691999999936e+00
1.549042722999999988e+01 6.814450591032891191e-01 1.839220523999999912e+00
1.527486417000000074e+01 5.038743469071821357e-01 1.873109036000000005e+00
1.527155789000000041e+01 6.645984867946066466e-01 1.919947875000000082e+00
1.533458682999999922e+01 9.392810462640229785e-01 1.897675900999999943e+00
1.517860027999999950e+01 1.348133770192003755e+00 1.721972014999999967e+00
1.499966904000000056e+01 1.024796882577472701e+00 1.850241615000000062e+00
1.533419334999999961e+01 9.366060975786573151e-01 1.875659412000000081e+00
1.560372577000000049e+01 1.278282964620911788e-01 2.031216353000000030e+00
1.555198908999999929e+01 3.835149395507907455e-01 1.962684475000000095e+00
1.553306272000000021e+01 4.764526151872269799e-01 1.889068893999999998e+00
1.574563477999999961e+01 7.542187782520717310e-01 1.844089051000000090e+00
1.600155336999999989e+01 8.619820981574143337e-01 1.837806636999999910e+00
1.612060672000000139e+01 9.326969407830920655e-01 1.822591043000000077e+00
1.615179548000000054e+01 9.460993490023885677e-01 1.817232262000000098e+00
1.615198807000000158e+01 9.459398077490708268e-01 1.823521484000000026e+00
1.612109826000000012e+01 9.322006652595473675e-01 1.838001591000000046e+00
1.600213048000000171e+01 8.612688307998848103e-01 1.855752867999999944e+00
1.574599429000000050e+01 7.537928038284843479e-01 1.858351316999999892e+00
1.553305794000000084e+01 4.761947660094872914e-01 1.882208918999999980e+00
1.555201950000000011e+01 3.843176525751593742e-01 1.940212422999999964e+00
1.560413744999999963e+01 1.277124729317341556e-01 2.001707914999999893e+00
1.533414044999999959e+01 9.377172526164647692e-01 1.851118896000000014e+00
1.495698922999999958e+01 4.687328312160202737e-01 1.887544735999999945e+00
1.527136735999999928e+01 6.630757574184064085e-01 1.915053400999999988e+00
1.555157376999999919e+01 3.838333128013852735e-01 1.941604974999999955e+00
1.566058278000000037e+01 1.843065395140398299e-01 1.921025997999999957e+00
1.573280852000000074e+01 4.113891111679616186e-01 1.867841392999999961e+00
1.601370379000000099e+01 7.749502851512466428e-01 1.853194183000000050e+00
1.626577646000000144e+01 9.195656125741674680e-01 1.848943452000000098e+00
1.638335203999999834e+01 1.024074525304218941e+00 1.836693424999999991e+00
1.642015590999999830e+01 1.056889729216642149e+00 1.834204135000000013e+00
1.642027540000000130e+01 1.056700827535743237e+00 1.839985455999999964e+00
1.638364499000000052e+01 1.023549952891110948e+00 1.851503327000000088e+00
1.626608548999999826e+01 9.188773336776238088e-01 1.868349384000000057e+00
1.601379286999999962e+01 7.747049295839313343e-01 1.872809551000000017e+00
1.573273337000000005e+01 4.110578858116090695e-01 1.863219084000000025e+00
1.566098166999999997e+01 1.840376825728665677e-01 1.894535403999999978e+00
1.555213359000000040e+01 3.837457160759898400e-01 1.910102608000000091e+00
1.527141972000000081e+01 6.638009862583831300e-01 1.882623064999999984e+00
1.509789722000000012e+01 3.629690189966481850e-01 1.846264114000000012e+00
1.527515602999999977e+01 5.033212062778994467e-01 1.872212224000000091e+00
1.553318372000000025e+01 4.758893237803766829e-01 1.864804115999999956e+00
1.573283187000000005e+01 4.117154198047320302e-01 1.830611926000000000e+00
1.588544910000000066e+01 4.484985265416717160e-01 1.805457118999999944e+00
1.624885709000000134e+01 7.775235559793182150e-01 1.861201990000000084e+00
1.651365011000000038e+01 9.654916466365913719e-01 1.859464942000000010e+00
1.666009795000000082e+01 1.122483681732470373e+00 1.843693730000000031e+00
1.672366442999999947e+01 1.196788921356644497e+00 1.834828569999999992e+00
1.672366780000000119e+01 1.196697829698044391e+00 1.839137849000000102e+00
1.666009833000000029e+01 1.122252029192744027e+00 1.855715167999999915e+00
1.651362492999999887e+01 9.652037435918991992e-01 1.877647904000000034e+00
1.624877251999999928e+01 7.774004598036459157e-01 1.884004717999999912e+00
1.588561029999999974e+01 4.481150808150171083e-01 1.783436221000000099e+00
1.573351766000000040e+01 4.115347570599575677e-01 1.797739573999999951e+00
1.553376019000000063e+01 4.759589443173440904e-01 1.831814765999999928e+00
1.527530813000000087e+01 5.037416267192532660e-01 1.841889778999999949e+00
1.536898459999999922e+01 5.888283809267493840e-01 1.834457926000000016e+00
1.549095220999999967e+01 6.810448831276395554e-01 1.828926915000000042e+00
1.574637459000000028e+01 7.534143768857041179e-01 1.809890160999999997e+00
1.601393712000000136e+01 7.744298351731602192e-01 1.788037804000000008e+00
1.624869838000000044e+01 7.772187390109491778e-01 1.766754766000000032e+00
1.643809292999999982e+01 7.742047663689829440e-01 1.802700385000000072e+00
1.679716944000000112e+01 8.737693567010605955e-01 1.815560768999999963e+00
1.704246781999999882e+01 9.982006909822791485e-01 1.788189977000000042e+00
1.716658861000000158e+01 1.071329013884152026e+00 1.767882324999999977e+00
1.716647831999999951e+01 1.071368276859783419e+00 1.767628841000000062e+00
1.704215686999999946e+01 9.983004774032638862e-01 1.788312624000000017e+00
1.679672941000000108e+01 8.738361621222690001e-01 1.818323321000000048e+00
1.643792067000000046e+01 7.730330114249697182e-01 1.688845646000000089e+00
1.624926483999999860e+01 7.767021868797236994e-01 1.757512858999999983e+00
1.601442155999999883e+01 7.740401608903348940e-01 1.776520520999999908e+00
1.574665343000000028e+01 7.532125075078681675e-01 1.797306147000000021e+00
1.549099202999999925e+01 6.809196428545608581e-01 1.818947539000000058e+00
1.559589940000000041e+01 8.341418957969783943e-01 1.859056043999999908e+00
1.573711130999999952e+01 8.399294009359860036e-01 1.850609504999999988e+00
1.600247698000000085e+01 8.611861437287723353e-01 1.839484488999999945e+00
1.626620495999999960e+01 9.186975444549791980e-01 1.824328128999999965e+00
1.651348602999999926e+01 9.648829735288959597e-01 1.794510159000000105e+00
1.679645251000000172e+01 8.737651073719675532e-01 1.745284985999999927e+00
1.718950794999999943e+01 8.350098184293018866e-01 1.785242366000000080e+00
1.750278980999999945e+01 8.053300837549549618e-01 1.791586917000000057e+00
1.766262516999999832e+01 8.162919273818020072e-01 1.774670315000000054e+00
1.766246896999999905e+01 8.163021376445425137e-01 1.772127565999999987e+00
1.750240961000000084e+01 8.053601232518207143e-01 1.784512896000000071e+00
1.718911702999999846e+01 8.349073800649786659e-01 1.772639808000000095e+00
1.679645464000000032e+01 8.733920745615235681e-01 1.723285941000000099e+00
1.651364079000000018e+01 9.646888882940610754e-01 1.785184364000000024e+00
1.626620644000000127e+01 9.186484829479293346e-01 1.822653381000000072e+00
1.600229054000000062e+01 8.611746301259358694e-01 1.841349286999999890e+00
1.573681116999999929e+01 8.399595919446894987e-01 1.853199824999999912e+00
1.567317695000000022e+01 1.047591724448990291e+00 1.878267506000000031e+00
1.584505206000000044e+01 9.530616342712228128e-01 1.869039883999999985e+00
1.612163362000000078e+01 9.321982670899439105e-01 1.860199661000000004e+00
1.638396231000000114e+01 1.023172856417392529e+00 1.845287957000000034e+00
1.666003797999999847e+01 1.121589678059190964e+00 1.811167167000000022e+00
1.704179660999999868e+01 9.981610614526782443e-01 1.787500370000000061e+00
1.750248202999999947e+01 8.055532496087310923e-01 1.843402540000000034e+00
1.786308001000000090e+01 6.330068772094785690e-01 1.871413986999999945e+00
1.804751076000000154e+01 5.463930871989778337e-01 1.839898698999999915e+00
1.804727722000000156e+01 5.463901307686244158e-01 1.836881293000000026e+00
1.786265159999999952e+01 6.330346046155184148e-01 1.863367940000000056e+00
1.750208675000000014e+01 8.054903690821311191e-01 1.829255411999999970e+00
1.704153220999999974e+01 9.980996385827004547e-01 1.764742562999999986e+00
1.665981052000000062e+01 1.121582890366957797e+00 1.796062746000000043e+00
1.638359997999999962e+01 1.023117553130931778e+00 1.842796574000000076e+00
1.612112640999999869e+01 9.321227549100021825e-01 1.864688915999999974e+00
1.584447933999999947e+01 9.531806646651029835e-01 1.875499264999999971e+00
1.565428127000000025e+01 1.171434759849508289e+00 1.888673762000000034e+00
1.586139703999999995e+01 9.877280065954889832e-01 1.875390764000000043e+00
1.615276015999999970e+01 9.458840436547348851e-01 1.867707153000000009e+00
1.642080632000000051e+01 1.056082036642244981e+00 1.854134775999999984e+00
1.672367380000000026e+01 1.195758684903556190e+00 1.818748805000000024e+00
1.716605028000000033e+01 1.071161149523311762e+00 1.812451929000000073e+00
1.766231889000000166e+01 8.163676749996217064e-01 1.886047679000000032e+00
1.804745133000000124e+01 5.464570059349317388e-01 1.951776624000000071e+00
1.825201687999999933e+01 3.114258412897652484e-01 1.935272204000000107e+00
1.825163364999999871e+01 3.114822186626385325e-01 1.932783595000000076e+00
1.804711607000000129e+01 5.465496678184939006e-01 1.943847776999999999e+00
1.766194923000000117e+01 8.165069761459275988e-01 1.871344853999999946e+00
1.716562247999999968e+01 1.071327310779839337e+00 1.788672768999999940e+00
1.672315173999999871e+01 1.195880002385276697e+00 1.798781133000000088e+00
1.642018058000000025e+01 1.055917329631713253e+00 1.849485784999999938e+00
1.615204016999999936e+01 9.456358098393929934e-01 1.872169234000000015e+00
1.586063034999999921e+01 9.877937254846855808e-01 1.883276409999999901e+00
1.556919114999999998e+01 9.066505851111315850e-02 2.170436207999999922e+00
1.556132968000000005e+01 1.959968890370955286e-01 2.131465463000000060e+00
1.546109878000000037e+01 3.695611132313962321e-01 2.063844614000000188e+00
1.529563360000000038e+01 4.256924876651467793e-01 2.009932459999999921e+00
1.518246485000000057e+01 2.256727858106030160e-01 1.905078594999999986e+00
1.559521222999999956e+01 8.345798056413243904e-01 1.817431153000000021e+00
1.609252121999999829e+01 8.589417459119200737e-01 1.862781760000000064e+00
1.636128858000000008e+01 9.530988946273387663e-01 1.871510275999999973e+00
1.641432727999999841e+01 1.039767936370575407e+00 1.863961642000000030e+00
1.641454247000000066e+01 1.039738778956887488e+00 1.871328005000000072e+00
1.636184128000000015e+01 9.529291026596038439e-01 1.885986997000000054e+00
1.609327130000000139e+01 8.585875756679874904e-01 1.873257774000000042e+00
1.559618313000000001e+01 8.341387779603074426e-01 1.821775885999999955e+00
1.518299269999999979e+01 2.268788259896457049e-01 1.894846837000000006e+00
1.529566819000000066e+01 4.262550369050620569e-01 1.987528948000000018e+00
1.546121117999999939e+01 3.703598694688254311e-01 2.045054627999999930e+00
1.556153487999999996e+01 1.964795898523945539e-01 2.117601794000000037e+00
1.556056004000000037e+01 1.985638941610970154e-01 2.115952760999999960e+00
1.561248617999999944e+01 1.126666931828028823e-01 2.120801139000000113e+00
1.558076933999999980e+01 3.104152806642390683e-01 2.056456798999999780e+00
1.547612155000000023e+01 4.401960431960544318e-01 1.982862778999999964e+00
1.543530439000000065e+01 4.952769214743341086e-01 1.888278824999999994e+00
1.573654945000000005e+01 8.400372783869421989e-01 1.827147961999999959e+00
1.620876331999999920e+01 8.992104982794542067e-01 1.866138375000000016e+00
1.647520175000000009e+01 9.702714856290498568e-01 1.876030242999999986e+00
1.653362697000000026e+01 1.039163242555798394e+00 1.870758251999999899e+00
1.653382227000000171e+01 1.039109465983732772e+00 1.877850926999999892e+00
1.647567851000000161e+01 9.700404507922996133e-01 1.890905969000000075e+00
1.620929170000000141e+01 8.988978998492724859e-01 1.878470147999999895e+00
1.573693334000000021e+01 8.399266089603266705e-01 1.832578843000000068e+00
1.543526892000000039e+01 4.951684267447684085e-01 1.877373167000000009e+00
1.547608688000000043e+01 4.406126068497291937e-01 1.963018745999999926e+00
1.558091431000000071e+01 3.108999830153989508e-01 2.036476851000000199e+00
1.561270844999999952e+01 1.126617126970269195e-01 2.103818212000000187e+00
1.545995053000000041e+01 3.707370026411420105e-01 2.044691395000000078e+00
1.558007195000000067e+01 3.118179587870307801e-01 2.045167565999999937e+00
1.567470684000000070e+01 1.064860953934538002e-01 2.014966701000000082e+00
1.566358194999999931e+01 2.266178501218790997e-01 1.952351004000000056e+00
1.568831209999999921e+01 3.935051622427205298e-01 1.874122249000000018e+00
1.600211595000000031e+01 8.611930637250804210e-01 1.835948083999999980e+00
1.646693888000000072e+01 9.222115700567724561e-01 1.875970206000000085e+00
1.672773206999999829e+01 9.768226477990803458e-01 1.887965166000000083e+00
1.679225871999999953e+01 1.030656747460344524e+00 1.886591987000000081e+00
1.679240207000000140e+01 1.030610399624695805e+00 1.893255955999999962e+00
1.672806371000000070e+01 9.766429954009029357e-01 1.903443460000000087e+00
1.646721841000000097e+01 9.220648760703702429e-01 1.891575170000000083e+00
1.600214533000000117e+01 8.612567130498736123e-01 1.845524869999999984e+00
1.568822929000000066e+01 3.932893870671378966e-01 1.866194294000000031e+00
1.566371151000000062e+01 2.267728361290939909e-01 1.933664724000000001e+00
1.567500161000000070e+01 1.062835111716976394e-01 1.993259522000000006e+00
1.558024095999999936e+01 3.121352527419902767e-01 2.025233857999999998e+00
1.529441510000000015e+01 4.262413477828538855e-01 1.987813089999999949e+00
1.547536335000000030e+01 4.408422664095558163e-01 1.966050085000000003e+00
1.566328893999999927e+01 2.271959948598764878e-01 1.939368538999999947e+00
1.574729557999999940e+01 1.693383911970827715e-01 1.894774627999999961e+00
1.585566026999999956e+01 4.081554173836642319e-01 1.842829290000000064e+00
1.626599225000000004e+01 9.188522230727500517e-01 1.842471431999999965e+00
1.674679696999999834e+01 9.023155314259353466e-01 1.890563860000000096e+00
1.700721765999999846e+01 9.557263740866548396e-01 1.904674529000000005e+00
1.708231636000000009e+01 1.011750498596401648e+00 1.905461158999999904e+00
1.708240745000000160e+01 1.011738201232885048e+00 1.911656553000000036e+00
1.700741455000000002e+01 9.556631541339144498e-01 1.920260300000000031e+00
1.674690963999999838e+01 9.023247284354480868e-01 1.908745321000000050e+00
1.626585803000000041e+01 9.190832862399905823e-01 1.857368767000000087e+00
1.585552354999999913e+01 4.076022356137231073e-01 1.837842728999999897e+00
1.574751065000000061e+01 1.689778419217525529e-01 1.875212333999999981e+00
1.566360324000000048e+01 2.270798096860404680e-01 1.915223663999999992e+00
1.547543800000000047e+01 4.412700452921016758e-01 1.941562299000000102e+00
1.518195822000000028e+01 2.273645260897934617e-01 1.836466554000000029e+00
1.543502338999999957e+01 4.955479938427767017e-01 1.849030895999999924e+00
1.568818171999999933e+01 3.939076626171961193e-01 1.831265874999999932e+00
1.585568931999999975e+01 4.085206429958257446e-01 1.793350149999999976e+00
1.599980885000000086e+01 4.581202008253821290e-01 1.778968147000000055e+00
1.651338497000000061e+01 9.652483922653390946e-01 1.851271096000000060e+00
1.699332135999999949e+01 8.681458328610588415e-01 1.907405974000000004e+00
1.726886338999999992e+01 9.001595724191924219e-01 1.921768265999999947e+00
1.737286667000000051e+01 9.506350881483344173e-01 1.918881279999999911e+00
1.737290799999999891e+01 9.506680118069941177e-01 1.924595360000000088e+00
1.726894018000000131e+01 9.002358362834841365e-01 1.937015747000000010e+00
1.699333018000000095e+01 8.682643021282643314e-01 1.927191995000000047e+00
1.651325015999999835e+01 9.655350035079932614e-01 1.871506622999999925e+00
1.599975642000000065e+01 4.577364121233056804e-01 1.763329009000000003e+00
1.585601931000000064e+01 4.085257844898270707e-01 1.766470967000000059e+00
1.568849958999999927e+01 3.939618299437469551e-01 1.801493843000000039e+00
1.543504225999999946e+01 4.960518304759642394e-01 1.816928794999999930e+00
1.559579590999999965e+01 8.340525940775760372e-01 1.711179221999999944e+00
1.573691190000000084e+01 8.397501580769214380e-01 1.731940875999999907e+00
1.600228269000000125e+01 8.609824614559387079e-01 1.729404938999999919e+00
1.626602102000000016e+01 9.185332128113871120e-01 1.710945079000000035e+00
1.651327760999999938e+01 9.648549862981329328e-01 1.704432037999999983e+00
1.679609123999999909e+01 8.738050928649192528e-01 1.810808798999999913e+00
1.718920208999999844e+01 8.349591500019304391e-01 1.924070820999999931e+00
1.750256352999999976e+01 8.052560662624370647e-01 1.930011836999999897e+00
1.766251464000000126e+01 8.162631986203484624e-01 1.913164783999999896e+00
1.766249764000000155e+01 8.163344378399836065e-01 1.918245830999999901e+00
1.750250843999999972e+01 8.054686486046732652e-01 1.944165318000000031e+00
1.718914459999999877e+01 8.351513343063098338e-01 1.944710079999999897e+00
1.679629484999999889e+01 8.737410788645992854e-01 1.824670859999999895e+00
1.651361814999999922e+01 9.645899202979961728e-01 1.692679204999999909e+00
1.626634916000000075e+01 9.182734717402614155e-01 1.690557850999999889e+00
1.600251281999999975e+01 8.608272173289202023e-01 1.705994113000000034e+00
1.573695342999999980e+01 8.397848156843792378e-01 1.711616959000000104e+00
1.609297618000000085e+01 8.579361948628355661e-01 1.799377148999999898e+00
1.620921388000000007e+01 8.983374864112908531e-01 1.800072573000000009e+00
1.646717766000000083e+01 9.215511609516033875e-01 1.796032904000000041e+00
1.674676825999999963e+01 9.018794152611117054e-01 1.791311764999999889e+00
1.699304186000000172e+01 8.678961449910811421e-01 1.786936668999999922e+00
1.718870966000000067e+01 8.348454980215714860e-01 1.783020150000000026e+00
1.733241784000000152e+01 8.085301343658516382e-01 1.862655823000000099e+00
1.772707242999999977e+01 6.975063080198845578e-01 1.900751400000000091e+00
1.795327121000000048e+01 6.293173890935481740e-01 1.886549204999999896e+00
1.795316496999999956e+01 6.293925667145985337e-01 1.890187421999999895e+00
1.772679980999999927e+01 6.976831684559364755e-01 1.908549668999999893e+00
1.733201040000000148e+01 8.082907237570666759e-01 1.916968965999999996e+00
1.718884891000000081e+01 8.346282193925961268e-01 1.776293244999999965e+00
1.699317162999999908e+01 8.676978317685907216e-01 1.778128558999999997e+00
1.674683266999999987e+01 9.017605558865419146e-01 1.780902808000000004e+00
1.646712803000000136e+01 9.215308721635565581e-01 1.785345632000000071e+00
1.620909333999999902e+01 8.983281601843399189e-01 1.792281972000000057e+00
1.636181789999999836e+01 9.520091862431119267e-01 1.903199574000000061e+00
1.647585576999999901e+01 9.691132754226990942e-01 1.897947555000000008e+00
1.672818923000000169e+01 9.757872841428254507e-01 1.887251035000000021e+00
1.700733457999999843e+01 9.549368358864581685e-01 1.875629055999999961e+00
1.726860372999999882e+01 8.997221919793725320e-01 1.860137082999999913e+00
1.750195293999999890e+01 8.051691724747729317e-01 1.838461896000000095e+00
1.772638676000000046e+01 6.975830129440250271e-01 1.822493965000000049e+00
1.799684767999999835e+01 5.995379576332529048e-01 1.874130085000000001e+00
1.821488636000000128e+01 4.477077853088256565e-01 1.885926231000000008e+00
1.821464986000000152e+01 4.478114078154001310e-01 1.887229519999999994e+00
1.799642100000000156e+01 5.995955309864773319e-01 1.868279892000000109e+00
1.772611502000000172e+01 6.975066769875742922e-01 1.806701029000000069e+00
1.750184126999999989e+01 8.051622369447886118e-01 1.824734021999999900e+00
1.726846090000000089e+01 8.998412421941244244e-01 1.848684514999999973e+00
1.700708411999999825e+01 9.551964855446128944e-01 1.866176689000000000e+00
1.672783211000000136e+01 9.761127742437792909e-01 1.880265811999999981e+00
1.647552960999999883e+01 9.693435614362247987e-01 1.894053234999999891e+00
1.641475518000000022e+01 1.039001453546095188e+00 1.954060888000000107e+00
1.653427611000000041e+01 1.038231864343474919e+00 1.944989697000000017e+00
1.679275947000000002e+01 1.029694751069662351e+00 1.929175724000000036e+00
1.708247872000000100e+01 1.010891446413523242e+00 1.913354843000000027e+00
1.737261906999999894e+01 9.500480642794654207e-01 1.894672029999999951e+00
1.766191515999999950e+01 8.160052421038126447e-01 1.878187701999999959e+00
1.795265970999999894e+01 6.293210300879287233e-01 1.888662290999999938e+00
1.821464791000000005e+01 4.479374931300219576e-01 1.933977628000000060e+00
1.837920023999999941e+01 2.607302264914789225e-01 1.938007451999999908e+00
1.837882301999999868e+01 2.607950175366109957e-01 1.936305141999999924e+00
1.821433318000000057e+01 4.480565901561067155e-01 1.924801216000000093e+00
1.795238862000000069e+01 6.294311555939765546e-01 1.873498842999999914e+00
1.766162225000000063e+01 8.161969959911670180e-01 1.860962873999999934e+00
1.737222927999999911e+01 9.503408199050465965e-01 1.878744423999999968e+00
1.708196081000000177e+01 1.011263847212888978e+00 1.900533771000000094e+00
1.679215621000000169e+01 1.030081035979618198e+00 1.920584056999999900e+00
1.653378086000000025e+01 1.038507099662003830e+00 1.940784046999999957e+00
1.562011470000000024e+01 5.943485516517604816e-02 2.172858537000000201e+00
1.563011623000000050e+01 6.602036239691554120e-02 2.145481937000000006e+00
1.558071911999999948e+01 1.797139616740238977e-01 2.083973551999999785e+00
1.544280439999999999e+01 2.858010477950264638e-01 2.018533093999999917e+00
1.527772659999999938e+01 1.957310331401176939e-01 1.940395124999999998e+00
1.567311072000000038e+01 1.047907469312324036e+00 1.779472217999999994e+00
1.636210600000000071e+01 9.525502276714604699e-01 1.868935975000000083e+00
1.684824577999999917e+01 6.732897878578449902e-01 1.937277321000000052e+00
1.699853132000000144e+01 6.782445970623197651e-01 1.952440253000000014e+00
1.699877107000000009e+01 6.783149237557264399e-01 1.962617714000000069e+00
1.684876368000000113e+01 6.731056314585009970e-01 1.954055657999999918e+00
1.636266958999999943e+01 9.523724859737852100e-01 1.879963645999999988e+00
1.567381864999999941e+01 1.047619998549367271e+00 1.788828609000000069e+00
1.527795786000000078e+01 1.952055251680343828e-01 1.934161669999999944e+00
1.544301731000000011e+01 2.858582980826552267e-01 2.004956330000000175e+00
1.558097513000000056e+01 1.796611716294082839e-01 2.070861741999999950e+00
1.563031432000000009e+01 6.584623980292624024e-02 2.135746199999999817e+00
1.562984795999999932e+01 6.625362833610426438e-02 2.144116184000000036e+00
1.566089601000000009e+01 8.970692850461758905e-02 2.117912224999999982e+00
1.565365465000000000e+01 1.876928714740911941e-01 2.056509377999999888e+00
1.557225736000000005e+01 3.258561225571746101e-01 1.981333757999999889e+00
1.552359107999999921e+01 4.534927134563199735e-01 1.878903320999999904e+00
1.584490772999999919e+01 9.529290803355842110e-01 1.798789667000000092e+00
1.647598509000000178e+01 9.695974273857090875e-01 1.870818270000000005e+00
1.694838860000000125e+01 7.151400937473052499e-01 1.937118101999999897e+00
1.709705196999999899e+01 7.143666777902248910e-01 1.953427436999999989e+00
1.709726943000000077e+01 7.144031491549088786e-01 1.963602464000000047e+00
1.694880128999999869e+01 7.149710898599690445e-01 1.954490897999999977e+00
1.647627929000000080e+01 9.696074523520298305e-01 1.882461520000000110e+00
1.584495146999999982e+01 9.531822394856046543e-01 1.805572900999999897e+00
1.552336481999999940e+01 4.533620966517351025e-01 1.872871787000000010e+00
1.557222759000000067e+01 3.258957818779789628e-01 1.969092878000000102e+00
1.565377529999999950e+01 1.876277299234368756e-01 2.043593200000000110e+00
1.566101626000000024e+01 8.963213572529944717e-02 2.107822639000000109e+00
1.558005009000000030e+01 1.802670998393560986e-01 2.085209439000000220e+00
1.565322042000000025e+01 1.885238342409640000e-01 2.057389565999999892e+00
1.572446011999999982e+01 8.334941819130091412e-02 2.002838156999999786e+00
1.572570142000000004e+01 1.776207949534593933e-01 1.935141342999999958e+00
1.576760795000000037e+01 3.664862404023807030e-01 1.852905089000000061e+00
1.612142302000000171e+01 9.320508894647866471e-01 1.812520458999999917e+00
1.672823784999999930e+01 9.762585249731422499e-01 1.878970062000000052e+00
1.718144639000000140e+01 7.443995062240887917e-01 1.941493439000000043e+00
1.732776905000000056e+01 7.382267812955978226e-01 1.959837575999999970e+00
1.732794310999999965e+01 7.382488862093478099e-01 1.969986997999999989e+00
1.718173546999999957e+01 7.443089994646663321e-01 1.960048384000000032e+00
1.672832933999999838e+01 9.764225927699287100e-01 1.892179920000000015e+00
1.612122594999999947e+01 9.323223739350883221e-01 1.820135824999999929e+00
1.576734431999999941e+01 3.661957043938375844e-01 1.848488201999999969e+00
1.572566800999999970e+01 1.775248109154511922e-01 1.923852939999999956e+00
1.572456451000000044e+01 8.306850529217248147e-02 1.989584025000000089e+00
1.565329419000000044e+01 1.885980429111783763e-01 2.046082943000000043e+00
1.544192973000000002e+01 2.861547778875833115e-01 2.022112823000000059e+00
1.557163813999999924e+01 3.264950440439349788e-01 1.979141727000000017e+00
1.572547931000000077e+01 1.780831897246193951e-01 1.927668881000000001e+00
1.580580186999999981e+01 1.581376538916438035e-01 1.874565817999999995e+00
1.592671870000000034e+01 4.085882504987416453e-01 1.821763983000000087e+00
1.638370142999999857e+01 1.023279925489479103e+00 1.822503447999999970e+00
1.700740134000000126e+01 9.554260183511548155e-01 1.893794023000000104e+00
1.744353325000000154e+01 7.211138551493284643e-01 1.953298682000000008e+00
1.759255791000000002e+01 7.077266961389218070e-01 1.972545768999999893e+00
1.759269455000000093e+01 7.077579043435527906e-01 1.982705434999999961e+00
1.744373605999999910e+01 7.211059777689567962e-01 1.972827246999999895e+00
1.700740967999999853e+01 9.556574051526290914e-01 1.908791123999999950e+00
1.638343555000000151e+01 1.023676638392791327e+00 1.833276190000000083e+00
1.592639383999999936e+01 4.081267253326157363e-01 1.818899722000000052e+00
1.580576042000000037e+01 1.577643609452792639e-01 1.862598278000000107e+00
1.572555385000000072e+01 1.779178550562134642e-01 1.912650025999999892e+00
1.557164283000000005e+01 3.266398345518387591e-01 1.964814821000000045e+00
1.527676173000000048e+01 1.955513313879539694e-01 1.927443382000000094e+00
1.552309812999999927e+01 4.541257525331769407e-01 1.845914073000000100e+00
1.576743281000000074e+01 3.669182997887687203e-01 1.807708273999999893e+00
1.592674706999999934e+01 4.088940030169346818e-01 1.767383694000000061e+00
1.607597768999999843e+01 4.649327889837119865e-01 1.758482518000000105e+00
1.665977074999999985e+01 1.122020566329252622e+00 1.828601256000000008e+00
1.726874284000000159e+01 9.001979732559250991e-01 1.911324079999999981e+00
1.767738280000000017e+01 6.764994429308884838e-01 1.969760742000000064e+00
1.783872192000000112e+01 6.388170302047911919e-01 1.987222499000000031e+00
1.783882948000000113e+01 6.388568649708051828e-01 1.997647885999999984e+00
1.767753237000000155e+01 6.765496502846499727e-01 1.989783258000000110e+00
1.726875672999999978e+01 9.003923175248709221e-01 1.927944834999999912e+00
1.665962080999999984e+01 1.122431662939283870e+00 1.842857747999999907e+00
1.607568909000000090e+01 4.646593468363284241e-01 1.749039184999999996e+00
1.592676230000000004e+01 4.089681371119091025e-01 1.749893053000000087e+00
1.576749112000000075e+01 3.669399966884609454e-01 1.787691665999999957e+00
1.552302038999999922e+01 4.543882122525664258e-01 1.824067665999999921e+00
1.567297302000000059e+01 1.047499190474750819e+00 1.598169589000000057e+00
1.584467669000000001e+01 9.528108205039321765e-01 1.650688673999999967e+00
1.612128767999999823e+01 9.318486754591225329e-01 1.665541788999999939e+00
1.638363053000000136e+01 1.022853408693965793e+00 1.652931139000000105e+00
1.665965618999999975e+01 1.121540618311009263e+00 1.654675246000000044e+00
1.704135497000000043e+01 9.982909387719512972e-01 1.781263795000000094e+00
1.750209410000000076e+01 8.056107701161895340e-01 1.921914472000000096e+00
1.786272639999999967e+01 6.330339215549811716e-01 1.987152841999999975e+00
1.804730629999999891e+01 5.463882325355913228e-01 1.998189229999999927e+00
1.804738350999999952e+01 5.464321728231104069e-01 2.009327336000000130e+00
1.786284265999999832e+01 6.331222159546002759e-01 2.007245713000000098e+00
1.750218377999999930e+01 8.056930571173703814e-01 1.939396453999999936e+00
1.704151548999999832e+01 9.983064403043768742e-01 1.789767383999999906e+00
1.665984798999999938e+01 1.121480176606560075e+00 1.645109820000000056e+00
1.638377596999999852e+01 1.022878763217645925e+00 1.635552834999999927e+00
1.612138231000000133e+01 9.319106751269471411e-01 1.645409802999999949e+00
1.584466401999999974e+01 9.530084896417622131e-01 1.631627860000000041e+00
1.636166186000000167e+01 9.521762165819270818e-01 1.698898395999999922e+00
1.647556741000000002e+01 9.693527849724213885e-01 1.709431120999999942e+00
1.672788153999999849e+01 9.760356076158513972e-01 1.720342437000000002e+00
1.700705565999999891e+01 9.551710228395344782e-01 1.731097399999999897e+00
1.726835845000000091e+01 8.999266024799067454e-01 1.749593029999999994e+00
1.750170780999999920e+01 8.053275227773595280e-01 1.789831906000000084e+00
1.772605865999999963e+01 6.976156386269076748e-01 1.894923405999999977e+00
1.799654342999999912e+01 5.995445193275067419e-01 2.002490449999999811e+00
1.821473457999999823e+01 4.477397382484469834e-01 1.997873441000000083e+00
1.821475484999999850e+01 4.478015373547394873e-01 2.009991668000000065e+00
1.799663805999999866e+01 5.996578185953033158e-01 2.022401810999999938e+00
1.772625100999999859e+01 6.976415907914013115e-01 1.907362135000000070e+00
1.750184860999999970e+01 8.052417854847683243e-01 1.789199025999999915e+00
1.726846314000000149e+01 8.998420476411839175e-01 1.742030002999999994e+00
1.700713355999999976e+01 9.551037461142041218e-01 1.719732293000000078e+00
1.672791473999999923e+01 9.759984866106741208e-01 1.707786577000000028e+00
1.647555142999999944e+01 9.693442520785132688e-01 1.699901577000000108e+00
1.684793976999999998e+01 6.727222389171755301e-01 1.868731877999999957e+00
1.694814793999999836e+01 7.146465345844783545e-01 1.868446931000000033e+00
1.718119950000000173e+01 7.439842940445010600e-01 1.865994396999999916e+00
1.744320374000000129e+01 7.207703136758035756e-01 1.865265034999999960e+00
1.767693059999999861e+01 6.762349635846190976e-01 1.866003921999999982e+00
1.786214112000000043e+01 6.328482967223392208e-01 1.867094692000000000e+00
1.799583645999999959e+01 5.994273843231551213e-01 1.867826387999999893e+00
1.808255564999999976e+01 5.778050664837837136e-01 1.949861741999999953e+00
1.834691254000000171e+01 3.659249753784870607e-01 1.969975113000000055e+00
1.834677366000000021e+01 3.660494608746545642e-01 1.980632353999999928e+00
1.808233656000000167e+01 5.778763571787528530e-01 2.004203072999999780e+00
1.799584132000000025e+01 5.994053785259511047e-01 1.864080047999999934e+00
1.786214484999999996e+01 6.328285002056139863e-01 1.861750014000000064e+00
1.767692046999999889e+01 6.762388376794727929e-01 1.859330606999999969e+00
1.744315917000000127e+01 7.208202905746108335e-01 1.857768520000000034e+00
1.718110950999999886e+01 7.440697286598310090e-01 1.858749326000000091e+00
1.694805389000000062e+01 7.146968715915196224e-01 1.863539121000000076e+00
1.699853142999999989e+01 6.776973876782280692e-01 2.009558360000000210e+00
1.709714748000000029e+01 7.137170210100340917e-01 2.001746835000000058e+00
1.732776840000000007e+01 7.375448005876378277e-01 1.985218056999999980e+00
1.759234617999999983e+01 7.071367827665711037e-01 1.969924368000000037e+00
1.783827359000000001e+01 6.383962581667709246e-01 1.955705102999999889e+00
1.804665209999999931e+01 5.461438737146554478e-01 1.940847739999999932e+00
1.821397117000000065e+01 4.476279069526570287e-01 1.925587920999999980e+00
1.834634039000000172e+01 3.661523046849662344e-01 1.918653004999999911e+00
1.846008906000000138e+01 2.260077182180271205e-01 1.939745591999999963e+00
1.845972052999999846e+01 2.260677678892575315e-01 1.939007402000000102e+00
1.834606777999999849e+01 3.662985566547999894e-01 1.908104902999999908e+00
1.821382434999999944e+01 4.477270644988690096e-01 1.915713452999999955e+00
1.804651009000000172e+01 5.463002050840600754e-01 1.931438194999999913e+00
1.783808021000000110e+01 6.386534999569698501e-01 1.946396119000000091e+00
1.759208268000000075e+01 7.074791972436765830e-01 1.961252229999999930e+00
1.732746185999999966e+01 7.378924063654251908e-01 1.978250416000000067e+00
1.709690975999999907e+01 7.139249686622192170e-01 1.997730400000000017e+00
1.564729121999999961e+01 2.067744966489573274e-02 2.174155875999999932e+00
1.565929004000000013e+01 2.286119614203525885e-02 2.143033781999999832e+00
1.562382876000000032e+01 1.254982770899933098e-01 2.080457473000000057e+00
1.550033604999999959e+01 2.392947406998792437e-01 2.013527724999999879e+00
1.532655214999999949e+01 2.625002351110096166e-01 1.944201367000000014e+00
1.565468779000000055e+01 1.172094355079663641e+00 1.747683298999999968e+00
1.641564583999999982e+01 1.039548074201201988e+00 1.856151362000000082e+00
1.699969716000000020e+01 6.778766210512729984e-01 1.943402881999999998e+00
1.729569066999999905e+01 2.465426146159870879e-01 1.988738249999999930e+00
1.729607469999999836e+01 2.464561494318281143e-01 2.009710071999999847e+00
1.699994066000000004e+01 6.779453213382814480e-01 1.952834575000000017e+00
1.641586716000000123e+01 1.039517627646789455e+00 1.861548895999999953e+00
1.565497081000000001e+01 1.171961447594353167e+00 1.753686929999999977e+00
1.532663684000000082e+01 2.624354574873798418e-01 1.942330271999999969e+00
1.550043102999999967e+01 2.392743852650397740e-01 2.009094882999999943e+00
1.562393085000000070e+01 1.254175368363472376e-01 2.076011901999999854e+00
1.565936066999999987e+01 2.269123169569037951e-02 2.139757319000000102e+00
1.565905994000000057e+01 2.266383028796853383e-02 2.146935806000000113e+00
1.568664446000000012e+01 7.087918242564156257e-02 2.115024399000000166e+00
1.568543584999999929e+01 1.499234375025695620e-01 2.050776851999999817e+00
1.561351080000000024e+01 2.843742873701813334e-01 1.974749217999999917e+00
1.556028234000000054e+01 4.336436946741911158e-01 1.872119773000000098e+00
1.586155250000000017e+01 9.876897984656408669e-01 1.780161402999999920e+00
1.653486404999999948e+01 1.038719660334274320e+00 1.859044686999999918e+00
1.709810395999999955e+01 7.138614587190884597e-01 1.942384346000000095e+00
1.738691621999999981e+01 3.510430210960090447e-01 1.987229930999999894e+00
1.738725433999999836e+01 3.509452813665071003e-01 2.008382908000000189e+00
1.709822206999999850e+01 7.139823703943787292e-01 1.951905704000000075e+00
1.653481740000000144e+01 1.038898064497658646e+00 1.864359799000000040e+00
1.586117763999999930e+01 9.881591975373948955e-01 1.783499688000000027e+00
1.555980289999999933e+01 4.334319748041562392e-01 1.870365271000000051e+00
1.561329315000000051e+01 2.842857456448775189e-01 1.970755996999999926e+00
1.568536424999999923e+01 1.497940284752969087e-01 2.046453200999999833e+00
1.568663040999999936e+01 7.073881249230615231e-02 2.111698173000000178e+00
1.562324905000000008e+01 1.258960460203206455e-01 2.091734766000000079e+00
1.568506834999999988e+01 1.506150241005526635e-01 2.056281606000000206e+00
1.575019724000000032e+01 6.582456582672130407e-02 1.994630649000000089e+00
1.575557051999999914e+01 1.583620884924652750e-01 1.924161738000000010e+00
1.580081318000000046e+01 3.542525428218099570e-01 1.840845378000000032e+00
1.615269873000000089e+01 9.457626429354011321e-01 1.799283846000000020e+00
1.679306778000000122e+01 1.030187107610980757e+00 1.869931782000000098e+00
1.732847205999999929e+01 7.377285810224718521e-01 1.945630833000000059e+00
1.760354665999999924e+01 4.337801868180845566e-01 1.988551742999999927e+00
1.760382046000000145e+01 4.337048700767047738e-01 2.010066627000000050e+00
1.732850369000000157e+01 7.378923730974322748e-01 1.955384856000000005e+00
1.679289925999999866e+01 1.030463221214275693e+00 1.875401931000000078e+00
1.615221817999999843e+01 9.461974258206794497e-01 1.802388646000000039e+00
1.580027145000000033e+01 3.539899757771168276e-01 1.839516176000000058e+00
1.575526274999999998e+01 1.582345768984354806e-01 1.920449426000000015e+00
1.575005190999999982e+01 6.554277808353013712e-02 1.990212936999999904e+00
1.568500341000000020e+01 1.505350405101317790e-01 2.052599707999999801e+00
1.549956713000000086e+01 2.394953964519902223e-01 2.030846384000000171e+00
1.561295508999999981e+01 2.849456351847003965e-01 1.979203245999999972e+00
1.575537381000000003e+01 1.587793476109999324e-01 1.918504452999999943e+00
1.583531697999999999e+01 1.518962174749809990e-01 1.862021978000000022e+00
1.595928675999999946e+01 4.032089717069877732e-01 1.810167992000000003e+00
1.642058738000000062e+01 1.056225042655992041e+00 1.813597165000000011e+00
1.708266344000000103e+01 1.011434787204424035e+00 1.886910078999999962e+00
1.759290779000000171e+01 7.074147156960111094e-01 1.956890966000000009e+00
1.785164703999999958e+01 4.243627343270504615e-01 1.997404468000000044e+00
1.785187047999999876e+01 4.243211311156255827e-01 2.019126540999999886e+00
1.759291332000000097e+01 7.075865509269936293e-01 1.967027045999999890e+00
1.708249943999999942e+01 1.011705816045007422e+00 1.892807354999999969e+00
1.642014799000000025e+01 1.056801775183871417e+00 1.817719813999999934e+00
1.595869985999999940e+01 4.029077604314649230e-01 1.809282139000000011e+00
1.583496698000000080e+01 1.516090011941483850e-01 1.858019257999999896e+00
1.575517761000000050e+01 1.585699144693594465e-01 1.913437218999999967e+00
1.561283521999999913e+01 2.848809566058071452e-01 1.974501990000000040e+00
1.532567988999999997e+01 2.626683847708513597e-01 1.963818438000000111e+00
1.555972648999999919e+01 4.342530365213382315e-01 1.844502360999999979e+00
1.580060596000000039e+01 3.546158432706045249e-01 1.793776451999999910e+00
1.595929192000000008e+01 4.034293276896109282e-01 1.751930758000000088e+00
1.611401672999999946e+01 4.684031599919651900e-01 1.746163791000000076e+00
1.672339519999999879e+01 1.196279456728010615e+00 1.815748844000000028e+00
1.737279060999999913e+01 9.505917420667753248e-01 1.901748546999999956e+00
1.783880302000000029e+01 6.387383316609864803e-01 1.972374754999999924e+00
1.807479705000000081e+01 3.717114100198987137e-01 2.011630752999999938e+00
1.807498650000000140e+01 3.716930143642032669e-01 2.033235315000000210e+00
1.783882600999999823e+01 6.388710843282098262e-01 1.983172946000000048e+00
1.737271159000000154e+01 9.507653142290607429e-01 1.908181265999999932e+00
1.672320536999999874e+01 1.196760021342352154e+00 1.820904053000000022e+00
1.611349080000000100e+01 4.683083252190023971e-01 1.742857783999999910e+00
1.595901190000000014e+01 4.036316493177224407e-01 1.745813690999999945e+00
1.580040570999999971e+01 3.546122952748970159e-01 1.786731011999999952e+00
1.555954621999999965e+01 4.342379898229185575e-01 1.836888419999999966e+00
1.565408152999999913e+01 1.171431581643094244e+00 1.517765268000000001e+00
1.586096331000000070e+01 9.874603426519115157e-01 1.604546693000000079e+00
1.615236489000000120e+01 9.454294482438799774e-01 1.629529183999999908e+00
1.642039729000000037e+01 1.055673733370654066e+00 1.619323843999999957e+00
1.672319401000000028e+01 1.195760521594234849e+00 1.626292194999999996e+00
1.716562577999999917e+01 1.071333703765790846e+00 1.761821212000000081e+00
1.766201222999999843e+01 8.164943906727542000e-01 1.900649575999999952e+00
1.804718155000000124e+01 5.465385038983149313e-01 1.986137483000000037e+00
1.825169809999999870e+01 3.115103038521046530e-01 2.027351863999999892e+00
1.825186461999999921e+01 3.115046298886663956e-01 2.048552873999999857e+00
1.804725292999999908e+01 5.465953969557804104e-01 1.998028181000000014e+00
1.766206757000000138e+01 8.165343695930500356e-01 1.907426795999999980e+00
1.716576875999999885e+01 1.071326237559917072e+00 1.764588191999999944e+00
1.672334358999999893e+01 1.195817254197355961e+00 1.622646593000000026e+00
1.642041058999999947e+01 1.055955674924557997e+00 1.612402471000000004e+00
1.615231610000000018e+01 9.456701665002035240e-01 1.621466411000000107e+00
1.586088641999999993e+01 9.876864407568133331e-01 1.596377189000000030e+00
1.641458537000000106e+01 1.039107062403000548e+00 1.623248468999999972e+00
1.653388681999999932e+01 1.038419315275908916e+00 1.640648807000000042e+00
1.679232443000000075e+01 1.029897360826778963e+00 1.664569101000000106e+00
1.708206477999999962e+01 1.011105855073921811e+00 1.686471374999999995e+00
1.737224170000000001e+01 9.502734529490923787e-01 1.717188160000000074e+00
1.766157606999999885e+01 8.162069622811649605e-01 1.775801882000000109e+00
1.795236089000000135e+01 6.294625423059310165e-01 1.880285876000000078e+00
1.821437183999999831e+01 4.480710304333117566e-01 1.989888617999999942e+00
1.837891396999999927e+01 2.608011499055523652e-01 2.041405995999999945e+00
1.837906466000000094e+01 2.608017863064299169e-01 2.062069853000000119e+00
1.821451941000000119e+01 4.480475888435294096e-01 2.003106712000000122e+00
1.795252220000000065e+01 6.294632133293509568e-01 1.886257228999999924e+00
1.766172514000000149e+01 8.161641869703608609e-01 1.776089599000000074e+00
1.737234341999999998e+01 9.502446743600132528e-01 1.713901585999999977e+00
1.708211659999999910e+01 1.011123364089530519e+00 1.681251131000000010e+00
1.679233710000000102e+01 1.029939728481049421e+00 1.658710581000000017e+00
1.653387731999999843e+01 1.038457796098890773e+00 1.636078214999999947e+00
1.699842486000000008e+01 6.778168595487236159e-01 1.755860082000000100e+00
1.709693202000000056e+01 7.139193186063808039e-01 1.762771850000000029e+00
1.732751925000000170e+01 7.377907470528436429e-01 1.776430445999999996e+00
1.759210909000000100e+01 7.073807411805166367e-01 1.793813429000000070e+00
1.783806317999999891e+01 6.386114229910970774e-01 1.814929019999999893e+00
1.804646440999999868e+01 5.463123670775055229e-01 1.842125639999999898e+00
1.821377791000000101e+01 4.477413667972021116e-01 1.883307819999999966e+00
1.834607357000000150e+01 3.662525246998016848e-01 1.965008115999999916e+00
1.845983143000000126e+01 2.260543177375366475e-01 2.051723937000000220e+00
1.845997112999999956e+01 2.260561707406415211e-01 2.071894384000000144e+00
1.834628625999999940e+01 3.662330105807554137e-01 1.976981880999999941e+00
1.821390472999999943e+01 4.477146218072506900e-01 1.886713336999999990e+00
1.804653988000000098e+01 5.462760323954422015e-01 1.841316920999999995e+00
1.783810992000000084e+01 6.385883458087371345e-01 1.811793698000000008e+00
1.759213378999999833e+01 7.073794159829531747e-01 1.789414888000000037e+00
1.732752427999999867e+01 7.378042173142541627e-01 1.771822725000000043e+00
1.709692550999999838e+01 7.139292180781139363e-01 1.759523020999999909e+00
1.729500342000000046e+01 2.463266735759578330e-01 1.938726739000000032e+00
1.738628884999999968e+01 3.509591674892548196e-01 1.936148318999999951e+00
1.760298376000000076e+01 4.337130810998892083e-01 1.931598394000000107e+00
1.785108881000000025e+01 4.242514388483047405e-01 1.929907746999999896e+00
1.807418613999999835e+01 3.715765397064075271e-01 1.930655481999999923e+00
1.825100219000000124e+01 3.113888783579467634e-01 1.932202468000000062e+00
1.837812721999999965e+01 2.607241415882468050e-01 1.933497030999999922e+00
1.845896936999999838e+01 2.260333513279827455e-01 1.934126275999999978e+00
1.849937620000000038e+01 2.081664565003553680e-01 2.005955822000000222e+00
1.849923302999999919e+01 2.081748412185992214e-01 2.050515009000000166e+00
1.845896537999999865e+01 2.260515942682204960e-01 1.933858756000000012e+00
1.837812132999999903e+01 2.607486850800006528e-01 1.932400053000000062e+00
1.825099399999999861e+01 3.114189794576053827e-01 1.930468397999999919e+00
1.807417274999999890e+01 3.716171924430793361e-01 1.928403010999999889e+00
1.785106538999999870e+01 4.243075131667818356e-01 1.927336898999999937e+00
1.760294912999999895e+01 4.337760562223258454e-01 1.929116210999999970e+00
1.738625743000000057e+01 3.509983331230343007e-01 1.934492595999999898e+00
