4.948641348000000306e+01 0.000000000000000000e+00 1.284911802999999964e+00
4.944123204000000271e+01 1.340103537666970934e-01 1.287282347000000104e+00
4.930823177999999984e+01 2.603873053603268373e-01 1.293965610000000099e+00
4.909527294000000097e+01 3.707803195489050019e-01 1.304812915000000073e+00
4.881635836000000239e+01 4.549844159769008689e-01 1.319384187999999902e+00
4.849352058000000198e+01 4.987981498558465843e-01 1.336824546999999974e+00
4.816064590999999950e+01 4.804088624387483630e-01 1.355546519000000005e+00
4.786959299000000101e+01 3.685524160524821791e-01 1.372654164000000065e+00
4.769201217999999898e+01 1.428032960773552018e-01 1.383511681000000104e+00
4.943446426999999943e+01 1.365137437000701615e-01 1.306195181000000094e+00
4.937826419000000300e+01 2.269093114627637742e-01 1.304089663999999926e+00
4.924117606000000080e+01 3.286443034519972994e-01 1.302266192999999905e+00
4.902857816000000213e+01 4.191646358494822699e-01 1.311695609999999901e+00
4.875173606999999976e+01 4.897922970347336480e-01 1.326087715999999972e+00
4.843261784999999975e+01 5.236208818952733379e-01 1.343591583000000034e+00
4.810498730999999850e+01 4.988148435654373158e-01 1.362372117000000049e+00
4.781979144999999676e+01 3.878648183951989847e-01 1.379487107999999962e+00
4.764641758999999865e+01 1.909016970193390672e-01 1.390290073999999931e+00
4.930088185999999695e+01 2.606930325001339255e-01 1.312505067000000025e+00
4.923452497000000250e+01 3.291279583098296047e-01 1.319435555999999954e+00
4.904960846000000174e+01 4.717670490744472755e-01 1.331236869999999906e+00
4.882708647999999840e+01 5.392559778496432976e-01 1.332809554000000007e+00
4.856178967999999685e+01 5.654164093074915964e-01 1.346738618999999915e+00
4.826030718999999891e+01 5.651452785673304335e-01 1.364182940999999927e+00
4.795382267000000098e+01 5.186403998722765030e-01 1.382467574999999949e+00
4.768961122000000330e+01 4.047164591563613412e-01 1.398788992999999925e+00
4.753021841000000336e+01 2.397114821752950320e-01 1.408963031000000088e+00
4.908780193999999852e+01 3.709401289129181101e-01 1.323424281000000091e+00
4.902119927999999760e+01 4.195610178094616449e-01 1.330330725999999908e+00
4.881961863000000079e+01 5.405604895150160072e-01 1.351602114000000077e+00
4.850419877000000213e+01 5.462836691631979269e-01 1.370772008999999958e+00
4.827517993000000018e+01 5.817140384934417208e-01 1.381769119000000101e+00
4.801794876999999673e+01 5.456504766384437932e-01 1.396603687000000038e+00
4.775562730000000045e+01 4.801144394870128229e-01 1.410982825000000052e+00
4.752857190999999659e+01 3.714164806764652660e-01 1.423434027999999962e+00
4.739112154000000032e+01 2.181359660006256251e-01 1.435718977999999924e+00
4.880880647000000039e+01 4.551463375127121069e-01 1.338244350000000082e+00
4.874418966999999725e+01 4.900690442656185364e-01 1.345213098999999968e+00
4.855400070999999684e+01 5.655506315192813105e-01 1.366188232999999919e+00
4.826874421000000126e+01 5.775092885103654261e-01 1.397307159999999993e+00
4.800228574999999864e+01 4.957036008688036066e-01 1.418240994999999893e+00
4.778204082999999969e+01 4.496637199238383009e-01 1.429111457999999946e+00
4.757130680000000211e+01 3.898885000645567755e-01 1.437044360000000021e+00
4.738506745000000109e+01 2.914896351190653379e-01 1.447245963000000080e+00
4.752451394999999934e+01 3.454875563846023234e-01 1.602540835999999969e+00
4.848587528000000191e+01 4.990004654296398279e-01 1.355974806999999949e+00
4.842499054999999686e+01 5.238514162474539049e-01 1.362995047999999931e+00
4.825253574999999984e+01 5.650602490572247394e-01 1.383534368999999931e+00
4.801103827000000024e+01 5.440369837066537650e-01 1.412818354999999970e+00
4.777817660000000188e+01 4.484310947772614520e-01 1.437384203999999999e+00
4.759273177000000032e+01 3.570410614312380937e-01 1.450180924000000093e+00
4.743248964000000001e+01 2.889062238263773175e-01 1.455301761999999943e+00
4.755656663999999978e+01 4.209428512554174162e-01 1.613659176999999945e+00
4.767648427000000311e+01 2.047336442571909831e-01 1.589264001000000093e+00
4.815287589999999796e+01 4.806619484453825142e-01 1.374927733000000041e+00
4.809726549999999889e+01 4.990616214638407544e-01 1.381915374999999946e+00
4.794606596999999937e+01 5.185560537598336017e-01 1.401615395000000097e+00
4.774842773000000307e+01 4.794809549298469364e-01 1.427550639999999982e+00
4.756553116999999986e+01 3.898624520325021381e-01 1.449077079000000046e+00
4.742892142000000177e+01 2.910152819934620494e-01 1.462220649999999900e+00
4.758000703999999814e+01 4.289359676355446460e-01 1.610465446999999939e+00
4.771887558000000240e+01 1.853627205347219420e-01 1.593528338999999905e+00
4.776584375000000193e+01 8.948105523862609489e-02 1.594515305999999910e+00
4.786166946000000166e+01 3.688181780693076672e-01 1.392124833000000006e+00
4.781191651000000320e+01 3.881715478341275505e-01 1.399038132000000045e+00
4.768178730000000343e+01 4.047179608661989891e-01 1.417697288999999916e+00
4.752113863000000293e+01 3.712013676022040132e-01 1.440152735000000073e+00
4.737812888999999927e+01 2.930443923585961952e-01 1.461382221999999897e+00
4.755829940999999650e+01 4.216451211908188168e-01 1.600812573000000016e+00
4.772011058999999733e+01 1.857789226786688008e-01 1.586077925000000111e+00
4.776905794999999699e+01 6.317110403224791837e-02 1.600711647000000015e+00
4.779624787000000197e+01 3.366687792635816856e-02 1.615404540999999972e+00
4.768393973999999957e+01 1.430646919941063189e-01 1.402952876000000071e+00
4.763829395999999861e+01 1.913803298093313121e-01 1.409992772000000061e+00
4.752218351999999868e+01 2.396249042350481473e-01 1.427737470000000064e+00
4.738342163000000085e+01 2.136547486837066523e-01 1.452756622999999969e+00
4.752884994000000063e+01 3.459151019871118948e-01 1.573007158000000016e+00
4.767953874999999897e+01 2.037713485622834331e-01 1.569102471999999970e+00
4.776777455999999944e+01 8.796323163446574667e-02 1.582505575000000109e+00
4.779705332000000340e+01 3.330787105440202039e-02 1.610567682999999972e+00
4.779958528000000229e+01 2.557074476574336310e-03 1.638373684999999913e+00
4.943457396000000159e+01 1.365480287307451746e-01 1.276927643000000057e+00
4.937833410999999728e+01 2.269321326113005188e-01 1.283382846999999938e+00
4.924131300999999894e+01 3.284644812308766815e-01 1.299199498999999980e+00
4.902881528000000344e+01 4.188796238219626433e-01 1.312148598000000055e+00
4.875206215000000043e+01 4.894817707136037144e-01 1.327336026000000002e+00
4.843300809000000129e+01 5.233421488737822758e-01 1.344880386000000039e+00
4.810539169999999842e+01 4.986354448064008738e-01 1.363455367999999890e+00
4.782011989000000085e+01 3.878562797716060828e-01 1.380361117000000082e+00
4.764654995000000071e+01 1.910248373412776479e-01 1.391416243999999969e+00
4.764631001000000055e+01 1.908439027789482212e-01 1.391485330999999936e+00
4.781955307999999860e+01 3.878921584368397735e-01 1.380653094999999997e+00
4.810470655999999678e+01 4.989661621095801691e-01 1.363945785999999938e+00
4.843235921000000133e+01 5.238384115312402223e-01 1.345486935000000051e+00
4.875153265000000147e+01 4.900241303997954212e-01 1.327957143999999978e+00
4.902844710000000106e+01 4.193648556316134646e-01 1.312688123000000040e+00
4.924113771999999756e+01 3.287352178992343776e-01 1.299579574000000015e+00
4.937836301000000105e+01 2.268126582934129887e-01 1.283675555999999940e+00
4.937022998999999857e+01 2.256368914167449780e-01 1.299134446000000054e+00
4.931006778999999796e+01 3.005267070981265665e-01 1.300330964999999894e+00
4.917774750000000239e+01 3.718276734477707346e-01 1.307159989000000078e+00
4.896676264999999972e+01 4.503634512537124657e-01 1.318300309999999920e+00
4.869212124999999958e+01 5.123462561602998289e-01 1.333115548000000095e+00
4.837675380000000303e+01 5.383681118400024390e-01 1.350634035999999982e+00
4.805478092999999973e+01 5.065986990400862533e-01 1.369268069999999948e+00
4.777646486999999809e+01 3.924009260485608053e-01 1.386264935999999892e+00
4.760841139000000055e+01 2.040247620395421457e-01 1.397138844999999963e+00
4.760823955000000041e+01 2.038204311545125103e-01 1.397310263000000052e+00
4.777604816000000199e+01 3.923651096633162805e-01 1.386688504000000099e+00
4.805429121000000237e+01 5.067864469983365261e-01 1.369872339999999911e+00
4.837630733000000305e+01 5.386619001365596793e-01 1.351316270000000097e+00
4.869176799000000244e+01 5.126546915996185172e-01 1.333769972000000026e+00
4.896651259000000067e+01 4.506359881542231216e-01 1.318826650000000100e+00
4.917759259999999699e+01 3.720367007159568473e-01 1.307446440999999959e+00
4.930999889000000280e+01 3.006374387721646446e-01 1.299812089000000004e+00
4.923337527999999708e+01 3.286033393017916970e-01 1.318665498000000103e+00
4.917072018999999727e+01 3.716658004919857761e-01 1.325538410000000056e+00
4.899518171999999794e+01 4.775164339363238697e-01 1.336522986999999940e+00
4.877845306999999764e+01 5.390315983672491207e-01 1.337475922000000095e+00
4.851506269000000060e+01 5.650550262143981817e-01 1.351193612000000099e+00
4.821722804000000195e+01 5.601086859458188627e-01 1.368463095000000074e+00
4.791783497000000125e+01 5.040844451100934265e-01 1.386750917000000083e+00
4.766416805000000068e+01 3.782733283954334280e-01 1.403533444000000019e+00
4.751452960999999675e+01 2.009881928236511017e-01 1.414953906999999900e+00
4.751440748000000269e+01 2.008162242299483535e-01 1.415409079000000014e+00
4.766394592000000330e+01 3.781993866680300465e-01 1.404455454999999908e+00
4.791763229000000024e+01 5.040707028319413308e-01 1.387802997999999954e+00
4.821708660000000179e+01 5.600650954607364618e-01 1.369459538000000087e+00
4.851496400999999992e+01 5.649511397749880093e-01 1.352031943999999930e+00
4.877831632000000184e+01 5.389089887941540535e-01 1.338039383999999998e+00
4.899445003999999670e+01 4.783772900416247698e-01 1.336375432000000085e+00
4.916998536999999914e+01 3.727170031711001252e-01 1.325525786999999900e+00
4.902119726000000099e+01 4.187441772561775188e-01 1.330538530000000108e+00
4.895952875999999776e+01 4.501673531285012575e-01 1.336771211999999931e+00
4.877140623999999747e+01 5.397308567378151789e-01 1.356250701000000003e+00
4.846739903000000282e+01 5.498604380981445550e-01 1.371995282999999954e+00
4.824335448000000071e+01 5.721643055219209906e-01 1.382981986000000107e+00
4.799157395000000292e+01 5.263511783161268776e-01 1.397549804000000062e+00
4.774001262000000168e+01 4.448434088848016721e-01 1.412646145000000075e+00
4.753252821000000239e+01 3.087677897688135276e-01 1.429002930000000005e+00
4.742113584999999887e+01 1.375487648627304604e-01 1.448408203999999921e+00
4.742104068999999811e+01 1.374346555145794513e-01 1.449258546000000036e+00
4.753245753000000207e+01 3.088186170620292326e-01 1.430712819000000025e+00
4.774007946999999774e+01 4.448197871859559949e-01 1.414422115999999896e+00
4.799168971999999656e+01 5.262776000099737006e-01 1.398955645000000025e+00
4.824340641999999946e+01 5.724006407097297355e-01 1.383950293000000054e+00
4.846685438000000090e+01 5.545466976216595345e-01 1.371748471000000080e+00
4.876974984000000291e+01 5.412482093186613552e-01 1.356262563999999893e+00
4.895868841000000060e+01 4.511231626355368673e-01 1.336804230000000038e+00
4.874443706999999648e+01 4.894307371152628594e-01 1.345727920999999938e+00
4.868478575000000319e+01 5.121787058846667406e-01 1.351898787000000102e+00
4.850769877999999835e+01 5.648550164127297268e-01 1.370857831999999998e+00
4.823719552000000022e+01 5.683207224752380160e-01 1.399895708999999933e+00
4.798007496000000316e+01 4.790518390082146305e-01 1.418874906000000102e+00
4.777084623999999735e+01 4.225070338669936754e-01 1.428276271000000097e+00
4.757876418000000029e+01 3.356387956700774833e-01 1.438830802000000020e+00
4.743858306999999996e+01 1.899116776434801868e-01 1.463974971000000069e+00
4.739174942999999729e+01 5.192939327350074713e-02 1.501461866000000089e+00
4.739173906999999986e+01 5.223779516585379257e-02 1.502981657000000082e+00
4.743860143999999934e+01 1.902397021344815753e-01 1.467014578999999985e+00
4.757888107000000133e+01 3.357144258629589095e-01 1.441305918000000075e+00
4.777065024000000193e+01 4.226065021718443115e-01 1.429453945999999975e+00
4.797890686000000215e+01 4.793622524285376385e-01 1.418812975999999892e+00
4.823476996000000128e+01 5.687247639178208969e-01 1.399551749000000012e+00
4.850580535000000282e+01 5.662934629425593336e-01 1.370882316999999961e+00
4.868384971999999777e+01 5.130671662854957571e-01 1.351979679999999906e+00
4.842527800999999954e+01 5.233782679866061383e-01 1.363570927999999904e+00
4.836933479000000347e+01 5.381970389993142589e-01 1.369752630000000027e+00
4.820990900000000323e+01 5.595974268316298295e-01 1.388266133999999985e+00
4.798517322000000007e+01 5.245115955362543714e-01 1.415481242999999889e+00
4.776735198000000082e+01 4.208464620035787807e-01 1.438591283999999915e+00
4.759549272000000286e+01 3.266296702932695584e-01 1.449158884999999897e+00
4.745968398000000121e+01 2.347898704526577840e-01 1.458047400000000104e+00
4.739820985000000064e+01 6.752601596143301133e-02 1.498394943000000090e+00
4.740734061999999938e+01 6.087230546916759522e-02 1.532181653999999948e+00
4.740749538000000030e+01 6.067133912843832022e-02 1.533431494000000006e+00
4.739845631000000026e+01 6.754126581886100988e-02 1.502445749000000053e+00
4.745953474000000227e+01 2.346188273945207237e-01 1.460853173000000060e+00
4.759434312999999861e+01 3.264389427004827926e-01 1.448939326999999944e+00
4.776494291000000203e+01 4.209324084872586025e-01 1.437408028999999976e+00
4.798237251999999842e+01 5.254292218196178199e-01 1.414870926999999945e+00
4.820783748000000202e+01 5.609558513858038387e-01 1.388225416999999906e+00
4.836831252000000347e+01 5.390431299820409583e-01 1.369842137000000015e+00
4.809754128000000151e+01 4.986547336129062424e-01 1.382437657999999958e+00
4.804729351000000293e+01 5.063490885334943625e-01 1.388648614999999920e+00
4.791062059000000062e+01 5.033890554851964128e-01 1.406608886999999974e+00
4.773360114999999837e+01 4.435255412538876008e-01 1.431485394999999938e+00
4.757412289999999899e+01 3.341225663409920776e-01 1.454646514000000002e+00
4.745772337999999735e+01 2.331618435182906401e-01 1.468503418000000060e+00
4.736303733999999821e+01 1.936839404545787346e-01 1.466073428999999928e+00
4.735063551999999731e+01 1.335482468158182279e-01 1.512509917999999898e+00
4.740224744999999729e+01 1.541911973343174369e-01 1.540887550000000106e+00
4.740258467000000309e+01 1.537963903036807245e-01 1.540507048000000045e+00
4.735130854999999883e+01 1.335653693313281209e-01 1.514440722000000017e+00
4.736224691000000320e+01 1.931337040049680986e-01 1.465703849999999919e+00
4.745552642999999904e+01 2.325543329477970378e-01 1.464181862000000001e+00
4.757101672999999664e+01 3.341707862537172669e-01 1.451447192999999913e+00
4.773057599999999923e+01 4.444079936035149614e-01 1.430152203000000011e+00
4.790843181000000328e+01 5.046300952226939751e-01 1.406294882999999940e+00
4.804620590999999763e+01 5.071697451066549123e-01 1.388655954999999942e+00
4.781221564999999885e+01 3.876305758238356991e-01 1.399438626000000019e+00
4.776894783000000189e+01 3.919149710501330097e-01 1.405763072999999919e+00
4.765705625999999739e+01 3.774709019715418168e-01 1.423469029000000052e+00
4.752623655000000014e+01 3.076466174330488856e-01 1.448766911000000102e+00
4.743421713000000040e+01 1.875935391819299192e-01 1.483158063999999943e+00
4.739662990000000065e+01 6.196560403855748411e-02 1.515482114000000102e+00
4.735036681999999786e+01 1.355292947481855914e-01 1.527206233000000024e+00
4.728491225999999870e+01 3.751084231612090147e-01 1.580107882999999935e+00
4.734993820999999770e+01 2.386549352950163017e-01 1.545897996000000107e+00
4.735046641000000278e+01 2.382667110691880086e-01 1.541393731000000100e+00
4.728602511999999791e+01 3.746450880588629850e-01 1.555104929000000080e+00
4.734877773000000190e+01 1.364858450877048379e-01 1.510247912999999942e+00
4.739395417000000066e+01 5.848569349749148383e-02 1.502571182000000061e+00
4.743083715000000211e+01 1.860711798606078382e-01 1.475924414999999934e+00
4.752317623999999796e+01 3.080107354515431162e-01 1.445978914999999976e+00
4.765486674999999650e+01 3.785479758536155481e-01 1.422594968999999931e+00
4.776784796999999827e+01 3.927525363356276777e-01 1.405565203999999957e+00
4.763878560999999934e+01 1.899829505028762799e-01 1.410091210999999900e+00
4.760093735000000237e+01 2.028900200533741427e-01 1.416612731000000069e+00
4.750739715000000274e+01 2.000972335114375444e-01 1.434997663999999951e+00
4.741507259000000118e+01 1.357092887666452863e-01 1.468282923999999934e+00
4.738862945999999710e+01 4.773387583179394822e-02 1.519002493999999981e+00
4.740638507999999973e+01 6.858225583823028548e-02 1.548061141999999890e+00
4.740188318999999950e+01 1.604950410288878138e-01 1.556992423999999930e+00
4.734938817999999827e+01 2.449311465951773403e-01 1.560888403000000091e+00
4.726766864999999740e+01 2.386662457257235914e-01 1.555035453999999984e+00
4.726815614000000210e+01 2.406627878227377004e-01 1.532818290000000028e+00
4.734872228999999777e+01 2.487946729211532870e-01 1.533697898000000004e+00
4.740029033999999797e+01 1.651070022132018200e-01 1.533061071999999969e+00
4.740400078999999778e+01 7.370423093339829868e-02 1.528986270000000092e+00
4.738566106999999761e+01 4.407598323776681926e-02 1.507084725999999986e+00
4.741226602999999784e+01 1.349140909382220699e-01 1.463610668000000059e+00
4.750542181000000141e+01 2.013688290167336692e-01 1.433547053000000071e+00
4.759993543000000216e+01 2.041703173255900727e-01 1.416171728999999990e+00
4.930096986000000214e+01 2.607186080282405394e-01 1.285584799000000000e+00
4.923461205000000263e+01 3.291412904378762661e-01 1.291198636999999927e+00
4.904958126999999735e+01 4.719704035245347873e-01 1.308224432000000048e+00
4.882754395999999986e+01 5.385913013205804178e-01 1.336463766999999914e+00
4.856253989999999732e+01 5.646319839705883359e-01 1.353939739000000086e+00
4.826121272000000317e+01 5.644934191600844420e-01 1.370780032999999953e+00
4.795473902999999893e+01 5.182736092387333349e-01 1.387444233000000082e+00
4.769033359000000161e+01 4.047442728723838479e-01 1.402026248000000086e+00
4.753050434000000024e+01 2.399588061355516777e-01 1.410919277000000083e+00
4.753000257000000062e+01 2.394273719464181105e-01 1.411019524999999941e+00
4.768904967000000283e+01 4.047052665095081658e-01 1.401889976000000093e+00
4.795311039999999991e+01 5.189750099301941866e-01 1.387461059000000052e+00
4.825959873000000044e+01 5.657491777622277729e-01 1.371044786999999987e+00
4.856120476000000252e+01 5.661879931533231325e-01 1.354390106999999954e+00
4.882678065999999717e+01 5.399347448950089223e-01 1.337039193999999931e+00
4.904977616000000040e+01 4.716690599910741133e-01 1.309398231999999940e+00
4.923447577999999680e+01 3.294113213109209348e-01 1.291575724000000092e+00
4.923359882999999826e+01 3.284171311566883578e-01 1.293323996999999892e+00
4.917071468999999695e+01 3.718566891124025497e-01 1.298508647000000016e+00
4.899490054999999700e+01 4.779555679545112734e-01 1.314301640999999909e+00
4.877868029999999777e+01 5.385096308784564911e-01 1.340411106999999991e+00
4.851554345000000268e+01 5.643959100647589766e-01 1.357213175999999910e+00
4.821782042000000246e+01 5.595891650075615065e-01 1.373952427000000087e+00
4.791841115999999801e+01 5.038376093728267335e-01 1.390888093999999908e+00
4.766457966000000113e+01 3.783673797641812220e-01 1.406379137000000057e+00
4.751462344000000115e+01 2.013430843430950856e-01 1.417433555999999983e+00
4.751422185999999925e+01 2.008569568674350436e-01 1.417479252999999995e+00
4.766351751999999919e+01 3.781908992260882285e-01 1.406439471999999968e+00
4.791704020000000241e+01 5.043179386928087204e-01 1.391140899999999903e+00
4.821645290000000017e+01 5.605913553190354781e-01 1.374409951000000074e+00
4.851441367000000326e+01 5.656862694395929925e-01 1.357779896999999902e+00
4.877804273000000279e+01 5.395982806448312852e-01 1.340997855999999988e+00
4.899508219999999881e+01 4.777316855433016429e-01 1.315395545000000110e+00
4.917046040999999690e+01 3.722349523002989602e-01 1.298762205000000058e+00
4.904179718000000321e+01 4.715585565085273489e-01 1.324285968000000091e+00
4.898757147999999972e+01 4.770223248552218909e-01 1.330332789000000071e+00
4.882849853999999823e+01 5.124731847065265855e-01 1.343103563999999972e+00
4.862939262999999812e+01 5.472599541826229652e-01 1.353510047999999966e+00
4.837602226999999999e+01 5.615381670971411054e-01 1.367834525999999995e+00
4.809502962999999909e+01 5.342210428059910310e-01 1.384403661999999979e+00
4.782289744999999925e+01 4.467178676388166014e-01 1.402060088000000038e+00
4.760463030999999745e+01 2.951408292162017166e-01 1.418961259999999891e+00
4.748316550999999919e+01 1.098212686727047527e-01 1.430628981999999993e+00
4.748290933999999908e+01 1.091633356600748284e-01 1.430939715000000056e+00
4.760396450999999729e+01 2.947399343625021761e-01 1.419787424999999992e+00
4.782205160000000177e+01 4.467268635947873046e-01 1.403181081000000052e+00
4.809420968999999957e+01 5.345048098613845999e-01 1.385598171999999906e+00
4.837534284000000184e+01 5.619219420601246906e-01 1.368900087999999959e+00
4.862889512999999653e+01 5.476225865661104031e-01 1.354197674999999990e+00
4.882820765000000307e+01 5.127181318804564514e-01 1.341316624999999929e+00
4.898652048000000292e+01 4.779994230754820439e-01 1.329792783999999894e+00
4.882041688000000335e+01 5.358109087113429592e-01 1.352764773999999948e+00
4.877208449999999829e+01 5.360483737499264212e-01 1.357125404000000035e+00
4.862308821999999964e+01 5.464179250556855383e-01 1.371182979999999940e+00
4.836625597999999826e+01 6.126754033067539629e-01 1.381884770999999956e+00
4.815282145999999841e+01 5.349520733268466888e-01 1.388775185999999939e+00
4.792027677000000097e+01 4.589182597266357466e-01 1.403727793999999918e+00
4.770555231000000163e+01 3.360287126744774255e-01 1.420740603000000046e+00
4.754854215000000295e+01 1.921887902911509072e-01 1.439003618000000095e+00
4.747073267999999757e+01 1.149861965346585108e-01 1.452715787999999897e+00
4.747066301000000266e+01 1.148636978997763930e-01 1.453474643999999927e+00
4.754836856000000012e+01 1.918022210476696132e-01 1.440993516999999891e+00
4.770539586000000298e+01 3.356920038108368032e-01 1.423250845999999958e+00
4.792023146999999739e+01 4.585703970110868721e-01 1.406096009000000091e+00
4.815284077999999823e+01 5.345661814723761118e-01 1.390674272000000045e+00
4.836579911999999837e+01 6.058387082553485792e-01 1.380746376000000053e+00
4.862055343000000107e+01 5.482136906279547750e-01 1.370913116000000098e+00
4.877080059000000034e+01 5.369193857205624143e-01 1.357061770999999917e+00
4.855595598000000024e+01 5.625842047914435540e-01 1.368626123999999944e+00
4.850934694000000036e+01 5.625169852133057313e-01 1.372747056999999993e+00
4.836964616000000206e+01 5.605714058710082881e-01 1.385870726999999913e+00
4.814673044999999973e+01 5.324314693544033306e-01 1.408058714999999905e+00
4.791955941999999879e+01 4.247628494699420831e-01 1.420844476999999939e+00
4.774554054000000036e+01 3.380311804573988832e-01 1.427915408000000053e+00
4.760438513999999799e+01 2.257187262543042527e-01 1.441638672999999926e+00
4.751893782999999871e+01 1.753071022890025088e-01 1.461387369000000103e+00
4.748677800000000104e+01 2.019576628571023991e-01 1.476464572999999891e+00
4.748690295000000106e+01 2.021231246059928821e-01 1.477517541000000101e+00
4.751925999000000189e+01 1.755388371168286055e-01 1.464296070999999921e+00
4.760476445999999839e+01 2.255198631889865357e-01 1.445206216000000099e+00
4.774560784999999896e+01 3.379633635417920723e-01 1.430328980999999944e+00
4.791812225999999697e+01 4.252013928804911913e-01 1.420646142000000056e+00
4.814300198000000108e+01 5.334183651725616926e-01 1.406831983000000008e+00
4.836686133999999981e+01 5.623650700568416649e-01 1.385609800999999974e+00
4.850798941000000042e+01 5.633902578598390942e-01 1.372769817000000003e+00
4.825446561999999773e+01 5.633303573563468447e-01 1.385955623999999942e+00
4.821151031000000131e+01 5.583207734394570743e-01 1.390075433000000027e+00
4.808875530000000253e+01 5.329808035322981530e-01 1.403005359000000007e+00
4.791452147999999767e+01 4.568472287504370399e-01 1.423804923999999916e+00
4.774225425000000200e+01 3.356698995448157974e-01 1.442099110000000017e+00
4.760866173000000146e+01 2.426198622888441903e-01 1.447398957000000097e+00
4.752218615999999685e+01 1.909036998559859033e-01 1.454989733999999979e+00
4.749617288999999687e+01 2.161841614675965306e-01 1.475251136000000018e+00
4.750218756999999670e+01 2.433164929698786172e-01 1.490598053999999895e+00
4.750247876000000247e+01 2.434241406573816879e-01 1.491527250999999943e+00
4.749687010000000242e+01 2.166711345523870402e-01 1.478139171999999890e+00
4.752251034999999746e+01 1.914142229018652441e-01 1.458108371000000014e+00
4.760728645999999742e+01 2.424090112921310491e-01 1.447042888999999999e+00
4.773863390999999723e+01 3.357528666675647644e-01 1.439208189999999998e+00
4.791031607000000037e+01 4.583883090456070120e-01 1.421926632999999995e+00
4.808571194999999676e+01 5.347744389769151230e-01 1.402517156999999903e+00
4.821001909000000296e+01 5.592921162273918334e-01 1.390071083999999901e+00
4.794772351999999671e+01 5.175078991228323488e-01 1.403603310999999909e+00
4.791197028999999930e+01 5.026804019734186779e-01 1.408023819999999926e+00
4.781688134000000190e+01 4.450834857806539868e-01 1.421374343000000096e+00
4.770036414999999863e+01 3.339926997245923901e-01 1.441811517000000098e+00
4.760082848999999783e+01 2.241400364409781854e-01 1.461598871000000077e+00
4.752053186999999923e+01 1.900612040579790496e-01 1.468706277999999976e+00
4.745418812999999858e+01 1.986851684460284317e-01 1.463551701999999954e+00
4.745242841000000311e+01 2.610090340340214810e-01 1.477756053000000014e+00
4.748765223000000191e+01 2.684035351153005733e-01 1.493702097999999978e+00
4.748807141000000343e+01 2.683436185508045746e-01 1.494098377999999894e+00
4.745330653999999981e+01 2.617908622609033675e-01 1.480001987000000074e+00
4.745325830000000167e+01 1.985872203100265410e-01 1.463263455000000102e+00
4.751719502000000261e+01 1.882808206346756885e-01 1.463322285999999917e+00
4.759615302000000270e+01 2.237882182290842903e-01 1.455893963000000069e+00
4.769579753000000011e+01 3.352830024808167164e-01 1.438460424999999931e+00
4.781357627999999949e+01 4.468053609566869921e-01 1.420137725000000017e+00
4.791031689999999799e+01 5.037491446412034612e-01 1.407751908000000052e+00
4.768321522000000101e+01 4.037486331986935850e-01 1.419084776000000048e+00
4.765821469000000121e+01 3.766479910871911030e-01 1.424467278999999920e+00
4.759902605999999992e+01 2.932085202311298655e-01 1.439083034999999899e+00
4.754394519000000230e+01 1.915254597423723948e-01 1.461225291000000093e+00
4.751572774000000265e+01 1.764550889809942125e-01 1.484130213999999892e+00
4.749413342999999799e+01 2.166749550839305594e-01 1.496365627000000087e+00
4.745092701000000091e+01 2.606465484246766606e-01 1.495099970999999917e+00
4.740047874999999777e+01 2.641111957697112045e-01 1.474104193999999923e+00
4.743911838999999731e+01 2.955287785562149550e-01 1.487898112000000106e+00
4.743961658999999997e+01 2.953250938057500052e-01 1.487464947000000093e+00
4.740013403999999753e+01 2.646541337818368311e-01 1.473886454999999929e+00
4.744770119999999736e+01 2.578190397245228582e-01 1.485384217000000007e+00
4.748970744999999738e+01 2.143586513324811094e-01 1.485626126000000102e+00
4.751068757000000176e+01 1.746879346341945194e-01 1.475228704999999918e+00
4.753921574000000305e+01 1.915261517823443060e-01 1.455664231999999947e+00
4.759553800999999851e+01 2.946067820945482696e-01 1.436471958999999909e+00
4.765642021000000028e+01 3.777556686190277624e-01 1.423562486000000016e+00
4.752364829999999785e+01 2.382645790006714948e-01 1.428426004000000082e+00
4.750876382999999947e+01 1.977646905376446718e-01 1.435977129999999935e+00
4.747799083999999681e+01 1.076662109605523165e-01 1.451281849999999984e+00
4.746645765000000239e+01 1.178657376277355423e-01 1.475416437000000025e+00
4.748369074000000012e+01 2.042302625258303472e-01 1.499785404000000044e+00
4.749997728999999680e+01 2.442290753386667512e-01 1.513478700000000066e+00
4.748571031000000175e+01 2.687100964106067802e-01 1.515386906000000034e+00
4.743682550999999847e+01 2.959652666540716903e-01 1.507100483999999962e+00
4.738789075999999767e+01 3.053718108191849079e-01 1.478044421000000108e+00
4.738828685000000007e+01 3.064796138175284179e-01 1.476922084999999996e+00
4.743429572000000150e+01 2.940796460402717027e-01 1.494591506999999986e+00
4.748201802999999899e+01 2.666631487989991056e-01 1.500770571000000109e+00
4.749548098999999723e+01 2.422573719927383629e-01 1.499636624000000085e+00
4.747882496999999802e+01 2.021975741371618562e-01 1.488607559999999941e+00
4.746190254999999780e+01 1.157372082259064544e-01 1.468041888999999989e+00
4.747456015000000207e+01 1.088200398798610941e-01 1.447348550000000067e+00
4.750695925000000130e+01 1.991064049135297387e-01 1.434146839000000062e+00
4.908786829000000296e+01 3.709693611807219349e-01 1.296928913999999988e+00
4.902131588000000306e+01 4.194963958039979457e-01 1.304254494999999903e+00
4.881976142999999979e+01 5.402540416079713026e-01 1.328253850000000069e+00
4.850570566999999755e+01 5.455922500659323715e-01 1.395506729999999918e+00
4.827674633000000171e+01 5.803642947154018517e-01 1.402040884999999903e+00
4.801961289999999849e+01 5.447844243158440625e-01 1.412006271999999951e+00
4.775718147999999985e+01 4.798157231795051603e-01 1.421270191999999932e+00
4.752969988000000257e+01 3.717863693109321743e-01 1.428665266000000100e+00
4.739131743000000085e+01 2.216528426876189228e-01 1.434805708000000068e+00
4.739130031999999915e+01 2.113632863780637028e-01 1.443683859999999930e+00
4.752768617000000262e+01 3.709683610494745043e-01 1.427613330000000014e+00
4.775429600999999735e+01 4.803383207322252102e-01 1.419127908999999965e+00
4.801638842999999923e+01 5.465660068921280867e-01 1.409801266999999969e+00
4.827353091999999890e+01 5.835454527357168963e-01 1.400039059000000030e+00
4.850201799999999963e+01 5.485540759466107641e-01 1.393275175999999949e+00
4.881902474999999697e+01 5.416797667320323306e-01 1.328595345000000094e+00
4.902095506999999941e+01 4.200021246228669569e-01 1.304629209000000012e+00
4.902147374999999840e+01 4.185341730705892105e-01 1.303871916000000075e+00
4.895957717000000287e+01 4.502814832340716333e-01 1.310484613999999937e+00
4.877122451000000325e+01 5.398331701931784465e-01 1.332289091000000036e+00
4.846875140000000215e+01 5.493641184330978477e-01 1.397487943000000010e+00
4.824478427999999752e+01 5.707263052132126591e-01 1.402732443000000107e+00
4.799306906000000339e+01 5.255100851919953797e-01 1.412501612000000017e+00
4.774129613000000205e+01 4.447545829789667504e-01 1.422934616000000041e+00
4.753325980999999700e+01 3.094751098845362480e-01 1.435888392000000069e+00
4.742108328999999856e+01 1.386129579012377600e-01 1.454508657000000094e+00
4.742050940000000026e+01 1.377002864108629043e-01 1.454628070000000051e+00
4.753150243999999702e+01 3.087514367627815504e-01 1.434722746000000049e+00
4.773869023000000311e+01 4.450897264858009739e-01 1.421086547000000033e+00
4.799004047999999756e+01 5.271870820597319707e-01 1.410580713999999958e+00
4.824169082000000230e+01 5.740683513905251445e-01 1.400916162999999992e+00
4.846497893000000090e+01 5.552250607718587361e-01 1.395258734000000000e+00
4.877040178000000026e+01 5.411474760294557873e-01 1.332579160999999957e+00
4.895917038000000332e+01 4.507093353739709540e-01 1.310823408999999939e+00
4.882093081000000012e+01 5.353842549645834170e-01 1.325519901999999917e+00
4.877213174999999978e+01 5.361318692892804716e-01 1.330108819999999969e+00
4.862265783000000141e+01 5.468627490519841761e-01 1.345669227999999995e+00
4.836638564999999801e+01 6.042112577595756262e-01 1.386615300999999967e+00
4.815391067000000191e+01 5.335282916173713641e-01 1.404267399999999943e+00
4.792132400999999930e+01 4.583117617407076461e-01 1.414616663000000107e+00
4.770633785999999787e+01 3.359908185822040871e-01 1.427979429000000078e+00
4.754895915000000173e+01 1.924205247494178705e-01 1.444082359000000038e+00
4.747077576000000221e+01 1.152565771567719694e-01 1.456507031999999979e+00
4.747036418999999796e+01 1.149420933461992589e-01 1.456389211000000072e+00
4.754774792999999988e+01 1.918492329511805317e-01 1.443663584999999916e+00
4.770445162000000039e+01 3.359513069889009662e-01 1.427324886999999931e+00
4.791898957000000081e+01 4.593671315917539633e-01 1.413812056000000039e+00
4.815142715000000351e+01 5.364204216869365993e-01 1.403236128999999943e+00
4.836580146000000013e+01 6.152195362543705359e-01 1.380833886000000010e+00
4.862184797999999830e+01 5.474240561558125773e-01 1.345932201000000106e+00
4.877173283999999853e+01 5.361114472543766496e-01 1.330434614999999932e+00
4.851055307000000028e+01 5.423757928633593517e-01 1.379655209000000049e+00
4.847350209999999748e+01 5.430842580574982703e-01 1.381568896999999962e+00
4.836696686999999883e+01 5.395226190341188000e-01 1.387876471000000000e+00
4.820562143000000077e+01 5.152720246604373111e-01 1.397767996000000013e+00
4.801404810999999739e+01 4.501585293420614087e-01 1.406900787999999958e+00
4.782614182999999741e+01 3.305818980900246951e-01 1.420529901000000095e+00
4.767742633999999669e+01 1.840878517407846249e-01 1.437363353000000066e+00
4.758772797999999682e+01 1.367089721877336739e-01 1.454728422000000077e+00
4.755048374999999794e+01 1.855631448310935683e-01 1.466146866999999965e+00
4.755034279000000197e+01 1.856737042339785537e-01 1.466596835999999904e+00
4.758728511999999711e+01 1.367075595228862406e-01 1.455931818000000044e+00
4.767669341999999943e+01 1.836174218441002093e-01 1.438956679999999988e+00
4.782525117000000137e+01 3.303822552483900443e-01 1.422111842000000070e+00
4.801319038999999833e+01 4.502922004912165432e-01 1.407996597999999988e+00
4.820498915000000295e+01 5.155265833272680842e-01 1.394425403000000063e+00
4.836653980999999902e+01 5.404918533959244265e-01 1.386049407000000011e+00
4.847326787000000081e+01 5.433318722790360100e-01 1.381623500999999976e+00
4.827462589000000293e+01 5.741032779311723289e-01 1.403855328999999985e+00
4.824279742000000226e+01 5.648524110343577931e-01 1.405849507000000109e+00
4.815102301000000296e+01 5.289225672847961413e-01 1.412177620000000022e+00
4.800934389999999752e+01 4.483177267645646613e-01 1.424337074999999952e+00
4.783990846999999746e+01 3.235699075240883182e-01 1.424567519000000004e+00
4.772855240999999893e+01 1.982153125337627886e-01 1.432133931999999943e+00
4.766042037999999792e+01 1.273515185858320742e-01 1.449922037000000108e+00
4.763552076999999940e+01 1.956201425304502917e-01 1.467525492999999903e+00
4.763271607000000074e+01 2.462246790751855541e-01 1.478161701000000106e+00
4.763282711000000091e+01 2.462728721972025636e-01 1.478930501000000008e+00
4.763582782999999665e+01 1.956585192149692676e-01 1.469829768999999953e+00
4.766087771000000117e+01 1.268355506471667005e-01 1.453512609999999983e+00
4.772905945000000116e+01 1.975499937809178097e-01 1.435975283999999963e+00
4.783853222999999844e+01 3.247923768251747001e-01 1.424195733999999991e+00
4.800452425999999662e+01 4.502080822727552722e-01 1.421807322999999901e+00
4.814824414999999647e+01 5.292625731149643853e-01 1.411598193999999973e+00
4.824158540999999900e+01 5.647597231255312433e-01 1.405796958000000041e+00
4.801573372000000006e+01 5.423988080381689780e-01 1.418065850000000072e+00
4.798955854999999815e+01 5.230767336809774015e-01 1.420026924000000079e+00
4.791754550999999651e+01 4.559746185240079464e-01 1.426566559999999928e+00
4.782198343999999679e+01 3.281399755750809000e-01 1.439302051000000082e+00
4.772541303999999940e+01 1.954779912649801388e-01 1.452483369000000080e+00
4.764379292000000277e+01 1.394626494626971525e-01 1.448651952999999937e+00
4.763019827000000106e+01 2.059979972486579991e-01 1.459023079999999917e+00
4.765891597000000246e+01 2.633515888726626342e-01 1.476747137000000043e+00
4.768373141000000004e+01 2.822422296489605076e-01 1.486156132999999935e+00
4.768403322000000344e+01 2.821393855782762805e-01 1.486769956999999920e+00
4.765977269999999777e+01 2.631412725981294720e-01 1.478870597000000009e+00
4.763127405000000181e+01 2.068337033107916778e-01 1.462877838000000041e+00
4.764247313999999989e+01 1.399779654883624713e-01 1.448307838000000070e+00
4.772013242999999960e+01 1.950664179897836081e-01 1.446301679000000062e+00
4.781675981000000064e+01 3.297819023981247155e-01 1.435471820999999926e+00
4.791415838000000349e+01 4.572318797542501700e-01 1.425265395000000046e+00
4.798798157000000231e+01 5.236466669308501576e-01 1.419729918999999896e+00
4.775205076999999676e+01 4.788833939293576369e-01 1.431313046999999949e+00
4.773694156999999905e+01 4.429092421753134112e-01 1.434600875999999969e+00
4.770250001000000140e+01 3.334787443360680004e-01 1.443458855999999901e+00
4.767410093000000160e+01 1.821563254415811406e-01 1.458027090999999942e+00
4.765800396000000205e+01 1.280617781547344902e-01 1.473505628000000067e+00
4.762874219999999781e+01 2.061030516013021285e-01 1.479889406000000074e+00
4.758845741999999746e+01 2.203342202710132369e-01 1.464646960999999914e+00
4.763929018999999698e+01 3.216137166895769450e-01 1.480250512000000018e+00
4.768649434000000298e+01 3.130007981200681466e-01 1.487961086000000099e+00
4.768691770000000218e+01 3.127621791258294315e-01 1.488045180000000078e+00
4.764048690999999991e+01 3.213410076265690862e-01 1.481369396999999921e+00
4.758769458999999813e+01 2.216241891298338373e-01 1.464427629000000008e+00
4.762385787000000192e+01 2.026273959538779368e-01 1.470991525000000077e+00
4.765203079999999858e+01 1.270620949207823813e-01 1.464597834999999959e+00
4.766857003999999876e+01 1.828941079431415095e-01 1.451981353999999946e+00
4.769858376999999905e+01 3.346671612253473427e-01 1.440454123999999947e+00
4.773498275000000035e+01 4.437619580216045634e-01 1.433458389999999971e+00
4.752392882000000185e+01 3.705500179655770721e-01 1.442460537999999959e+00
4.752904865000000001e+01 3.060609759866154134e-01 1.451079169000000002e+00
4.754576347999999797e+01 1.901514800308869435e-01 1.462326494000000032e+00
4.758521732999999898e+01 1.383168995322866246e-01 1.477266914999999958e+00
4.763373690000000238e+01 1.979416484279809541e-01 1.492410978000000110e+00
4.765763757999999939e+01 2.647185103092308811e-01 1.501340633000000091e+00
4.763807762999999795e+01 3.223372215612818614e-01 1.502729184999999967e+00
4.759162040999999732e+01 2.961573112223275239e-01 1.474924275000000007e+00
4.764768942999999979e+01 3.354549810511503471e-01 1.483454292000000008e+00
4.764815380000000289e+01 3.351187275138814425e-01 1.482781034000000053e+00
4.759168808999999811e+01 3.022364464656017158e-01 1.474272586999999968e+00
4.763364572999999780e+01 3.203003196920009010e-01 1.491633721999999995e+00
4.765211196999999999e+01 2.636691325488803583e-01 1.489270021000000055e+00
4.762771990000000244e+01 1.972417710195124296e-01 1.481259429000000072e+00
4.757958184999999673e+01 1.372603661137817843e-01 1.468627715000000000e+00
4.754148980000000080e+01 1.901156012838355613e-01 1.456663518000000046e+00
4.752673719999999946e+01 3.066104030214755194e-01 1.447810225000000006e+00
4.738695649000000287e+01 1.942785557800068563e-01 1.458419899999999991e+00
4.741857506000000200e+01 1.319409264033791496e-01 1.471435803000000098e+00
4.746843402999999739e+01 1.153326065281581464e-01 1.476400058000000071e+00
4.754848413999999934e+01 1.882468380532910379e-01 1.489633294999999968e+00
4.763115233999999987e+01 2.485277368242442830e-01 1.503288594999999894e+00
4.768244065999999748e+01 2.837651906924131273e-01 1.511228685999999932e+00
4.768514720999999668e+01 3.140957134769917225e-01 1.511879353000000092e+00
4.764587513000000030e+01 3.365333091336233373e-01 1.505274097999999894e+00
4.760344316999999847e+01 3.328951430961415991e-01 1.482358971000000025e+00
4.760361756000000355e+01 3.332716744836203837e-01 1.476998832000000039e+00
4.764263246000000152e+01 3.351409361962207623e-01 1.495126576999999957e+00
4.768055633000000171e+01 3.130314669764037161e-01 1.499149840000000067e+00
4.767700236999999674e+01 2.830843732454745854e-01 1.497926332000000027e+00
4.762535953999999805e+01 2.478938844238017802e-01 1.490863384999999930e+00
4.754299114999999887e+01 1.869534390869672380e-01 1.479264912999999959e+00
4.746410088999999743e+01 1.131361689837415557e-01 1.468488548999999921e+00
4.741613585000000342e+01 1.312204020876188426e-01 1.464507803000000052e+00
4.880884704000000340e+01 4.551797236402355673e-01 1.311727644000000081e+00
4.874432886000000309e+01 4.899706444243218106e-01 1.319654091999999945e+00
4.855431973000000312e+01 5.651117705420084514e-01 1.346045909000000096e+00
4.826977108999999899e+01 5.761566421309544106e-01 1.396040350999999902e+00
4.800437777999999867e+01 4.952121061726226237e-01 1.439064407000000045e+00
4.778436302000000069e+01 4.492726680883766810e-01 1.450166794999999897e+00
4.757340900999999889e+01 3.900267135278216446e-01 1.451828063000000002e+00
4.738634796000000193e+01 2.944068150013621210e-01 1.453021510999999988e+00
4.752451546999999721e+01 3.460176403452516203e-01 1.570583939999999901e+00
4.752519809000000350e+01 3.446738687943892154e-01 1.585948281000000071e+00
4.738420135999999872e+01 2.870576792617456907e-01 1.454986883999999980e+00
4.756935898999999779e+01 3.895056114389564006e-01 1.445423844000000013e+00
4.777945333000000261e+01 4.499702628871900534e-01 1.442953603999999945e+00
4.799929251999999735e+01 4.961916558441802905e-01 1.432833983000000089e+00
4.826645804999999712e+01 5.793385288452398418e-01 1.392980496999999929e+00
4.855295696999999677e+01 5.667341246803671018e-01 1.345800893000000054e+00
4.874379077999999765e+01 4.905386727567932481e-01 1.319931068000000041e+00
4.874473940000000027e+01 4.892419901046158870e-01 1.318681401000000086e+00
4.868486776999999677e+01 5.122722670191696137e-01 1.325680498000000096e+00
4.850765384999999696e+01 5.648681982432207649e-01 1.349474505000000102e+00
4.823770586999999921e+01 5.671520047528855191e-01 1.396612221000000043e+00
4.798195978999999767e+01 4.786375788482832294e-01 1.439638768000000013e+00
4.777306845999999751e+01 4.222367364764261777e-01 1.449745051000000062e+00
4.758056308999999828e+01 3.362658003340131541e-01 1.455195532000000069e+00
4.743928436000000204e+01 1.917441200093688014e-01 1.475460189000000089e+00
4.739144095000000334e+01 5.352517065351258818e-02 1.507787737999999989e+00
4.739091069999999917e+01 5.199139969684232060e-02 1.507653440999999983e+00
4.743709304000000060e+01 1.897333549496668936e-01 1.471895492000000027e+00
4.757670945999999645e+01 3.356413204395505834e-01 1.448739862999999906e+00
4.776810838000000103e+01 4.229258746502613242e-01 1.442646239999999969e+00
4.797662614000000048e+01 4.796879068604642526e-01 1.433368307999999924e+00
4.823431770999999912e+01 5.704223984388228086e-01 1.393562463999999945e+00
4.850629127999999923e+01 5.662956412689699182e-01 1.349257133999999914e+00
4.868433518999999876e+01 5.127015325366224285e-01 1.325965784000000092e+00
4.855656256000000326e+01 5.622163457817980214e-01 1.340748355999999974e+00
4.850944222999999766e+01 5.626321450689500958e-01 1.345053819000000095e+00
4.836927304999999677e+01 5.610102526261693257e-01 1.360944885000000104e+00
4.814657060999999771e+01 5.317480951291894131e-01 1.397836164000000103e+00
4.792129546999999690e+01 4.244239828057285724e-01 1.441537743000000038e+00
4.774762620999999996e+01 3.377160446138478544e-01 1.448933706000000043e+00
4.760595287000000297e+01 2.258427824779256909e-01 1.456791375999999971e+00
4.751974187999999799e+01 1.756019203266743767e-01 1.471283667000000017e+00
4.748685628999999864e+01 2.022244246475125851e-01 1.482447757000000088e+00
4.748630346000000202e+01 2.023564609769241684e-01 1.481496954999999893e+00
4.751793566999999996e+01 1.756495871636358230e-01 1.468114297999999929e+00
4.760268839999999813e+01 2.256886039121482057e-01 1.451480117000000014e+00
4.774292977000000349e+01 3.384859208020826737e-01 1.442421565999999933e+00
4.791568655999999748e+01 4.255114223607318613e-01 1.435087223000000023e+00
4.814354904000000346e+01 5.347595840301876402e-01 1.395100028000000103e+00
4.836819636999999972e+01 5.615964264398730643e-01 1.361078271000000006e+00
4.850904727000000349e+01 5.626326392656025854e-01 1.345496578000000110e+00
4.827536229999999762e+01 5.742301772657314451e-01 1.381481060999999899e+00
4.824295292000000046e+01 5.649985731078814855e-01 1.382202627999999933e+00
4.815047526000000033e+01 5.293115729156560034e-01 1.386162523000000091e+00
4.800825738000000342e+01 4.488941221093366019e-01 1.401128039000000047e+00
4.784161429000000254e+01 3.234505137622309401e-01 1.445767948000000080e+00
4.773020403000000300e+01 1.973450285683526206e-01 1.448456465000000026e+00
4.766142961999999983e+01 1.265213711366577065e-01 1.458842524999999890e+00
4.763601145999999886e+01 1.952985607730625406e-01 1.472338689000000089e+00
4.763279450000000281e+01 2.462073122698525962e-01 1.480910943000000035e+00
4.763252202999999696e+01 2.465041638956272929e-01 1.480880758000000075e+00
4.763507463999999914e+01 1.962567028663921020e-01 1.471884669999999895e+00
4.765950893000000121e+01 1.280693753179140415e-01 1.457113386999999927e+00
4.772679295999999738e+01 1.988301393738199918e-01 1.444551713000000071e+00
4.783576088000000226e+01 3.247648102208910981e-01 1.438978719000000073e+00
4.800685777000000343e+01 4.493888505032361258e-01 1.400759485000000026e+00
4.815023138000000102e+01 5.287001533330575320e-01 1.387574622999999896e+00
4.824289265000000171e+01 5.647729733330536517e-01 1.383069593000000097e+00
4.800856018999999719e+01 4.961573908064451088e-01 1.424419160000000018e+00
4.798619589999999846e+01 4.796105475246517091e-01 1.424701073999999901e+00
4.792534011000000049e+01 4.256078803834643653e-01 1.426126460000000096e+00
4.784508712000000230e+01 3.246300953553308832e-01 1.429627347999999909e+00
4.777323400000000220e+01 1.767661189674567535e-01 1.441052178999999933e+00
4.773370011000000090e+01 2.885817144323366695e-02 1.448954668999999917e+00
4.773208033000000228e+01 1.324322332523508450e-01 1.464255953999999971e+00
4.775144759999999877e+01 2.123474100996209368e-01 1.477677386999999953e+00
4.776850315000000080e+01 2.451034537930476820e-01 1.485325476000000089e+00
4.776850027999999782e+01 2.452113973398915292e-01 1.485800411999999904e+00
4.775138456999999903e+01 2.126884272221978567e-01 1.478986034999999921e+00
4.773183244999999886e+01 1.329675882292936095e-01 1.466049538999999902e+00
4.773318989999999928e+01 2.859792689807916927e-02 1.450558680000000100e+00
4.777259809000000246e+01 1.764746117950199422e-01 1.435699650999999966e+00
4.784433310000000006e+01 3.246919715559881126e-01 1.430398599999999965e+00
4.792473631000000012e+01 4.257927885072340657e-01 1.426942310000000047e+00
4.798586904999999803e+01 4.797555876464842384e-01 1.425134321999999898e+00
4.778469584999999853e+01 4.488130755151113482e-01 1.443654189999999948e+00
4.777367888999999934e+01 4.213649370684956486e-01 1.444190969000000102e+00
4.774792768999999737e+01 3.363301066051509469e-01 1.446370782000000021e+00
4.772936038999999653e+01 1.949186964085885820e-01 1.454330066000000032e+00
4.773184108000000236e+01 2.809514734600102731e-02 1.468822512000000025e+00
4.770826210999999972e+01 2.032482101924597551e-01 1.466701889999999953e+00
4.776901655999999718e+01 2.205160943271857188e-01 1.472035498999999970e+00
4.782389505999999813e+01 2.387363681935954773e-01 1.483610461000000047e+00
4.785631782000000101e+01 2.425597917801211589e-01 1.489941149000000076e+00
4.785651382999999726e+01 2.423998714347180006e-01 1.490300436000000062e+00
4.782444740999999766e+01 2.382005856029836277e-01 1.484729155999999994e+00
4.776984605999999900e+01 2.192049547421270339e-01 1.473957946999999935e+00
4.770914023000000270e+01 1.928575140789112463e-01 1.459433975999999911e+00
4.772556409999999971e+01 2.858974801786078393e-02 1.459188909999999950e+00
4.772511386000000044e+01 1.945169976391332711e-01 1.449961681000000002e+00
4.774559445999999951e+01 3.364860869820839318e-01 1.444910224000000021e+00
4.777260480000000342e+01 4.215841708604949889e-01 1.443684009000000046e+00
4.757084843999999890e+01 3.902665533164372813e-01 1.453525178000000029e+00
4.757925784999999763e+01 3.341858964359677442e-01 1.458530236999999952e+00
4.760504090999999960e+01 2.235702320853110436e-01 1.463832221000000100e+00
4.766031635000000222e+01 1.254129975451328538e-01 1.473806538000000055e+00
4.773106384999999818e+01 1.342689069190224627e-01 1.486460858999999912e+00
4.776823622999999941e+01 2.220648599296023151e-01 1.496059888000000004e+00
4.775614328000000341e+01 3.278158390231420416e-01 1.508269749999999965e+00
4.783624128000000297e+01 2.908287904285303815e-01 1.488710753000000109e+00
4.788199429000000151e+01 2.653915750655184702e-01 1.491442769999999918e+00
4.788229639000000049e+01 2.650507725795240854e-01 1.491223116000000015e+00
4.783705779999999663e+01 2.897616751709930494e-01 1.487942751999999924e+00
4.775425350999999807e+01 3.293884142818414573e-01 1.494390375000000049e+00
4.776224600999999836e+01 2.217441166046534573e-01 1.483573070999999910e+00
4.772475070000000130e+01 1.342784925784964722e-01 1.475225695000000004e+00
4.765497057999999697e+01 1.237467792257996441e-01 1.465811715000000071e+00
4.760148570999999862e+01 2.232877838160820250e-01 1.458937096000000100e+00
4.757743589999999756e+01 3.345346921535659046e-01 1.455476683000000104e+00
4.738296331000000094e+01 2.821062008014523781e-01 1.465498764999999981e+00
4.743874066000000056e+01 1.865644989238350038e-01 1.486392968000000092e+00
4.751921467999999749e+01 1.743652606247912407e-01 1.485162496999999915e+00
4.763545040000000341e+01 1.960965503789544595e-01 1.492167830000000084e+00
4.775100925999999646e+01 2.138026537321983667e-01 1.501427480999999897e+00
4.782350928999999695e+01 2.399553986607173006e-01 1.508328998999999948e+00
4.783565440999999652e+01 2.918366555988420319e-01 1.512396166000000042e+00
4.781050897000000077e+01 3.191153007354302074e-01 1.510990255000000060e+00
4.785445356000000316e+01 2.937131909890269843e-01 1.487920141000000029e+00
4.785473094000000316e+01 2.933081264290515189e-01 1.486786471000000054e+00
4.780865431000000143e+01 3.192124051667114548e-01 1.499742597000000011e+00
4.783057354999999689e+01 2.913188808073740588e-01 1.500337121000000051e+00
4.781759651000000133e+01 2.401490622675983566e-01 1.495558123999999989e+00
4.774481594000000229e+01 2.139317625191542172e-01 1.489060065000000099e+00
4.762978059000000286e+01 1.948967930319620290e-01 1.481351475000000084e+00
4.751493716000000234e+01 1.724286372231272069e-01 1.476051854000000052e+00
4.743627797999999984e+01 1.856318557964817262e-01 1.477039103999999936e+00
4.752704804999999766e+01 3.411551315563023379e-01 1.580830885999999991e+00
4.739327286999999700e+01 4.827677352740634975e-02 1.522393003999999994e+00
4.748710097000000019e+01 2.017800273950554335e-01 1.500356051000000024e+00
4.763272115000000184e+01 2.470082496275595729e-01 1.502897203000000070e+00
4.776832358000000056e+01 2.462784060796077978e-01 1.509592017999999980e+00
4.785600938000000326e+01 2.437015393349221404e-01 1.514839049000000104e+00
4.788139241999999740e+01 2.664461528551971270e-01 1.515928573999999918e+00
4.785328451000000172e+01 2.948485588922476475e-01 1.511237573000000056e+00
4.781375959999999736e+01 2.893446113232223116e-01 1.491488340999999940e+00
4.781296763000000283e+01 2.896648292706170413e-01 1.484642218000000069e+00
4.784953452999999968e+01 2.936750868325218589e-01 1.501896262999999898e+00
4.787636203999999651e+01 2.660217398530417832e-01 1.504132535000000104e+00
4.785025707999999867e+01 2.438791426814629071e-01 1.501991402999999892e+00
4.776233318999999966e+01 2.463686078601565188e-01 1.496664109999999992e+00
4.762708162999999928e+01 2.461824920517604876e-01 1.490555238000000005e+00
4.748259211999999962e+01 1.995587866538935384e-01 1.488313714000000010e+00
4.739074210999999792e+01 4.504932374943469708e-02 1.506013331999999982e+00
4.848588750999999775e+01 4.990346644799684150e-01 1.329247236000000054e+00
4.842514405000000011e+01 5.237476288036277960e-01 1.337387289999999895e+00
4.825293511000000279e+01 5.646852475745424149e-01 1.363267840000000009e+00
4.801201037999999954e+01 5.433041124542214995e-01 1.405597248000000077e+00
4.778000288999999867e+01 4.479821424983245204e-01 1.446946084999999993e+00
4.759512666999999908e+01 3.569144806637377654e-01 1.468659632999999909e+00
4.743484749999999650e+01 2.895573917447282764e-01 1.472894541000000057e+00
4.755641694999999913e+01 4.215183070456988146e-01 1.585096983999999987e+00
4.767661030000000011e+01 2.050923942436669867e-01 1.551062224000000045e+00
4.767715708000000063e+01 2.042919015788379478e-01 1.560741018999999952e+00
4.755764359999999868e+01 4.209553898747287470e-01 1.605961833000000061e+00
4.743009571000000335e+01 2.878978942996121004e-01 1.459773892000000073e+00
4.758962989999999849e+01 3.567821880769684317e-01 1.455462373999999892e+00
4.777503047999999808e+01 4.486425772388600297e-01 1.437798018000000067e+00
4.800870996999999818e+01 5.451020920271629766e-01 1.401397723000000095e+00
4.825127591999999765e+01 5.659884091521764082e-01 1.362292730999999923e+00
4.842447597999999687e+01 5.242704666540191072e-01 1.337420454000000092e+00
4.842558015000000182e+01 5.232333605547684341e-01 1.336311253999999948e+00
4.836941927000000163e+01 5.383314363159010796e-01 1.343444188999999955e+00
4.820988872000000214e+01 5.597260197956416272e-01 1.366696117999999904e+00
4.798550739000000220e+01 5.241807563821823113e-01 1.406248560999999953e+00
4.776867115000000297e+01 4.204534530802755965e-01 1.446693892000000092e+00
4.759766979999999847e+01 3.265213758885218698e-01 1.467478274000000082e+00
4.746164928999999688e+01 2.358032056471603688e-01 1.477287331999999953e+00
4.739879822999999703e+01 6.964382969249548194e-02 1.509397131000000059e+00
4.740709461000000147e+01 5.986039597549897007e-02 1.533550367999999997e+00
4.740672258000000028e+01 6.199780735700449047e-02 1.532673866000000107e+00
4.739675540000000353e+01 6.610776281786895359e-02 1.502847784999999936e+00
4.745698688000000232e+01 2.341887646223939357e-01 1.463372139999999932e+00
4.759191828000000157e+01 3.263453109791870643e-01 1.454171611999999891e+00
4.776350359999999995e+01 4.212230477064019540e-01 1.437493431999999904e+00
4.798223114999999694e+01 5.258861854573954053e-01 1.402130340999999891e+00
4.820830220999999938e+01 5.607927067626553574e-01 1.365811370999999941e+00
4.836879387999999835e+01 5.386966004094049243e-01 1.343526473000000054e+00
4.825510069999999985e+01 5.630514494093221689e-01 1.358254866000000005e+00
4.821159183000000326e+01 5.585517470969287857e-01 1.362554555000000001e+00
4.808834894000000304e+01 5.335409935940812476e-01 1.378173725999999988e+00
4.791412522000000251e+01 4.570732907364418174e-01 1.408875201999999938e+00
4.774294394000000352e+01 3.353518893505924026e-01 1.446123188000000059e+00
4.761065957000000282e+01 2.425649572583069291e-01 1.465615399999999902e+00
4.752426796000000309e+01 1.911095079615744985e-01 1.474113199000000041e+00
4.749733355000000046e+01 2.161753107698717036e-01 1.487356807000000058e+00
4.750233605999999753e+01 2.434734269389612904e-01 1.496737031000000107e+00
4.750168311000000188e+01 2.437778559748631779e-01 1.494940324999999959e+00
4.749500830000000207e+01 2.170771214511054426e-01 1.480552931999999933e+00
4.751971572000000066e+01 1.911304224046296574e-01 1.461368221000000078e+00
4.760470157000000313e+01 2.422287622527563578e-01 1.452009965000000014e+00
4.773781762000000128e+01 3.361283993239588264e-01 1.437101195000000109e+00
4.791130568999999895e+01 4.582617090167252494e-01 1.405546257999999993e+00
4.808713539000000026e+01 5.339497914529552913e-01 1.377908781999999999e+00
4.821114554999999768e+01 5.585825636975677577e-01 1.362939257000000071e+00
4.801659048999999868e+01 5.423099973097003090e-01 1.394115462000000027e+00
4.798968106000000233e+01 5.233387062665347811e-01 1.394896246000000062e+00
4.791687982999999917e+01 4.566085041578206161e-01 1.400295241000000024e+00
4.782080037000000061e+01 3.288834620529835218e-01 1.416363371000000093e+00
4.772503541999999754e+01 1.949414293779299090e-01 1.446025418000000062e+00
4.764569434999999942e+01 1.396152043043974444e-01 1.467237807999999921e+00
4.763209410000000332e+01 2.047991036726627689e-01 1.474498070999999966e+00
4.765984815000000197e+01 2.625702686751612003e-01 1.484359780999999989e+00
4.768389275999999910e+01 2.821116560311202615e-01 1.490520210999999984e+00
4.768348893000000288e+01 2.825852465726492180e-01 1.490149538999999912e+00
4.765839193000000051e+01 2.643716285174151914e-01 1.482283522999999992e+00
4.762868940999999978e+01 2.086884108852174735e-01 1.467414965999999987e+00
4.763961276999999939e+01 1.391753928598811751e-01 1.453374122000000046e+00
4.772085803000000226e+01 1.962221471189508626e-01 1.438915877999999982e+00
4.781924956000000293e+01 3.289047508451215518e-01 1.415692747000000029e+00
4.791641771999999833e+01 4.562998808989638388e-01 1.401564142000000013e+00
4.798954004000000140e+01 5.231751458280817779e-01 1.395910924000000053e+00
4.778529632000000049e+01 4.489134618420112521e-01 1.431058017000000016e+00
4.777375570000000238e+01 4.215706441636035140e-01 1.430003531999999966e+00
4.774737248999999650e+01 3.365592635189751936e-01 1.428935123000000029e+00
4.772791440999999679e+01 1.951614716657190385e-01 1.431402477000000006e+00
4.773004521000000011e+01 2.808698215882545965e-02 1.446947435000000004e+00
4.770985343000000256e+01 1.709482394522513216e-01 1.471156625999999967e+00
4.776990405000000095e+01 2.186149423397223956e-01 1.476628755999999987e+00
4.782433156999999824e+01 2.380249556325708948e-01 1.486396980000000090e+00
4.785639467000000025e+01 2.424208234753183200e-01 1.492205003999999890e+00
4.785625979999999657e+01 2.427341464001993021e-01 1.492644571999999892e+00
4.782383684999999929e+01 2.392090555939619112e-01 1.487452500999999927e+00
4.776877664999999951e+01 2.218002515133131736e-01 1.477516261999999969e+00
4.770815548000000206e+01 2.127150762638256309e-01 1.468024926000000008e+00
4.772880313000000285e+01 2.928628586206959497e-02 1.446739863999999987e+00
4.772810235000000034e+01 1.943743386938393547e-01 1.434610385000000043e+00
4.774748208999999832e+01 3.363756243262148171e-01 1.431354946999999989e+00
4.777374985000000152e+01 4.215568524863227973e-01 1.431283188000000095e+00
4.759851519000000053e+01 3.575555417630952859e-01 1.454274703000000057e+00
4.760106097999999974e+01 3.272179163930090118e-01 1.452744424000000034e+00
4.761369851999999980e+01 2.432576509905585715e-01 1.450204790999999993e+00
4.764803315000000339e+01 1.395665714779775468e-01 1.450642795999999901e+00
4.771046546000000177e+01 1.288146872691937339e-01 1.463220992000000109e+00
4.779256373999999852e+01 1.599829294685088943e-01 1.478848304000000002e+00
4.787524428999999770e+01 1.897809275704668008e-01 1.480682929000000092e+00
4.794117712999999981e+01 1.927020400525165100e-01 1.490564296999999927e+00
4.797718456999999859e+01 1.867601861515473805e-01 1.496210523000000014e+00
4.797724483999999734e+01 1.867700765131385665e-01 1.496616133000000071e+00
4.794131112000000172e+01 1.927963332578908617e-01 1.491680147000000067e+00
4.787533245000000193e+01 1.900693485275768979e-01 1.482109104000000066e+00
4.779238239000000021e+01 1.607401789702155581e-01 1.468310140999999902e+00
4.771009910000000076e+01 1.237332318947381438e-01 1.457158401000000048e+00
4.764740820000000099e+01 1.395531094185171739e-01 1.451826964000000109e+00
4.761307929000000172e+01 2.431909125130386762e-01 1.451086459000000106e+00
4.760068477000000087e+01 3.272299863297070677e-01 1.453189392999999940e+00
4.743516509999999897e+01 2.901332794262123094e-01 1.465882093000000053e+00
4.746346235000000036e+01 2.338187484165177576e-01 1.471306924999999932e+00
4.752565561000000116e+01 1.895164122725417899e-01 1.470040789000000014e+00
4.763263592999999929e+01 2.029485058705682299e-01 1.479257207000000074e+00
4.776995569000000330e+01 2.188193957930665290e-01 1.494572073999999917e+00
4.787521275000000287e+01 1.906481928214226462e-01 1.502420482000000002e+00
4.792340465000000194e+01 2.103197659026174726e-01 1.504379251999999889e+00
4.798980232000000257e+01 2.006102028373587254e-01 1.496180996000000096e+00
4.802979899999999702e+01 1.779434226130380825e-01 1.498738015000000035e+00
4.802993328000000162e+01 1.776809126268983074e-01 1.498499408999999893e+00
4.798998312999999882e+01 2.001627848068992799e-01 1.494820336000000083e+00
4.792051640999999762e+01 2.108894361049297450e-01 1.494219533999999960e+00
4.786926311999999939e+01 1.912675599569447216e-01 1.489492486000000060e+00
4.776408036000000124e+01 2.175426351390185309e-01 1.483231783999999998e+00
4.762854347999999760e+01 1.986869989724831531e-01 1.472085550999999937e+00
4.752333420000000075e+01 1.880662924357176247e-01 1.465758538000000000e+00
4.746225790999999816e+01 2.337772946491570025e-01 1.466881013000000067e+00
4.755708221999999807e+01 4.173216408747029704e-01 1.606354916999999993e+00
4.740147695999999655e+01 6.445674408271795386e-02 1.517290183000000070e+00
4.749857219999999813e+01 2.147092302261231767e-01 1.496107727999999915e+00
4.766059277000000094e+01 2.622443731562708602e-01 1.499942048999999944e+00
4.782487505000000283e+01 2.382801200247627593e-01 1.507229195000000077e+00
4.794152772999999712e+01 1.932195960833317794e-01 1.513269594999999912e+00
4.798980231000000174e+01 2.013162902470768123e-01 1.517830731000000100e+00
4.799124481999999858e+01 2.189476692648309186e-01 1.513338346999999917e+00
4.801945139000000040e+01 2.128776542942487082e-01 1.496916122000000016e+00
4.801945332999999749e+01 2.126426369307161945e-01 1.495548722000000108e+00
4.798869693000000325e+01 2.186887394137307095e-01 1.504071042999999941e+00
4.798457891000000330e+01 2.013839710915513448e-01 1.506287716999999970e+00
4.793570298000000207e+01 1.938776141947972098e-01 1.501023307999999945e+00
4.781900894999999707e+01 2.381230505693572030e-01 1.495084504000000036e+00
4.765544888000000157e+01 2.605121524133301447e-01 1.488652550000000074e+00
4.749486058000000099e+01 2.121403838286953503e-01 1.485229539999999959e+00
4.739943583000000160e+01 6.230326931263328871e-02 1.501118814000000024e+00
4.767574412999999822e+01 1.994104542188558371e-01 1.579098456999999955e+00
4.741030299999999897e+01 6.233160330124835197e-02 1.549803679000000045e+00
4.750407649000000276e+01 2.423075396313447427e-01 1.512708428999999910e+00
4.768507604999999927e+01 2.817316170616686044e-01 1.509779616000000102e+00
4.785722518000000036e+01 2.424015603973787292e-01 1.513880687999999974e+00
4.797767693000000122e+01 1.870979253990321944e-01 1.519096787999999920e+00
4.802986312000000169e+01 1.787080073627992371e-01 1.522085836000000025e+00
4.801889187999999820e+01 2.139405323704103301e-01 1.520180633000000059e+00
4.798343758000000037e+01 2.164565783464226789e-01 1.501403958000000038e+00
4.798201397999999784e+01 2.160844755821811625e-01 1.495071843999999928e+00
4.801472050999999652e+01 2.128857035862043168e-01 1.511541666000000061e+00
4.802466957000000036e+01 1.788243898110891406e-01 1.511378310000000003e+00
4.797201339000000075e+01 1.876868997829541086e-01 1.507269296999999897e+00
4.785151688999999919e+01 2.424575550885393060e-01 1.501464724999999945e+00
4.767981672999999887e+01 2.807989056364976199e-01 1.496861639000000022e+00
4.749991564999999838e+01 2.401385239940377059e-01 1.498020558999999974e+00
4.740818499000000230e+01 6.654793276940804136e-02 1.526470667999999975e+00
4.815286074000000127e+01 4.806916365451879836e-01 1.347871475000000041e+00
4.809741530000000154e+01 4.989865239265431351e-01 1.356026514999999932e+00
4.794647261000000071e+01 5.183230977510133730e-01 1.380268067000000043e+00
4.774927850000000262e+01 4.791849047650056370e-01 1.415107560999999903e+00
4.756696227999999849e+01 3.898312710762650291e-01 1.447716693999999915e+00
4.743095301000000319e+01 2.908937897179992849e-01 1.471079569000000031e+00
4.757980484000000132e+01 4.293427528160398965e-01 1.587019635000000095e+00
4.771890015000000318e+01 1.856313439129842757e-01 1.552008438999999962e+00
4.776606378999999691e+01 8.966150504725325932e-02 1.550529105000000074e+00
4.776659144999999995e+01 8.912042433521683016e-02 1.557264900000000063e+00
4.772028282000000132e+01 1.856922120810859389e-01 1.571054662999999962e+00
4.758117460999999793e+01 4.295535882303591069e-01 1.609183524000000087e+00
4.742608486999999684e+01 2.896364631346521334e-01 1.455075276000000084e+00
4.756281492000000100e+01 3.893570786164814446e-01 1.437635428999999965e+00
4.774631302000000233e+01 4.797397187433395938e-01 1.410025325999999968e+00
4.794478970000000118e+01 5.190600697404700314e-01 1.378517833999999942e+00
4.809670418000000325e+01 4.993408083959697819e-01 1.355714129999999962e+00
4.809780949000000305e+01 4.985786621188703083e-01 1.354995144000000096e+00
4.804732174000000100e+01 5.066163492456317030e-01 1.362170633999999936e+00
4.791051045999999758e+01 5.037654065811004722e-01 1.384085199000000044e+00
4.773365540999999723e+01 4.437455374283250653e-01 1.417224782999999988e+00
4.757480478000000090e+01 3.340257948171879154e-01 1.451922665999999973e+00
4.745940964999999778e+01 2.326622564423658779e-01 1.476907167000000021e+00
4.736517485000000249e+01 1.936913439891700395e-01 1.482074711999999961e+00
4.735132850000000104e+01 1.311347681960808309e-01 1.517060808999999955e+00
4.740220432000000272e+01 1.535170776508096024e-01 1.536531850000000032e+00
4.740203874000000184e+01 1.557037581607962906e-01 1.536657565000000059e+00
4.734978085000000192e+01 1.360888588554610146e-01 1.510955143999999972e+00
4.736001886999999755e+01 1.926938062380128269e-01 1.460401891999999924e+00
4.745408333000000312e+01 2.320805593172679815e-01 1.460974556000000035e+00
4.757050731000000354e+01 3.339979497621641258e-01 1.442031298999999933e+00
4.773081166000000053e+01 4.442048309867966394e-01 1.412362279999999970e+00
4.790896679000000091e+01 5.042336531313176273e-01 1.382485828999999944e+00
4.804668434999999960e+01 5.067983853424306018e-01 1.361944006000000096e+00
4.794831058999999840e+01 5.173793358991297664e-01 1.376227786000000064e+00
4.791193307000000345e+01 5.031363403905813048e-01 1.380815708000000086e+00
4.781629501999999832e+01 4.459166605586800669e-01 1.396430663999999933e+00
4.769958908000000264e+01 3.346877054353567527e-01 1.423338092999999915e+00
4.760058386000000041e+01 2.239956601671703185e-01 1.454336885000000024e+00
4.752141059000000212e+01 1.890325654282128676e-01 1.473787983000000024e+00
4.745613053999999664e+01 1.986702794588522114e-01 1.479865274000000008e+00
4.745393310000000042e+01 2.606179605324041026e-01 1.491059107999999966e+00
4.748790642000000162e+01 2.683275251895307911e-01 1.499290535000000091e+00
4.748720906999999869e+01 2.687063557133563818e-01 1.497007105000000005e+00
4.745111466000000178e+01 2.623059553565892932e-01 1.479600081999999928e+00
4.745086595000000074e+01 1.979894819263645078e-01 1.458905923000000104e+00
4.751629977999999710e+01 1.890743757972545569e-01 1.458619000000000110e+00
4.759671569000000346e+01 2.240036495271799655e-01 1.445785773000000107e+00
4.769726665999999682e+01 3.347283498809365820e-01 1.419742438999999967e+00
4.781513338999999974e+01 4.459039317226453081e-01 1.395653435999999914e+00
4.791147430000000185e+01 5.030908589235957296e-01 1.381015131999999923e+00
4.775287952000000047e+01 4.788955593475180961e-01 1.406998222999999992e+00
4.773688209000000171e+01 4.433877557557834859e-01 1.409048102999999941e+00
4.770157806999999650e+01 3.342801013492945894e-01 1.417416411000000043e+00
4.767261669999999896e+01 1.829302699279128641e-01 1.434493205999999965e+00
4.765672562999999684e+01 1.272593132225568469e-01 1.457395031999999979e+00
4.762842100000000300e+01 2.032003743604769153e-01 1.474766210000000077e+00
4.759030883999999872e+01 2.205556773357575939e-01 1.481802802000000030e+00
4.764055934000000292e+01 3.203103658287441702e-01 1.489776857000000065e+00
4.768672457000000264e+01 3.127032688215249934e-01 1.493682004999999924e+00
4.768625320999999673e+01 3.133002880486989716e-01 1.493324652999999946e+00
4.763870212999999865e+01 3.231524342107158221e-01 1.486291344999999930e+00
4.758501636999999818e+01 2.204698729850742833e-01 1.462428990999999900e+00
4.762439475000000044e+01 2.068839715506094468e-01 1.464478809000000048e+00
4.765407417000000123e+01 1.286773685650932364e-01 1.452673969999999981e+00
4.767128646999999830e+01 1.823849342985225663e-01 1.433647880999999957e+00
4.770101555000000104e+01 3.338751328269831675e-01 1.418294063999999910e+00
4.773666234000000230e+01 4.432788757460088269e-01 1.410047049000000108e+00
4.757165553000000102e+01 3.904168953438856282e-01 1.435896773000000071e+00
4.757916610000000190e+01 3.345039732624867646e-01 1.438437705999999983e+00
4.760404477000000156e+01 2.237229206967319417e-01 1.441186309000000110e+00
4.765847633999999999e+01 1.249990349370707493e-01 1.448888525000000094e+00
4.772904197999999809e+01 1.339322607730613346e-01 1.463565702999999996e+00
4.776660043999999772e+01 2.205811323543147850e-01 1.477128769999999980e+00
4.775493191999999709e+01 3.279819158924180411e-01 1.484682905999999969e+00
4.783682790999999668e+01 2.896442422590407850e-01 1.492039032000000098e+00
4.788209444000000303e+01 2.651102094591438196e-01 1.496236802999999949e+00
4.788191353999999933e+01 2.655564280355275364e-01 1.497145291999999905e+00
4.783628433999999885e+01 2.912795733047478519e-01 1.494944193000000032e+00
4.775621191999999837e+01 3.281781574706036930e-01 1.499329613000000005e+00
4.776486474000000015e+01 2.239302188246511394e-01 1.475719637999999945e+00
4.772802234000000254e+01 1.345241733722567778e-01 1.463556875999999951e+00
4.765834609000000199e+01 1.241372361115402889e-01 1.451233186000000064e+00
4.760411520000000252e+01 2.234067709190370454e-01 1.443969593000000051e+00
4.757914755000000184e+01 3.344936241240352714e-01 1.440434253999999914e+00
4.743561406999999974e+01 2.906448917090311279e-01 1.456634662999999996e+00
4.746330848000000202e+01 2.340635713533507634e-01 1.459731493999999907e+00
4.752485894000000144e+01 1.889482150571654140e-01 1.456007936000000003e+00
4.763083910000000287e+01 2.011367939537000993e-01 1.458962780000000015e+00
4.776759686999999843e+01 2.188009276334094699e-01 1.471373234999999946e+00
4.787307401000000340e+01 1.904668662002257373e-01 1.480588588999999899e+00
4.792163026000000059e+01 2.099285659672858184e-01 1.482827525999999896e+00
4.798978617000000213e+01 2.002032021648679772e-01 1.495881119999999953e+00
4.802978490999999650e+01 1.778012151197598811e-01 1.501881460999999973e+00
4.802981212000000255e+01 1.779954768344063909e-01 1.502880632000000105e+00
4.799002218999999769e+01 2.005341086420471819e-01 1.499454845999999897e+00
4.792322901000000002e+01 2.104112446361674493e-01 1.492546911000000032e+00
4.787257572000000039e+01 1.910814399244934736e-01 1.481043617000000090e+00
4.776771301000000136e+01 2.171977812667685859e-01 1.472768402999999893e+00
4.763158600999999948e+01 2.010516201004516057e-01 1.462861409000000057e+00
4.752517948999999930e+01 1.891903745776919721e-01 1.459608118000000010e+00
4.746333829999999665e+01 2.339542042328449090e-01 1.463140015000000016e+00
4.757943408999999946e+01 4.254053612311480270e-01 1.614394059000000103e+00
4.736809893000000216e+01 1.938045099322531217e-01 1.467316499999999913e+00
4.745864826999999764e+01 1.979990493618792868e-01 1.464265203000000071e+00
4.759212197000000089e+01 2.192535020912861621e-01 1.465070394000000054e+00
4.775600132000000286e+01 3.275335162294485403e-01 1.508175926000000056e+00
4.792235609000000096e+01 2.100328790013763214e-01 1.504311168999999948e+00
4.799733140000000020e+01 1.732454068160503291e-01 1.506295125000000068e+00
4.807324290999999761e+01 1.327073725702523077e-01 1.501501347999999902e+00
4.811151816000000281e+01 1.033095247624757351e-01 1.506638265999999948e+00
4.811158790000000351e+01 1.032496146623740757e-01 1.506882792000000082e+00
4.807342108000000280e+01 1.326389146365092586e-01 1.502029341000000073e+00
4.799721278999999896e+01 1.742025158855255995e-01 1.491303846000000100e+00
4.791835666000000060e+01 2.108369226314683043e-01 1.493720130999999895e+00
4.775215084999999959e+01 3.285137666508143317e-01 1.494667112999999992e+00
4.759171094999999951e+01 2.196151631521496284e-01 1.466023159999999992e+00
4.745813832999999704e+01 1.978987444355580494e-01 1.465051128000000036e+00
4.736774556999999675e+01 1.935525533501631645e-01 1.467704606000000078e+00
4.771616287999999884e+01 1.779676200794318708e-01 1.594634010999999907e+00
4.735456331999999691e+01 1.316050588962515144e-01 1.526772325000000041e+00
4.745587648000000058e+01 2.593837879451426076e-01 1.493611009000000100e+00
4.764194774999999993e+01 3.199057581954733998e-01 1.500140030999999929e+00
4.783800546999999881e+01 2.895279294348456767e-01 1.510071458999999949e+00
4.799073173000000025e+01 1.999944174233302674e-01 1.516713621000000067e+00
4.807373542999999927e+01 1.329029932121585655e-01 1.521835019000000067e+00
4.810029815000000042e+01 1.191296062115613508e-01 1.518298010999999947e+00
4.812669694000000220e+01 1.187603481346770351e-01 1.507265268999999908e+00
4.812649333000000240e+01 1.189976533297517486e-01 1.506084930999999960e+00
4.809736072999999834e+01 1.195589187359032274e-01 1.510229196999999912e+00
4.806853057000000007e+01 1.334544882156782075e-01 1.511554755999999999e+00
4.798526422999999852e+01 2.003514671545225945e-01 1.505792456000000001e+00
4.783274341999999990e+01 2.887751463018781162e-01 1.499138037000000034e+00
4.763770260999999806e+01 3.172381032156872949e-01 1.490070753999999997e+00
4.745308391999999742e+01 2.564553434144302146e-01 1.483916159000000068e+00
4.735308134999999652e+01 1.316261205398677192e-01 1.506842323000000095e+00
4.776169510999999801e+01 8.426697894277002110e-02 1.593807608999999958e+00
4.740484029000000277e+01 1.512018543443727769e-01 1.557227053000000083e+00
4.749019186999999675e+01 2.674629461100885286e-01 1.513224356999999909e+00
4.768854741999999902e+01 3.121116138904424520e-01 1.509360872000000020e+00
4.788355328000000100e+01 2.645650964968074281e-01 1.514028276999999978e+00
4.803086422999999883e+01 1.773077008164097579e-01 1.521171559999999978e+00
4.811213607999999908e+01 1.032942301904919424e-01 1.527133284999999896e+00
4.812667573000000232e+01 1.197144638759959773e-01 1.528885094999999916e+00
4.810132784999999700e+01 1.411388658141883856e-01 1.512825689999999890e+00
4.809929197999999673e+01 1.404562495213725615e-01 1.506301573000000005e+00
4.812213424000000117e+01 1.190520375535394221e-01 1.521068201000000064e+00
4.810702131000000037e+01 1.038989322237239832e-01 1.517865124999999926e+00
4.802563253000000287e+01 1.774760856559391975e-01 1.510992810000000075e+00
4.787851736999999730e+01 2.640744001434084942e-01 1.503082723999999981e+00
4.768405887000000121e+01 3.108868219159434676e-01 1.497277988000000004e+00
4.748670711999999838e+01 2.653552240192304512e-01 1.497971549000000069e+00
4.740327728999999835e+01 1.550638696774060965e-01 1.530124111999999981e+00
4.786163257999999843e+01 3.688377739210789708e-01 1.364698717000000006e+00
4.781202546000000098e+01 3.881646198755873134e-01 1.372752167000000023e+00
4.768210426000000268e+01 4.046777353804085209e-01 1.394888606000000086e+00
4.752174369000000098e+01 3.712594992805688388e-01 1.422655835999999896e+00
4.737911402999999666e+01 2.926040426616020595e-01 1.449166369000000065e+00
4.755812224000000299e+01 4.219144116058994864e-01 1.585424275999999910e+00
4.772003721000000098e+01 1.859733402959851123e-01 1.551967306000000102e+00
4.776908118000000059e+01 6.327129314393091508e-02 1.552940017999999922e+00
4.779648547000000036e+01 3.386346576500831596e-02 1.567578890000000058e+00
4.779708442999999818e+01 3.233840036121454070e-02 1.575204435000000069e+00
4.777057005999999717e+01 6.231904252167158598e-02 1.570259886000000105e+00
4.772142301000000231e+01 1.862456866325673532e-01 1.571373695999999986e+00
4.755924044999999722e+01 4.215541865040560165e-01 1.606936163999999945e+00
4.737681005999999684e+01 2.851701819560059081e-01 1.447459948999999968e+00
4.751964719000000059e+01 3.704836800026149457e-01 1.418525892999999982e+00
4.768076745999999844e+01 4.046576469291754963e-01 1.392898140000000007e+00
4.781143176999999866e+01 3.882154600355890994e-01 1.372195735000000028e+00
4.781240126000000146e+01 3.876495741350408641e-01 1.371821139999999994e+00
4.776882058000000342e+01 3.924392480960583462e-01 1.379018464999999916e+00
4.765669079999999980e+01 3.782139099281002226e-01 1.399736751999999917e+00
4.752582808999999742e+01 3.081492931758325060e-01 1.430723683999999940e+00
4.743420918000000341e+01 1.870625075213585287e-01 1.473787704999999892e+00
4.739746346999999815e+01 6.033949031835611487e-02 1.511016426000000079e+00
4.735174715000000134e+01 1.341545854889152900e-01 1.519719511999999995e+00
4.728518289000000152e+01 3.753806667213624992e-01 1.544865684999999988e+00
4.735002312999999674e+01 2.387052703771379847e-01 1.534089272999999976e+00
4.735037109000000299e+01 2.400985281667075977e-01 1.539553493999999967e+00
4.728695125000000132e+01 3.752044887545160634e-01 1.570253550999999970e+00
4.734870538999999923e+01 1.389791341655107759e-01 1.512660523000000090e+00
4.739400975000000216e+01 5.841131008514743178e-02 1.503078930000000035e+00
4.743122286999999915e+01 1.861809949963140476e-01 1.467448893000000032e+00
4.752384845000000269e+01 3.076904544563699995e-01 1.426713386999999944e+00
4.765555338000000063e+01 3.779328009226159413e-01 1.397913635000000099e+00
4.776833151000000299e+01 3.922933639992652877e-01 1.378562368999999954e+00
4.768364418000000171e+01 4.038268432421552867e-01 1.392099299000000068e+00
4.765790317999999814e+01 3.774169909027057512e-01 1.397461462000000099e+00
4.759805466000000251e+01 2.943695477017912454e-01 1.413720537999999971e+00
4.754262695999999977e+01 1.921302675046223096e-01 1.440277408999999897e+00
4.751464374999999762e+01 1.756125662107168584e-01 1.469684932999999916e+00
4.749370929999999902e+01 2.147938936931753640e-01 1.487685517999999929e+00
4.745131070000000051e+01 2.581977152839612932e-01 1.492410221999999953e+00
4.740227483000000319e+01 2.641392638789046843e-01 1.489263138999999958e+00
4.743950346999999823e+01 2.952486330079221455e-01 1.493604535000000011e+00
4.743882048999999768e+01 2.955929532647525448e-01 1.491037407999999953e+00
4.739805534999999992e+01 2.639201615306623894e-01 1.463560736000000029e+00
4.744773199000000119e+01 2.601853246441137579e-01 1.478632213999999889e+00
4.749057727999999656e+01 2.161552840376926021e-01 1.478467780999999981e+00
4.751222840999999875e+01 1.757960349364008634e-01 1.463987997999999902e+00
4.754111011999999903e+01 1.914368906460146846e-01 1.437425457000000018e+00
4.759724961999999948e+01 2.937566890938725916e-01 1.412706674000000051e+00
4.765756067000000229e+01 3.771526018107634326e-01 1.397432315000000091e+00
4.752452765999999684e+01 3.708695648881265017e-01 1.418514580999999941e+00
4.752861157000000247e+01 3.066638251833460616e-01 1.425412966999999975e+00
4.754439033999999964e+01 1.907674025438785559e-01 1.436212001999999988e+00
4.758327640000000258e+01 1.382534730206035900e-01 1.452724117999999898e+00
4.763183074999999889e+01 1.972954486317990419e-01 1.471585708000000103e+00
4.765618630000000167e+01 2.633243830252152695e-01 1.484877827999999900e+00
4.763726962999999870e+01 3.199832576508022663e-01 1.491242029999999996e+00
4.759339596000000228e+01 2.970965294929699407e-01 1.491056198999999971e+00
4.764794894999999997e+01 3.349336863499177697e-01 1.491144467999999890e+00
4.764754724000000152e+01 3.356804801322649245e-01 1.491284527999999998e+00
4.758920477000000204e+01 2.993813120632398683e-01 1.469708841000000099e+00
4.763490632999999974e+01 3.231376762646129275e-01 1.485550104999999954e+00
4.765410999000000203e+01 2.653674819368375681e-01 1.480636920000000023e+00
4.763031303999999722e+01 1.981951495302939348e-01 1.469091581000000035e+00
4.758242797999999851e+01 1.378073150852234530e-01 1.452042091000000035e+00
4.754399063000000325e+01 1.900505755487097437e-01 1.436587618999999982e+00
4.752839256000000034e+01 3.064552234074827686e-01 1.426017722999999959e+00
4.738342060000000089e+01 2.849191390125887513e-01 1.446619998000000074e+00
4.743820696000000225e+01 1.865348812151662594e-01 1.464294852999999952e+00
4.751769079000000318e+01 1.735934085845159403e-01 1.460970164999999987e+00
4.763323926999999713e+01 1.955121046828618425e-01 1.466928215999999896e+00
4.774867478000000176e+01 2.135903452045496420e-01 1.477475518000000099e+00
4.782143248999999940e+01 2.393455698387311759e-01 1.486858722000000022e+00
4.783388954000000126e+01 2.907009717609065902e-01 1.493126715000000049e+00
4.780874943999999971e+01 3.187978675696971909e-01 1.493042879999999961e+00
4.785442893999999825e+01 2.933479026463151618e-01 1.496117986000000011e+00
4.785447931000000210e+01 2.937301951738693906e-01 1.498541515999999962e+00
4.781092473000000354e+01 3.190308582784634472e-01 1.510275999000000091e+00
4.783305528000000351e+01 2.925545708288120883e-01 1.494647437000000023e+00
4.782042066000000347e+01 2.407922379214223196e-01 1.486493703999999916e+00
4.774802940000000007e+01 2.139846090939653001e-01 1.477570583000000104e+00
4.763306476999999717e+01 1.952811276340533364e-01 1.468208363000000016e+00
4.751771662000000163e+01 1.734788106775091709e-01 1.462991181999999890e+00
4.743811095000000222e+01 1.865576109459203269e-01 1.466526371000000051e+00
4.755715277000000185e+01 4.174085741420531792e-01 1.615699511000000088e+00
4.740082103000000302e+01 6.409674075517012015e-02 1.500044753000000064e+00
4.749704575999999889e+01 2.133963619918711752e-01 1.475837996999999957e+00
4.765833317999999963e+01 2.614385110949650759e-01 1.476801669000000095e+00
4.782238841000000207e+01 2.382054749905404556e-01 1.483553383999999919e+00
4.793917191999999972e+01 1.931378773243218050e-01 1.490717344999999971e+00
4.798755541999999963e+01 2.009150719586067224e-01 1.496279364999999917e+00
4.798910046999999679e+01 2.185117780862250725e-01 1.497534590000000110e+00
4.801915935000000246e+01 2.128814609955647918e-01 1.504799137000000009e+00
4.801954932000000298e+01 2.127180347863252274e-01 1.507560680000000097e+00
4.799138754999999890e+01 2.187160494963802104e-01 1.509442348999999961e+00
4.798763892000000197e+01 2.014734643463431119e-01 1.499149499000000052e+00
4.793886561000000057e+01 1.936394094033057622e-01 1.491141677000000110e+00
4.782238592000000210e+01 2.378142582549714334e-01 1.484259184999999981e+00
4.765870870999999909e+01 2.610358077093565821e-01 1.478778806000000001e+00
4.749743703000000039e+01 2.135762867604215354e-01 1.478864063000000062e+00
4.740096128999999792e+01 6.401629177707673923e-02 1.504899597000000089e+00
4.771619719000000259e+01 1.778584178408913197e-01 1.598513473999999990e+00
4.735377960999999658e+01 1.317404791020609367e-01 1.512658301999999955e+00
4.745449027000000086e+01 2.579042717135452412e-01 1.478338463999999908e+00
4.763980261999999755e+01 3.188798838993113782e-01 1.480479075999999949e+00
4.783559065000000032e+01 2.895056879486915258e-01 1.488609996999999963e+00
4.798845192000000281e+01 2.000042771064311498e-01 1.496011865999999912e+00
4.807144368000000156e+01 1.327730620019665631e-01 1.501341255999999902e+00
4.809793602999999962e+01 1.189152550258581048e-01 1.502671493000000025e+00
4.812630656999999701e+01 1.193161484475389195e-01 1.512946369000000013e+00
4.812677728999999971e+01 1.185518466963800949e-01 1.514669561000000053e+00
4.810017056000000224e+01 1.190092401238430353e-01 1.509881011000000051e+00
4.807155909000000094e+01 1.331976779678702705e-01 1.501567630000000042e+00
4.798824357000000163e+01 2.001086632172416058e-01 1.494511557000000046e+00
4.783590411000000131e+01 2.885605956195219646e-01 1.488068026999999960e+00
4.764060815999999932e+01 3.182809263448503900e-01 1.482155560000000039e+00
4.745513881000000111e+01 2.583215930846312069e-01 1.481552745999999976e+00
4.735421363999999755e+01 1.314348338881463907e-01 1.516863673000000023e+00
4.776232653000000283e+01 5.873936209201251896e-02 1.609976357000000080e+00
4.728586482000000046e+01 3.652687682419623605e-01 1.580075249000000071e+00
4.740466757000000086e+01 2.631601329124296229e-01 1.473884753000000103e+00
4.759508146999999667e+01 2.950146019306322809e-01 1.475497505000000098e+00
4.781124591999999751e+01 3.180032417675484058e-01 1.510394704999999949e+00
4.799107775000000231e+01 2.177405441239290418e-01 1.512953612000000003e+00
4.809925212000000272e+01 1.184481356555999870e-01 1.518577373000000064e+00
4.813911422000000329e+01 8.885250941289099536e-02 1.524676890999999923e+00
4.817311574000000007e+01 4.431704617824735321e-02 1.516572108999999946e+00
4.817316930999999869e+01 4.420994870143669930e-02 1.516308814000000060e+00
4.813884923999999899e+01 8.938715047150348758e-02 1.508299520000000005e+00
4.809604763000000105e+01 1.189889758052623397e-01 1.510229942000000047e+00
4.798791975000000321e+01 2.177201586860021687e-01 1.504136723000000009e+00
4.780837396999999811e+01 3.177388189308151811e-01 1.500326819000000089e+00
4.759486283999999756e+01 2.954215482560065831e-01 1.475154671000000084e+00
4.740434201000000058e+01 2.631884185604431159e-01 1.474306298999999987e+00
4.728587190999999734e+01 3.675060452492540652e-01 1.555879631999999901e+00
4.778876857000000200e+01 3.087435739662669487e-02 1.622305799999999909e+00
4.735152447000000109e+01 2.316981477115802879e-01 1.559687242000000085e+00
4.744174951000000107e+01 2.949131052161248490e-01 1.503816430000000093e+00
4.764991200000000049e+01 3.346730205049623930e-01 1.501952318000000064e+00
4.785617720999999847e+01 2.929437757875266723e-01 1.508709775999999891e+00
4.802064801000000216e+01 2.122323890055897722e-01 1.518739856000000055e+00
4.812742071000000266e+01 1.184285350722702052e-01 1.528409193000000110e+00
4.817363759999999928e+01 4.421778295641009410e-02 1.534458131999999919e+00
4.816990209000000078e+01 7.027663121604237062e-02 1.523584685000000105e+00
4.816725395000000276e+01 7.104797543707808138e-02 1.515656557000000015e+00
4.816897570999999800e+01 4.457130521281093410e-02 1.527684161999999901e+00
4.812285752999999744e+01 1.179020560732844392e-01 1.521052515999999910e+00
4.801639220999999935e+01 2.113165760678751282e-01 1.510973807999999918e+00
4.785234298999999680e+01 2.918131702379065939e-01 1.500393483000000083e+00
4.764665497000000016e+01 3.332409136762850554e-01 1.492534290000000041e+00
4.743926508999999925e+01 2.931075424744583047e-01 1.490967796999999928e+00
4.735061583000000240e+01 2.349949523042368371e-01 1.530553352999999950e+00
4.768389003000000059e+01 1.430774975225438395e-01 1.375436965000000011e+00
4.763830822999999981e+01 1.914290471999662013e-01 1.383583301999999904e+00
4.752229378999999909e+01 2.396827828934624260e-01 1.403405137000000025e+00
4.738365960000000143e+01 2.135663817701528022e-01 1.430233727000000066e+00
4.752879006999999945e+01 3.462418444621812585e-01 1.570263237999999895e+00
4.767957352999999898e+01 2.040990475059970277e-01 1.550846656999999906e+00
4.776790908000000258e+01 8.821008212666014980e-02 1.550522095000000045e+00
4.779725717000000174e+01 3.354240876834057444e-02 1.567635150999999949e+00
4.779989145999999778e+01 1.362302949514396060e-03 1.590433624999999962e+00
4.780020815000000312e+01 2.385218744059442678e-03 1.594758332000000056e+00
4.779787211000000013e+01 3.197881221701685817e-02 1.575211740000000082e+00
4.776845577999999648e+01 8.774747522583381532e-02 1.557429026000000105e+00
4.768007125999999829e+01 2.034981542301974311e-01 1.561046093999999940e+00
4.752931697000000355e+01 3.452357953988248185e-01 1.585863819000000063e+00
4.738369965999999778e+01 1.986613396536774379e-01 1.440426959999999923e+00
4.752175557999999711e+01 2.391591851054060136e-01 1.402540120000000057e+00
4.763804814000000221e+01 1.912557813573928234e-01 1.383200997000000099e+00
4.763882884000000217e+01 1.900557826133961181e-01 1.382359901000000058e+00
4.760054499000000305e+01 2.038130252647973872e-01 1.389577652999999913e+00
4.750662391000000184e+01 2.010917735476507595e-01 1.410431229999999925e+00
4.741412177000000128e+01 1.354540343690625592e-01 1.450050217999999891e+00
4.738801515000000109e+01 4.632408410999353660e-02 1.508090482999999926e+00
4.740629893999999922e+01 7.054808426617807660e-02 1.535397627999999903e+00
4.740216351000000117e+01 1.616171475311407313e-01 1.538642939999999903e+00
4.734979509000000064e+01 2.457650084602538698e-01 1.535963721999999976e+00
4.726729483999999815e+01 2.439762748225451638e-01 1.524012574999999980e+00
4.726938979999999901e+01 2.373508599044822920e-01 1.547128056000000029e+00
4.734931965999999903e+01 2.480852271562675737e-01 1.541407383999999992e+00
4.740089351000000306e+01 1.643494830341346857e-01 1.538655920999999926e+00
4.740478368000000131e+01 7.243507481968357309e-02 1.534370814000000083e+00
4.738665342000000180e+01 4.538042166785608011e-02 1.507283519000000016e+00
4.741333010999999686e+01 1.352377508029593278e-01 1.448936301000000038e+00
4.750628128999999689e+01 2.005517808336517993e-01 1.409547306000000111e+00
4.760041301999999774e+01 2.033970920710408692e-01 1.389270052999999949e+00
4.752378578999999803e+01 2.384624836937127845e-01 1.401835968000000099e+00
4.750802832000000109e+01 1.988144710220262901e-01 1.408698068000000081e+00
4.747648652000000169e+01 1.090193893248797424e-01 1.425214157999999953e+00
4.746455225999999783e+01 1.172515923373648045e-01 1.452786174000000097e+00
4.748189631999999705e+01 2.031073791163709175e-01 1.480952143999999970e+00
4.749859708000000325e+01 2.427499377348742993e-01 1.496938993000000107e+00
4.748482663000000059e+01 2.670227064010716744e-01 1.500533883999999984e+00
4.743647015999999894e+01 2.943834176169886629e-01 1.495420187999999984e+00
4.738935295000000281e+01 3.030149011996045028e-01 1.492492718000000052e+00
4.738737155999999828e+01 3.091629986393626961e-01 1.483151770999999952e+00
4.743516764999999680e+01 2.951898242340072476e-01 1.492133498000000058e+00
4.748336922000000015e+01 2.679770758140375686e-01 1.497461452000000026e+00
4.749724565999999726e+01 2.435526929018947961e-01 1.494285349999999957e+00
4.748090900999999775e+01 2.034043667093332064e-01 1.479057507999999910e+00
4.746405324999999920e+01 1.168069508770702425e-01 1.451686561999999903e+00
4.747633981999999975e+01 1.080938975757473469e-01 1.424692424999999929e+00
4.750799391000000327e+01 1.983614596606229630e-01 1.408609243999999983e+00
4.738687848000000002e+01 1.986044596246805682e-01 1.436441741999999966e+00
4.741757951000000304e+01 1.321072860389129466e-01 1.446040827000000029e+00
4.746648833999999795e+01 1.147270982030316189e-01 1.450047949000000003e+00
4.754604390000000080e+01 1.877870009405800955e-01 1.464248176999999984e+00
4.762872004999999831e+01 2.481065965540803220e-01 1.480099161000000052e+00
4.768032534000000311e+01 2.830362517257705157e-01 1.490674931999999897e+00
4.768349875999999909e+01 3.130265954241425730e-01 1.494588714999999901e+00
4.764480028999999917e+01 3.352314146358606473e-01 1.492592093999999925e+00
4.760379260999999929e+01 3.287682221591338161e-01 1.491201157999999971e+00
4.760421354000000349e+01 3.331902721569225956e-01 1.495806895000000081e+00
4.764407087000000018e+01 3.362869342780424597e-01 1.492251852000000101e+00
4.768255556999999811e+01 3.139956656640393029e-01 1.493575249999999910e+00
4.767944951999999859e+01 2.837856666351396551e-01 1.489593202000000005e+00
4.762811185999999708e+01 2.483759378168472476e-01 1.479341744999999930e+00
4.754578192999999686e+01 1.875663741939836149e-01 1.463965372999999959e+00
4.746647741000000309e+01 1.142358158906574828e-01 1.450108272999999892e+00
4.741761271000000022e+01 1.316657589546159357e-01 1.446264881999999918e+00
4.752710326999999779e+01 3.410105269332837086e-01 1.601852132999999956e+00
4.739219788999999849e+01 4.711117285137431110e-02 1.503011467999999962e+00
4.748504997999999944e+01 2.007233159951655188e-01 1.476116436000000087e+00
4.763013912000000261e+01 2.466253117490214142e-01 1.477675003999999959e+00
4.776565178999999972e+01 2.462338677083805438e-01 1.485107050999999956e+00
4.785353192000000178e+01 2.434835183683279336e-01 1.492369191999999956e+00
4.787926642000000044e+01 2.658192494255217642e-01 1.496796618000000079e+00
4.785160344999999893e+01 2.939155971836485692e-01 1.496995432999999931e+00
4.781192715000000248e+01 2.900369575016715773e-01 1.488608192000000052e+00
4.781487015999999812e+01 2.892405423433145328e-01 1.503931031000000029e+00
4.785155603999999840e+01 2.945310635254569376e-01 1.499188471999999939e+00
4.787882951000000276e+01 2.665994653670378245e-01 1.497248662999999924e+00
4.785307865000000049e+01 2.440600228212601308e-01 1.492328722999999968e+00
4.776536011999999687e+01 2.463668951653386063e-01 1.485134659999999940e+00
4.763006306999999850e+01 2.464893428862601488e-01 1.478029290999999912e+00
4.748512077000000176e+01 2.006274323229315371e-01 1.476788561000000000e+00
4.739230461999999733e+01 4.688920601399133165e-02 1.504296185999999924e+00
4.767577169999999853e+01 1.992615449278939688e-01 1.591105127999999924e+00
4.740933228000000099e+01 6.397296479510405920e-02 1.533793297000000111e+00
4.750213570999999746e+01 2.411892383611339286e-01 1.491383947999999959e+00
4.768259566999999777e+01 2.812552928432360266e-01 1.486462570999999899e+00
4.785456612000000121e+01 2.423870025252266303e-01 1.490046822000000049e+00
4.797508017999999907e+01 1.871831550373824204e-01 1.496289661000000049e+00
4.802746136999999749e+01 1.784476833708013854e-01 1.502043687000000016e+00
4.801673565000000110e+01 2.133564649443220052e-01 1.505035670000000048e+00
4.798096917000000161e+01 2.162837553505478350e-01 1.500391239000000043e+00
4.798442527000000268e+01 2.161254432853873531e-01 1.513051979999999963e+00
4.801723042999999791e+01 2.134057674194758947e-01 1.507695575999999926e+00
4.802742849999999919e+01 1.790006399276732052e-01 1.502758231999999916e+00
4.797496577999999801e+01 1.875054978228937463e-01 1.496433700000000089e+00
4.785453468000000044e+01 2.423586772776104292e-01 1.490225190999999949e+00
4.768268224999999916e+01 2.811359570328215707e-01 1.486980745000000104e+00
4.750228074000000333e+01 2.411736695874288350e-01 1.492334172000000070e+00
4.740948245999999955e+01 6.408729414703277782e-02 1.535450028000000078e+00
4.776168389000000047e+01 8.420332469500767247e-02 1.599683710000000092e+00
4.740404998999999719e+01 1.529431740308554444e-01 1.541877562000000035e+00
4.748849304000000160e+01 2.664226612820976836e-01 1.494909524000000101e+00
4.768635017999999803e+01 3.115333212273415642e-01 1.488725164000000101e+00
4.788111989000000079e+01 2.643584954223164862e-01 1.491779508999999893e+00
4.802837241999999662e+01 1.773299206580619958e-01 1.498769610999999946e+00
4.810966816999999907e+01 1.033455025010134726e-01 1.506499283999999994e+00
4.812421061999999949e+01 1.196043698012663054e-01 1.512666974000000053e+00
4.809844821000000081e+01 1.410293104232455685e-01 1.513618160000000046e+00
4.810205987999999877e+01 1.403745765273844148e-01 1.522254471000000109e+00
4.812497418000000238e+01 1.190929661935340445e-01 1.514361199000000102e+00
4.810985725999999829e+01 1.037208894834514700e-01 1.506608777999999926e+00
4.802847028000000051e+01 1.773833894659203325e-01 1.498471737000000026e+00
4.788127595000000269e+01 2.642099369754328797e-01 1.491623082999999905e+00
4.768657875000000246e+01 3.113772101319922658e-01 1.489001371999999934e+00
4.748872722000000124e+01 2.663686671428812103e-01 1.495694121000000099e+00
4.740423350999999741e+01 1.527588686555498010e-01 1.542367406000000107e+00
4.778875227000000336e+01 3.083018452820685332e-02 1.624323122999999924e+00
4.735097885999999789e+01 2.334176836812516531e-01 1.545883182999999939e+00
4.744044430000000290e+01 2.941000565427249747e-01 1.489188760000000000e+00
4.764823402999999757e+01 3.340714294912983662e-01 1.484518871999999989e+00
4.785428075000000092e+01 2.924925534273311589e-01 1.488489190999999989e+00
4.801863425999999890e+01 2.117748874204590515e-01 1.497012078000000024e+00
4.812528884000000318e+01 1.178858035776717411e-01 1.507004028000000107e+00
4.817124735000000157e+01 4.419241522325047938e-02 1.515968662999999994e+00
4.816683236000000079e+01 7.161658454844542498e-02 1.521747312000000019e+00
4.817016432999999864e+01 6.908746992477321491e-02 1.526865083999999984e+00
4.817179107999999843e+01 4.448274549961041963e-02 1.515778155000000016e+00
4.812536811999999742e+01 1.184423712203411527e-01 1.505873068000000092e+00
4.801872735999999975e+01 2.118139813566916885e-01 1.495824282999999921e+00
4.785450680000000290e+01 2.922869008601173269e-01 1.487687023999999969e+00
4.764856670999999722e+01 3.338411288937933596e-01 1.484331658999999970e+00
4.744077581999999893e+01 2.939726895271055906e-01 1.489500014000000094e+00
4.735120235000000122e+01 2.329824329482741430e-01 1.542567502000000035e+00
4.778955524999999938e+01 4.423179711428241144e-03 1.650909686999999959e+00
4.726854355999999768e+01 2.198873452081352986e-01 1.553008729999999948e+00
4.739135524999999660e+01 3.003066382594462014e-01 1.479708760000000067e+00
4.760492288999999744e+01 3.292466976184816319e-01 1.486778142999999996e+00
4.781468679999999694e+01 2.881978624539715539e-01 1.493941715000000059e+00
4.798373584000000136e+01 2.152783909561601650e-01 1.503154834999999911e+00
4.810090965999999923e+01 1.399294825721474622e-01 1.514791302999999978e+00
4.816877145000000127e+01 6.940421340175638443e-02 1.526238154999999930e+00
4.819221730000000292e+01 2.469273449310978655e-02 1.535061345999999993e+00
4.819184262999999646e+01 2.528442336335024604e-02 1.518870104999999970e+00
4.816645179999999726e+01 6.879309329633415127e-02 1.516745483000000005e+00
4.809908278000000337e+01 1.388474074529063573e-01 1.507852857000000046e+00
4.798228031000000016e+01 2.146195007388804199e-01 1.496770267000000043e+00
4.781352627999999783e+01 2.879257027992384033e-01 1.486592380000000047e+00
4.760477288999999956e+01 3.254040722748368086e-01 1.477280801999999893e+00
4.739124858999999645e+01 3.003259205790350106e-01 1.478687762000000072e+00
4.726858719999999892e+01 2.213330302329126753e-01 1.530772143999999946e+00
