4.947649310999999983e+01 0.000000000000000000e+00 1.292020525000000086e+00
4.940187723999999747e+01 2.223351555141417357e-01 1.299843442000000016e+00
4.917813746000000208e+01 4.442593638327232974e-01 1.323875901000000077e+00
4.880609414999999984e+01 6.635248595359223289e-01 1.364397328999999992e+00
4.829032469999999932e+01 8.693294070497131765e-01 1.420994867000000106e+00
4.765001909000000069e+01 1.025027978272210705e+00 1.491224348000000033e+00
4.694501093000000225e+01 1.040631855876723133e+00 1.573658425999999944e+00
4.644410599999999789e+01 4.046436224037023854e-01 1.828086365999999963e+00
4.702443077000000216e+01 8.537587665483123978e-01 1.690116724999999986e+00
4.940860311000000138e+01 2.199918372001130884e-01 1.281132769999999921e+00
4.934718189000000166e+01 2.691301110612062120e-01 1.293317126000000039e+00
4.913352091000000144e+01 4.521049851458632807e-01 1.325542116999999909e+00
4.876956163999999916e+01 6.609709001339777457e-01 1.367023308000000048e+00
4.826062969000000180e+01 8.655488761353695715e-01 1.423137134000000081e+00
4.762457004000000182e+01 1.023505704674143146e+00 1.492139622999999915e+00
4.692230638000000198e+01 1.037338527493868456e+00 1.573743829000000094e+00
4.650157742999999755e+01 6.443022039456784977e-01 1.816186115000000045e+00
4.706149646000000075e+01 7.970130445760599258e-01 1.681438892000000074e+00
4.918530127999999735e+01 4.443282665002283860e-01 1.305945927000000006e+00
4.914002101999999894e+01 4.508317031164403299e-01 1.308821489000000060e+00
4.899106061999999895e+01 4.646119502002290513e-01 1.326648569000000055e+00
4.866149938000000219e+01 6.574424698837231240e-01 1.374854699999999985e+00
4.816805054999999669e+01 8.646539615610001617e-01 1.429825946000000014e+00
4.754165367000000231e+01 1.022249039248118718e+00 1.495985109000000035e+00
4.685340862000000328e+01 1.002493053795529887e+00 1.579858927000000079e+00
4.670164644999999837e+01 7.855223515189052597e-01 1.759238102999999942e+00
4.717227281000000261e+01 6.582796371972062799e-01 1.657915038000000063e+00
4.881307833999999701e+01 6.640557996150379116e-01 1.346370975999999997e+00
4.877646037000000234e+01 6.612537408836319797e-01 1.348976361999999929e+00
4.866857917000000100e+01 6.565574186316635030e-01 1.356516824000000065e+00
4.846961804000000029e+01 7.544536060645796738e-01 1.386017899999999914e+00
4.798783614999999969e+01 9.074580892665872200e-01 1.442153089999999915e+00
4.738112679999999699e+01 1.006722493052135015e+00 1.507557682000000066e+00
4.677699477000000172e+01 5.891285855697471208e-01 1.645060092999999890e+00
4.699542080999999882e+01 7.223592641198246511e-01 1.699524940000000095e+00
4.733922130999999922e+01 4.847315485157524528e-01 1.623424323000000058e+00
4.829686039999999991e+01 8.702650544280978728e-01 1.401191378000000043e+00
4.826710433000000222e+01 8.665557973901126809e-01 1.403388848000000078e+00
4.817468897999999911e+01 8.660527165891515056e-01 1.410402044000000021e+00
4.799333239999999989e+01 9.104891398888416143e-01 1.426930735000000006e+00
4.763035788999999909e+01 9.657500158524944256e-01 1.471124963999999924e+00
4.713383731999999782e+01 8.334793560240628674e-01 1.544355820999999906e+00
4.699771733000000040e+01 6.737651829915208834e-01 1.702584343999999916e+00
4.729796140999999920e+01 5.774616000334326094e-01 1.648151538000000027e+00
4.726409333000000146e+01 1.879820345139643079e-01 1.450387016000000084e+00
4.765587728999999939e+01 1.026218544895593832e+00 1.467006682000000062e+00
4.763027266000000282e+01 1.024860551220473814e+00 1.468430783000000073e+00
4.754717998000000279e+01 1.024161648271342706e+00 1.474148900000000095e+00
4.738568460999999843e+01 1.009207731511663209e+00 1.490729535999999911e+00
4.713595809000000258e+01 8.348308086399971462e-01 1.536579831000000063e+00
4.703071230999999841e+01 5.051662650734001225e-01 1.687777904999999912e+00
4.732421078000000136e+01 6.084015756872184211e-01 1.650535013000000051e+00
4.728089954000000006e+01 2.336277489411485164e-01 1.459477453000000091e+00
4.717858555000000109e+01 1.236446037378197971e-01 1.464215008000000040e+00
4.695025849999999679e+01 1.041075275878770245e+00 1.541867593000000092e+00
4.692732889999999912e+01 1.037778755368339967e+00 1.543049255999999980e+00
4.685803629000000115e+01 1.002869277174932128e+00 1.552547090000000019e+00
4.678072717999999952e+01 5.889986057387190943e-01 1.622460381000000007e+00
4.699944196999999946e+01 6.731565203950921061e-01 1.689510107000000039e+00
4.732508787999999811e+01 6.094925201918202085e-01 1.644102262000000092e+00
4.733093726999999973e+01 1.983235756654674053e-01 1.467721257000000001e+00
4.723133262000000343e+01 1.621727689030820208e-01 1.469966985999999975e+00
4.714384423999999996e+01 8.292519295407875524e-02 1.472696304999999928e+00
4.645445958999999903e+01 4.131885606688320833e-01 1.761629056999999943e+00
4.651118134000000026e+01 6.436572298934035707e-01 1.756279013999999972e+00
4.670854196999999886e+01 7.842504488318408074e-01 1.715837218000000108e+00
4.699991190000000074e+01 7.222881423025034886e-01 1.669079736000000036e+00
4.730109668000000056e+01 5.792973012768967145e-01 1.626730833000000098e+00
4.727556856999999724e+01 2.341538452144050486e-01 1.469402689999999900e+00
4.722818871999999857e+01 1.643802344568541240e-01 1.476437946999999973e+00
4.720095742000000172e+01 8.560648004947057910e-02 1.477912670999999900e+00
4.714819147000000044e+01 8.051765432430971203e-02 1.477723233000000080e+00
4.703461070000000177e+01 8.562517207858659773e-01 1.625773144999999920e+00
4.707122386999999719e+01 7.995136011728625203e-01 1.620072165000000064e+00
4.718052780000000013e+01 6.605445656812345412e-01 1.604915027999999966e+00
4.734559919000000150e+01 4.819193940962840927e-01 1.581021350999999964e+00
4.725729776000000015e+01 1.876241659832275921e-01 1.462930062999999947e+00
4.717260517999999792e+01 1.229697157403002034e-01 1.475093012000000092e+00
4.713910926999999873e+01 8.403671864804571068e-02 1.482991527000000032e+00
4.714525701000000169e+01 8.561169111328323367e-02 1.486500654999999949e+00
4.715250526999999892e+01 2.289104041119897556e-02 1.483094850000000076e+00
4.940848488999999688e+01 2.199769695901458433e-01 1.310099334000000004e+00
4.934732617000000232e+01 2.686796500618682249e-01 1.313599436999999925e+00
4.913377904000000029e+01 4.519090075812035034e-01 1.328116918999999951e+00
4.876982044999999744e+01 6.609793941455323063e-01 1.366144591999999935e+00
4.826079822999999891e+01 8.657266348514095489e-01 1.421620070999999985e+00
4.762458234999999718e+01 1.023763238952829058e+00 1.490569481999999946e+00
4.692215524000000215e+01 1.037604738224279455e+00 1.571689534999999971e+00
4.650129514999999714e+01 6.455474051079527209e-01 1.805611072999999900e+00
4.706152474000000296e+01 7.971412305465102044e-01 1.673734225000000020e+00
4.706164918999999713e+01 7.967822939318274234e-01 1.684441539000000043e+00
4.650183330000000126e+01 6.449731630277085737e-01 1.823838182999999891e+00
4.692191866999999661e+01 1.037087225165237880e+00 1.573264385999999959e+00
4.762401773999999932e+01 1.023355217399358752e+00 1.490944862000000093e+00
4.825998186999999717e+01 8.655675247617652390e-01 1.421675754000000014e+00
4.876892089999999769e+01 6.612046097187782578e-01 1.366155832000000014e+00
4.913297668999999956e+01 4.525450435052623677e-01 1.328163572000000014e+00
4.934676758999999890e+01 2.698183179961751166e-01 1.313545892999999909e+00
4.935509369999999763e+01 2.697689818443158583e-01 1.298166927000000026e+00
4.930040793999999948e+01 3.000425516102124268e-01 1.306738095999999905e+00
4.908920207999999974e+01 4.615199430812317871e-01 1.329716630999999927e+00
4.873366781000000003e+01 6.563937827857405649e-01 1.368819344999999910e+00
4.823298604000000012e+01 8.585535990312542776e-01 1.423774917999999889e+00
4.760248994999999894e+01 1.018693765054216271e+00 1.491449741999999912e+00
4.690437228999999775e+01 1.029462481612942515e+00 1.571743517999999895e+00
4.654747171999999722e+01 6.740842233441117770e-01 1.787713859999999988e+00
4.704744166999999777e+01 6.458020663630230640e-01 1.672078812000000081e+00
4.704772538000000281e+01 6.452229862311125164e-01 1.681779834000000085e+00
4.654801556000000318e+01 6.743291408662034359e-01 1.805616110999999968e+00
4.690360048000000148e+01 1.028827509285682007e+00 1.573445959000000061e+00
4.760134489000000002e+01 1.018351067682579325e+00 1.491797856999999894e+00
4.823163811999999950e+01 8.586138889209061764e-01 1.423802156999999902e+00
4.873236512999999803e+01 6.569583658256097358e-01 1.368830446999999895e+00
4.908818835999999663e+01 4.624752305966614574e-01 1.329839294999999977e+00
4.929985339000000266e+01 3.009975663759042463e-01 1.307484239000000104e+00
4.914099207000000291e+01 4.532808975715721944e-01 1.309458967999999945e+00
4.909584164000000328e+01 4.618698363484474712e-01 1.311880933999999943e+00
4.894775638000000129e+01 4.784656087421799153e-01 1.329339056000000019e+00
4.862689470000000114e+01 6.459311934099186692e-01 1.376690804000000101e+00
4.814675297000000143e+01 8.464090880569689057e-01 1.430467549000000060e+00
4.753086927999999745e+01 1.005138540214584930e+00 1.495148522999999896e+00
4.685386705999999890e+01 9.712220183339650426e-01 1.577474674000000077e+00
4.669498647999999719e+01 6.203599055873475487e-01 1.737114899000000046e+00
4.704123874999999799e+01 4.708770545026630394e-01 1.660776908000000107e+00
4.704152402999999794e+01 4.703912548828736440e-01 1.668502791000000096e+00
4.669545949999999834e+01 6.204493299076553336e-01 1.753708244000000027e+00
4.685255114000000276e+01 9.701866428851112500e-01 1.580512992999999922e+00
4.752906269999999722e+01 1.004811338210574778e+00 1.495495186999999948e+00
4.814475932999999941e+01 8.467298817755193330e-01 1.430380103999999930e+00
4.862513280999999665e+01 6.470785999214033746e-01 1.376654990000000023e+00
4.894707853999999969e+01 4.791669873016572434e-01 1.329867775999999946e+00
4.909583336000000031e+01 4.618953299900389053e-01 1.312101136999999973e+00
4.877624801999999704e+01 6.621062080830307783e-01 1.348586899999999922e+00
4.874003588000000065e+01 6.572096209070974471e-01 1.351092348000000110e+00
4.863341607000000266e+01 6.454621885964101358e-01 1.358468326999999976e+00
4.844454360999999665e+01 7.188773922780730130e-01 1.388802614000000046e+00
4.798132401000000158e+01 8.682149362868655240e-01 1.442520145000000031e+00
4.739353224999999981e+01 9.658912828938307493e-01 1.505642012999999890e+00
4.681224425999999994e+01 6.178698082405064129e-01 1.615593669999999982e+00
4.689326370999999938e+01 4.982227931073126559e-01 1.677034593999999990e+00
4.706451863000000202e+01 5.198045163986815265e-01 1.626877823000000056e+00
4.706480776000000077e+01 5.199633196867031737e-01 1.632348801000000016e+00
4.689381460999999973e+01 4.984542995017156586e-01 1.691188987000000088e+00
4.681094067000000081e+01 6.129993981939995118e-01 1.627804130999999987e+00
4.739114805999999902e+01 9.654257309335597670e-01 1.506905962999999904e+00
4.797876185999999876e+01 8.684478060824438739e-01 1.442693578999999948e+00
4.844279111000000171e+01 7.183860031729163431e-01 1.389705943000000055e+00
4.863338287999999920e+01 6.454391068988556412e-01 1.358883856999999917e+00
4.873999487999999758e+01 6.572912772550904004e-01 1.351282931999999937e+00
4.826663191000000097e+01 8.668623569727870182e-01 1.402624716999999910e+00
4.823882017999999761e+01 8.596785229757264446e-01 1.404597459999999964e+00
4.815281390999999900e+01 8.477869790547283291e-01 1.411058592999999917e+00
4.798655166000000349e+01 8.710621456883592684e-01 1.426166323999999985e+00
4.765022525999999914e+01 9.086287928162987138e-01 1.468351055000000072e+00
4.718239635999999848e+01 7.896131054972025387e-01 1.532932975999999892e+00
4.691971740999999696e+01 2.896104069378646617e-01 1.646804664000000029e+00
4.703924193999999659e+01 4.864578420332351660e-01 1.612202587000000076e+00
4.706852614999999673e+01 5.142467602920220981e-01 1.565881574000000054e+00
4.706884150999999861e+01 5.148006355321328442e-01 1.568072477000000076e+00
4.704004496000000302e+01 4.874258877579175642e-01 1.620181528999999898e+00
4.692017118999999781e+01 2.933649195799027942e-01 1.665501762000000108e+00
4.718010555000000039e+01 7.885685602824819007e-01 1.538870860000000063e+00
4.764846598999999827e+01 9.086962359913798304e-01 1.470832874999999929e+00
4.798627456999999907e+01 8.714457638514448989e-01 1.427689726999999964e+00
4.815273032999999714e+01 8.479004162915639853e-01 1.411722748999999943e+00
4.823873281000000190e+01 8.597682080605393296e-01 1.404857556999999924e+00
4.762977255999999926e+01 1.024944666034611096e+00 1.467529897999999999e+00
4.760762085999999726e+01 1.019943199991926619e+00 1.468507808000000026e+00
4.753592069999999836e+01 1.006812632572930744e+00 1.473307265000000088e+00
4.739782519999999977e+01 9.679088496095351601e-01 1.487695063000000095e+00
4.718457774000000171e+01 7.901663337709620150e-01 1.523911134000000001e+00
4.699721190000000348e+01 2.028049295115328110e-01 1.589199212000000028e+00
4.706660347999999772e+01 4.504491580514084492e-01 1.602622616999999972e+00
4.709885721999999930e+01 4.609221464277750147e-01 1.555505181000000015e+00
4.706301504999999707e+01 3.351637332585227225e-01 1.523079290000000086e+00
4.706328923000000231e+01 3.358862067653655692e-01 1.521449564999999948e+00
4.709974082000000095e+01 4.624435886133239637e-01 1.551512540000000051e+00
4.706788325000000128e+01 4.516340999073810702e-01 1.604969939000000068e+00
4.699694711000000069e+01 1.952120166693002146e-01 1.607038366000000051e+00
4.718375186000000099e+01 7.895870754836219474e-01 1.531606605999999982e+00
4.739759972000000232e+01 9.679790413901239177e-01 1.491084644999999931e+00
4.753577270000000254e+01 1.006902589899946410e+00 1.474800369000000000e+00
4.760749399000000182e+01 1.020014000031206125e+00 1.469095400000000051e+00
4.692685282000000058e+01 1.037876418565440551e+00 1.542123866000000065e+00
4.690900551000000007e+01 1.029481292603607878e+00 1.542304982999999963e+00
4.685832666999999674e+01 9.705252314191501473e-01 1.550256080999999897e+00
4.681648581000000320e+01 6.146537490232647505e-01 1.594276430999999938e+00
4.692265350000000268e+01 2.862357548326960321e-01 1.636946025000000082e+00
4.706757278999999983e+01 4.471772036393514838e-01 1.598555603999999963e+00
4.716510008000000198e+01 5.088378190215863128e-01 1.586217299999999941e+00
4.716863060000000019e+01 3.203835001793686188e-01 1.538117251999999935e+00
4.710125015999999931e+01 1.534524237597167662e-01 1.504434344999999951e+00
4.710136246999999798e+01 1.540525816613463050e-01 1.498816852000000033e+00
4.716894347000000209e+01 3.209598363999797144e-01 1.521622457000000095e+00
4.716662852999999700e+01 5.094897108864510082e-01 1.570955713000000031e+00
4.706902410000000003e+01 4.470690925111163172e-01 1.597212285999999981e+00
4.692321462999999682e+01 2.880941327150396414e-01 1.649544338999999971e+00
4.681628655000000094e+01 6.145531652077541596e-01 1.607660577999999951e+00
4.685809302999999915e+01 9.708488878993304372e-01 1.555408012000000006e+00
4.690883649999999960e+01 1.029621444036948663e+00 1.544198254000000103e+00
4.651100291000000198e+01 6.452090542739946644e-01 1.756580808000000049e+00
4.655686273999999969e+01 6.725305909424476036e-01 1.739825868000000053e+00
4.670246983999999912e+01 6.197537281228929773e-01 1.700820176999999989e+00
4.689871194999999915e+01 4.969652999980607166e-01 1.653928099000000040e+00
4.704243821000000025e+01 4.819469922397062178e-01 1.599265957000000071e+00
4.709955467999999712e+01 4.511691248866205317e-01 1.548989680999999896e+00
4.716863295000000278e+01 3.114022177933082891e-01 1.531286345999999909e+00
4.725554092000000139e+01 1.708447612220195810e-01 1.477059898999999898e+00
4.717325210999999996e+01 1.622576018451039603e-01 1.496244710999999894e+00
4.717309424999999834e+01 1.609722605371533832e-01 1.488370822000000038e+00
4.725505289000000175e+01 1.686103339301837090e-01 1.477158573000000086e+00
4.717042146000000002e+01 3.082639777903714573e-01 1.520448339999999954e+00
4.710107640999999745e+01 4.488279321313959902e-01 1.540969728999999955e+00
4.704331479999999743e+01 4.816999085511164957e-01 1.597008498000000110e+00
4.689880390999999804e+01 4.976258360341767606e-01 1.657348865999999976e+00
4.670215532999999652e+01 6.202868204572843380e-01 1.709130682999999928e+00
4.655655174999999701e+01 6.731155669415784804e-01 1.747820040999999991e+00
4.707113906000000014e+01 7.994901494602432157e-01 1.620875048000000040e+00
4.705710353999999995e+01 6.482335312338892708e-01 1.621230222000000110e+00
4.704997377000000114e+01 4.721093507707853076e-01 1.618410400999999998e+00
4.707114294000000143e+01 5.176423558917750967e-01 1.597985038000000024e+00
4.707136535000000066e+01 5.043821299584734241e-01 1.552003749999999904e+00
4.706348248999999839e+01 3.215389097211586167e-01 1.519804549000000060e+00
4.710156736999999794e+01 1.452776616448629432e-01 1.504457436000000037e+00
4.717422659000000351e+01 1.672969151223349105e-01 1.494069241000000048e+00
4.721797203999999937e+01 1.881122450069991348e-01 1.482615221999999955e+00
4.721789221000000225e+01 1.877197918661964171e-01 1.482204344999999979e+00
4.717541715000000124e+01 1.676564262344052703e-01 1.487965235999999969e+00
4.710305168000000009e+01 1.432437842611422874e-01 1.495067796999999921e+00
4.706460555999999684e+01 3.180776399241491692e-01 1.511498414999999929e+00
4.707213186999999976e+01 5.027520898294144391e-01 1.544846509999999951e+00
4.707147081000000099e+01 5.173264693827901439e-01 1.592310005999999944e+00
4.704987401000000347e+01 4.721953135052310846e-01 1.616851626000000097e+00
4.705691441999999824e+01 6.481405243080615719e-01 1.622021484000000013e+00
4.918517933999999769e+01 4.443407676207805634e-01 1.331847302999999982e+00
4.914030492999999922e+01 4.505104211152554106e-01 1.335848179999999941e+00
4.899179214000000115e+01 4.639055191135969536e-01 1.348441366000000086e+00
4.866193318999999917e+01 6.578323681909716836e-01 1.370487958000000006e+00
4.816818621000000178e+01 8.651944917981364558e-01 1.422792564999999954e+00
4.754146779999999950e+01 1.022797876150886687e+00 1.489716674000000074e+00
4.685292488000000333e+01 1.003146228830893438e+00 1.572723810999999916e+00
4.670134084000000030e+01 7.864600244066972667e-01 1.741097201999999955e+00
4.717231962999999695e+01 6.585150572299990346e-01 1.640998787000000014e+00
4.717256765999999857e+01 6.578427937073231258e-01 1.657483183000000082e+00
4.670219869999999673e+01 7.855402485984395167e-01 1.768046269999999920e+00
4.685285721000000336e+01 1.001972457983711706e+00 1.576651487999999990e+00
4.754082556000000181e+01 1.021904234792542221e+00 1.490548852999999951e+00
4.816701899000000253e+01 8.644631326008512806e-01 1.423006709000000036e+00
4.866033664999999786e+01 6.574121008967304114e-01 1.370538669000000098e+00
4.898978300000000274e+01 4.656622812617113305e-01 1.347831212000000001e+00
4.913946233000000063e+01 4.511196107735321315e-01 1.335812903999999968e+00
4.914074336000000187e+01 4.534645452656465014e-01 1.334042547999999995e+00
4.909598880000000065e+01 4.616866700510248167e-01 1.338078000000000101e+00
4.894831989000000050e+01 4.779249242816072107e-01 1.350778986999999987e+00
4.862703623000000164e+01 6.463988741756948597e-01 1.373437395000000061e+00
4.814665588999999812e+01 8.468091819912991758e-01 1.424942488999999979e+00
4.753061157999999864e+01 1.005421879943381613e+00 1.490501625999999913e+00
4.685349999999999682e+01 9.715044721193200061e-01 1.573156661999999928e+00
4.669480659999999972e+01 6.208262492425792312e-01 1.729047511000000092e+00
4.704131457999999810e+01 4.711476550206256109e-01 1.651868804000000024e+00
4.704175887000000245e+01 4.703573865106935870e-01 1.664170552999999941e+00
4.669584545000000020e+01 6.203241016411843445e-01 1.754236273000000068e+00
4.685305189999999698e+01 9.698556073038999692e-01 1.576977537999999956e+00
4.752944129000000117e+01 1.004462640753468472e+00 1.491085556000000034e+00
4.814496016999999739e+01 8.462343153863001177e-01 1.424970797999999927e+00
4.862503247000000073e+01 6.463826160491618067e-01 1.373412416999999941e+00
4.894613225999999884e+01 4.797736884210257458e-01 1.350198199999999904e+00
4.909517069000000333e+01 4.623406998765535736e-01 1.338137426999999935e+00
4.899844346999999800e+01 4.646559476816543022e-01 1.333042958999999916e+00
4.895509743000000213e+01 4.786301838787389018e-01 1.335160402999999940e+00
4.881954814000000198e+01 5.116201214570454958e-01 1.347753283999999940e+00
4.852379676000000330e+01 6.166534508186585217e-01 1.381668676000000096e+00
4.808050046000000322e+01 7.978241020502243597e-01 1.431540462000000069e+00
4.749653699000000273e+01 9.484629611216922607e-01 1.493920361000000030e+00
4.687418684000000013e+01 8.158567821033330114e-01 1.579203930000000033e+00
4.673052749000000006e+01 2.939505473716607087e-01 1.685713787999999935e+00
4.687926774000000307e+01 2.580647322736070448e-01 1.650108507999999974e+00
4.687949406999999979e+01 2.581124890404441485e-01 1.658556074999999908e+00
4.673092425000000105e+01 2.935841849875600595e-01 1.706189944999999986e+00
4.687312189000000018e+01 8.139467911370936726e-01 1.584439305999999936e+00
4.749458658999999727e+01 9.474457532493730794e-01 1.493980502000000099e+00
4.807797079000000195e+01 7.976052216650266757e-01 1.431004090999999923e+00
4.852125209999999811e+01 6.176523621659179009e-01 1.381435658000000011e+00
4.881754667999999953e+01 5.131428425938776572e-01 1.349966561000000009e+00
4.895493571000000088e+01 4.787972595699213629e-01 1.335965040999999909e+00
4.866737150000000156e+01 6.614574707369018647e-01 1.354605112000000000e+00
4.863252615999999762e+01 6.493619977427841361e-01 1.357085343000000055e+00
4.852950699000000157e+01 6.176326907078739659e-01 1.364364909999999931e+00
4.835867097999999942e+01 5.688383748499010739e-01 1.391848809000000076e+00
4.795860612999999972e+01 7.488798192631682671e-01 1.443223700000000109e+00
4.743490222999999872e+01 8.307616587069274194e-01 1.502085561999999985e+00
4.695122125000000324e+01 5.894822358637942239e-01 1.580633576000000096e+00
4.682493449999999768e+01 1.654418697880290778e-01 1.625047074999999897e+00
4.683566994000000250e+01 1.411146760605357930e-01 1.615277091000000054e+00
4.683559936000000334e+01 1.417432869408842278e-01 1.620565071999999995e+00
4.682453103000000283e+01 1.636984896243592613e-01 1.638881121000000052e+00
4.694944317000000211e+01 5.867319035092636303e-01 1.589321427000000009e+00
4.743198284999999714e+01 8.295705187185811180e-01 1.502559007999999974e+00
4.795496261000000260e+01 7.488491626138115143e-01 1.442285151999999959e+00
4.835558704999999691e+01 5.828702076191488723e-01 1.393582364000000018e+00
4.852939097000000146e+01 6.178221308883891094e-01 1.365127973000000106e+00
4.863242395999999701e+01 6.496545801762559913e-01 1.357444343000000053e+00
4.817245267999999925e+01 8.671022252562378130e-01 1.406985788999999931e+00
4.815110997000000026e+01 8.485175105983085997e-01 1.408488917999999979e+00
4.808552439000000334e+01 7.993657859794737197e-01 1.413542338000000065e+00
4.796380117999999726e+01 7.513520869877536867e-01 1.424750943000000047e+00
4.771111959000000269e+01 7.256907424053181677e-01 1.462227531999999997e+00
4.733987587000000019e+01 6.375978043604469958e-01 1.514802677999999903e+00
4.705073521999999997e+01 4.708610644968496683e-01 1.557447132000000067e+00
4.693276620999999693e+01 2.457593783640068252e-01 1.569006995999999932e+00
4.689078177999999753e+01 1.502699541733434341e-01 1.567396956999999924e+00
4.689045729000000051e+01 1.495471824219730128e-01 1.568732915000000006e+00
4.693167492999999979e+01 2.427070036786268536e-01 1.573052244000000099e+00
4.704839517999999998e+01 4.671395256769328985e-01 1.562748677999999947e+00
4.733658653999999899e+01 6.361505030778090708e-01 1.517724038999999969e+00
4.770851066000000174e+01 7.252118485097158729e-01 1.464885586999999934e+00
4.796350415999999939e+01 7.515914823923393051e-01 1.427437987000000019e+00
4.808529581999999891e+01 7.995320700298796934e-01 1.414843537000000095e+00
4.815090106000000247e+01 8.486952473064225400e-01 1.409036348000000105e+00
4.754514532000000315e+01 1.024178173461099739e+00 1.470561757000000025e+00
4.753445440000000133e+01 1.006679448107883568e+00 1.470672677000000039e+00
4.750066764999999691e+01 9.498383807163076620e-01 1.473571103999999909e+00
4.743896905999999802e+01 8.321430430372603881e-01 1.482935298999999985e+00
4.734240690000000029e+01 6.377418149802591696e-01 1.502912707999999986e+00
4.722794382000000013e+01 4.873764030315628215e-01 1.527631417999999908e+00
4.713651088000000300e+01 4.290762420299321644e-01 1.541367587000000094e+00
4.706671899999999908e+01 3.587343744529221667e-01 1.538815774999999997e+00
4.702072481999999809e+01 3.026467758737537705e-01 1.533178335999999975e+00
4.702016028999999975e+01 3.015011930586707911e-01 1.530748264000000081e+00
4.706506664999999856e+01 3.556332527409301614e-01 1.532384681999999998e+00
4.713416735999999929e+01 4.255246112818036330e-01 1.536047568000000085e+00
4.722592793999999827e+01 4.853721061117349800e-01 1.530414044000000029e+00
4.734162290999999811e+01 6.368611386002563934e-01 1.510346114000000073e+00
4.743879910999999794e+01 8.320298662322475058e-01 1.488621766000000068e+00
4.750039924000000013e+01 9.498825345357329031e-01 1.476714826999999897e+00
4.753421138000000212e+01 1.006755959239043818e+00 1.472073465000000025e+00
4.685629379000000228e+01 1.003088771179596828e+00 1.549388744000000040e+00
4.685717995000000258e+01 9.704132219732238829e-01 1.547986247000000093e+00
4.687825415999999734e+01 8.133483620636244860e-01 1.554811192000000064e+00
4.695545892999999893e+01 5.871192907142183115e-01 1.561771787999999939e+00
4.705411749999999671e+01 4.690907126483957468e-01 1.544936101000000006e+00
4.713833411000000240e+01 4.278980546039232169e-01 1.533456702999999921e+00
4.721478454999999741e+01 4.035694997099296133e-01 1.542298299000000039e+00
4.721988577999999848e+01 3.837271507705984908e-01 1.530818712999999942e+00
4.717854119999999796e+01 3.611183964772554100e-01 1.512823464000000007e+00
4.717777755000000184e+01 3.600396782189779765e-01 1.508043580000000050e+00
4.721793436000000099e+01 3.813485307867640617e-01 1.517381010000000030e+00
4.721373213999999763e+01 4.012421805831743460e-01 1.529361363999999890e+00
4.713846617000000094e+01 4.263557514337075749e-01 1.530307862999999990e+00
4.705437476000000174e+01 4.686254795175936461e-01 1.551910284000000084e+00
4.695531846000000087e+01 5.874242243370301209e-01 1.573983058000000046e+00
4.687786786000000205e+01 8.139322552401757616e-01 1.565168568999999898e+00
4.685687949999999802e+01 9.707516079609354032e-01 1.553173673999999949e+00
4.670868422000000209e+01 7.846629972675224218e-01 1.717516746000000039e+00
4.670281981000000116e+01 6.199534115163981562e-01 1.701594676000000028e+00
4.673803467999999839e+01 2.948489241268730798e-01 1.661423872000000079e+00
4.683104419000000007e+01 1.628453725470013491e-01 1.609281146000000051e+00
4.693716109999999730e+01 2.428436887220065954e-01 1.559091191000000043e+00
4.706966012000000177e+01 3.569519268814929647e-01 1.529421664000000014e+00
4.722194105999999891e+01 3.827609616042084162e-01 1.519954078999999902e+00
4.733469406999999762e+01 3.229713758647700939e-01 1.528465388999999952e+00
4.731061605000000014e+01 3.422276570367584481e-01 1.500441565000000033e+00
4.730971129000000275e+01 3.412017451656255695e-01 1.494471458999999891e+00
4.733389358000000158e+01 3.215219451259100358e-01 1.512719053999999952e+00
4.722325093999999979e+01 3.815497142305912526e-01 1.509670759000000029e+00
4.707116110999999847e+01 3.566345907101970969e-01 1.521680928999999960e+00
4.693813609000000042e+01 2.434111683009634597e-01 1.556800941000000105e+00
4.683115191000000266e+01 1.640494829583951653e-01 1.613727271999999990e+00
4.673755323000000317e+01 2.955856517328788735e-01 1.671162097999999929e+00
4.670239802999999768e+01 6.203519923373372880e-01 1.709905033000000074e+00
4.718022958000000244e+01 6.596820010728453587e-01 1.607838488000000066e+00
4.704971567999999849e+01 4.710828725175286169e-01 1.619356808999999897e+00
4.688781245999999925e+01 2.598989183717779761e-01 1.621818240999999938e+00
4.684291681999999923e+01 1.420132524604101332e-01 1.597047928999999922e+00
4.689600200999999657e+01 1.472502779459701761e-01 1.557883922000000032e+00
4.702451635999999979e+01 3.011333614057569719e-01 1.525861211000000051e+00
4.718170878000000101e+01 3.604305882900192270e-01 1.503686473999999995e+00
4.731365012999999919e+01 3.417247638723087122e-01 1.488554554000000030e+00
4.738329291000000154e+01 3.048488141134119700e-01 1.493694282000000095e+00
4.738239520999999854e+01 3.053310286325185419e-01 1.487068797000000053e+00
4.731488517999999743e+01 3.409436487703711438e-01 1.482372609000000008e+00
4.718343550000000164e+01 3.598996181480015877e-01 1.495076658999999974e+00
4.702624349999999964e+01 3.013273439797961029e-01 1.516578422000000037e+00
4.689722503000000131e+01 1.482165214284797694e-01 1.549874473999999891e+00
4.684345976000000178e+01 1.419460967260790241e-01 1.591775190999999978e+00
4.688787391000000326e+01 2.598770138617021996e-01 1.619328848999999959e+00
4.704953471000000320e+01 4.712285971744495927e-01 1.618239055999999954e+00
4.881293669000000079e+01 6.640809620687038173e-01 1.371308156000000000e+00
4.877677638000000115e+01 6.611665077429599302e-01 1.373314798000000003e+00
4.866928900999999996e+01 6.567073805022715094e-01 1.378305177000000104e+00
4.846919817999999935e+01 7.550027192977303292e-01 1.361023394999999914e+00
4.798735805999999826e+01 9.083804777366280003e-01 1.423541890999999948e+00
4.738038788000000068e+01 1.007356265025486808e+00 1.493509621999999926e+00
4.677583120999999977e+01 5.905065891069253281e-01 1.626570150999999909e+00
4.699514768000000231e+01 7.229461564747953206e-01 1.678055789999999936e+00
4.733949470000000304e+01 4.880136639911561991e-01 1.600217588000000024e+00
4.733919972999999715e+01 4.780162432518447746e-01 1.608114983999999970e+00
4.699615649999999789e+01 7.221740495069334242e-01 1.704128359999999898e+00
4.677674475999999970e+01 5.860326175665608872e-01 1.640879536999999999e+00
4.738053898999999802e+01 1.006412848399922177e+00 1.495460892999999958e+00
4.798725796000000088e+01 9.069346824369065585e-01 1.424950866000000094e+00
4.846979026000000346e+01 7.539411022204864921e-01 1.363139725999999996e+00
4.866765802999999835e+01 6.561559389217693772e-01 1.378194721000000067e+00
4.877586392999999987e+01 6.613734259065890964e-01 1.373171643999999914e+00
4.877590835000000169e+01 6.622614755827718191e-01 1.373797804000000067e+00
4.874017024999999848e+01 6.572120420957612286e-01 1.375858054000000052e+00
4.863399220000000156e+01 6.455890615544025435e-01 1.381141493000000109e+00
4.844373149999999839e+01 7.194668332031850522e-01 1.363385631999999958e+00
4.798051172000000264e+01 8.689719402182980446e-01 1.425064437999999933e+00
4.739266977999999852e+01 9.661217272323412431e-01 1.493560100000000057e+00
4.681148618000000283e+01 6.175132207578857280e-01 1.606226514000000050e+00
4.689323140999999850e+01 4.988396008831652018e-01 1.663759785000000102e+00
4.706498341000000352e+01 5.203635843692180352e-01 1.609947537999999900e+00
4.706550413000000077e+01 5.201308247675511254e-01 1.619054283999999955e+00
4.689456485000000185e+01 4.987613062007154041e-01 1.686546289999999892e+00
4.681216024999999803e+01 6.135176797331512999e-01 1.616636959999999901e+00
4.739247066000000075e+01 9.649526786817691493e-01 1.494731747999999971e+00
4.798001312000000240e+01 8.673857980881025664e-01 1.425969955000000011e+00
4.844414084999999659e+01 7.175660963822313443e-01 1.365313736000000056e+00
4.863226385000000107e+01 6.452492634565125673e-01 1.380980716000000053e+00
4.873921560000000142e+01 6.575254927974433228e-01 1.375703016999999972e+00
4.866682379000000225e+01 6.618002916955081361e-01 1.380843639999999928e+00
4.863250948000000307e+01 6.494267788589165313e-01 1.383082208000000035e+00
4.853003005000000059e+01 6.175283277969084716e-01 1.388980880999999945e+00
4.835870978999999892e+01 5.835447709868100130e-01 1.387253751000000035e+00
4.795780931000000180e+01 7.494099980709437725e-01 1.429810677999999946e+00
4.743426639999999850e+01 8.306113151204062017e-01 1.493875542000000056e+00
4.695090628999999893e+01 5.891107454071679017e-01 1.575164610000000076e+00
4.682496384000000234e+01 1.655661423803599652e-01 1.618875461000000016e+00
4.683592278999999792e+01 1.415591319786945468e-01 1.608232034999999893e+00
4.683602152000000274e+01 1.424454156919644776e-01 1.614461560000000073e+00
4.682497346000000249e+01 1.641187702650040714e-01 1.634184607999999983e+00
4.695013758000000337e+01 5.873932380618442917e-01 1.582266909999999971e+00
4.743312793999999855e+01 8.296065438111939194e-01 1.493520285000000003e+00
4.795629169000000047e+01 7.478827086804027413e-01 1.429299987000000050e+00
4.835548149000000251e+01 5.641034337125975240e-01 1.392358172000000005e+00
4.852798115000000223e+01 6.181307718163588927e-01 1.388673299999999999e+00
4.863140243000000140e+01 6.501781129477861576e-01 1.382869184999999890e+00
4.846259080000000097e+01 7.554545281902255160e-01 1.375457179999999946e+00
4.843795999999999680e+01 7.205807037358920031e-01 1.377922703000000082e+00
4.835767151000000297e+01 6.208744978421516514e-01 1.385112319999999952e+00
4.819793162999999936e+01 5.137255247237662026e-01 1.400530733000000083e+00
4.790630999999999773e+01 5.707408706078392902e-01 1.438964359000000082e+00
4.749716201999999754e+01 6.364410831031432902e-01 1.491274495000000089e+00
4.713353672000000216e+01 5.582510447769268858e-01 1.540942727000000012e+00
4.693599170000000242e+01 3.788823411943352260e-01 1.568669131999999911e+00
4.685791379999999862e+01 2.427006752191052386e-01 1.576607541000000001e+00
4.685744881000000106e+01 2.416389886950457977e-01 1.579335989000000051e+00
4.693453928999999647e+01 3.765169153032554838e-01 1.574736593999999990e+00
4.713117649000000142e+01 5.562094196684546077e-01 1.544081314999999899e+00
4.749420884999999970e+01 6.351841103770298202e-01 1.489369147999999976e+00
4.790261653999999680e+01 5.702616019445267970e-01 1.436254480999999972e+00
4.819411399999999901e+01 5.152403784579031587e-01 1.403227401999999957e+00
4.835482818999999921e+01 6.219239207247755363e-01 1.387050686999999893e+00
4.843650207999999679e+01 7.210792085182550215e-01 1.378090808000000056e+00
4.798721386999999794e+01 9.105121837085269343e-01 1.418388366000000067e+00
4.798100612999999726e+01 8.708643192780750608e-01 1.418571835999999919e+00
4.795971730000000122e+01 7.511469166078290627e-01 1.419612475999999956e+00
4.791044628000000216e+01 5.723199323533646465e-01 1.421244557000000075e+00
4.778451311999999973e+01 4.394939083380347000e-01 1.450786689999999934e+00
4.753157115999999860e+01 4.632563210749451321e-01 1.488851228999999998e+00
4.728659671999999858e+01 5.011002085143060336e-01 1.516519069000000108e+00
4.710947065999999950e+01 4.683988029078166582e-01 1.534989850999999961e+00
4.701778668000000039e+01 4.157884574688422985e-01 1.544362325000000036e+00
4.701698729000000299e+01 4.148867493007177831e-01 1.543948820000000000e+00
4.710711639000000162e+01 4.662854200352221645e-01 1.533354244000000088e+00
4.728287909000000155e+01 4.987172729395626392e-01 1.513014837000000057e+00
4.752683598000000131e+01 4.614141953731651924e-01 1.483997696000000088e+00
4.778081027999999719e+01 4.387609586620332403e-01 1.450132422999999893e+00
4.791022236999999961e+01 5.722745192686240490e-01 1.424304720999999940e+00
4.795880385000000246e+01 7.515773237280188868e-01 1.421466040999999958e+00
4.798032315999999753e+01 8.711849506029942791e-01 1.419515368000000111e+00
4.738117294999999984e+01 1.008573915504270113e+00 1.483488987999999953e+00
4.739401584000000156e+01 9.669097994203890156e-01 1.481336014999999895e+00
4.743656289999999842e+01 8.309937232478518121e-01 1.478893754000000005e+00
4.750055986999999647e+01 6.369596688613066160e-01 1.473363476999999921e+00
4.753460095999999879e+01 4.634647942947602295e-01 1.471086451999999989e+00
4.750917823999999712e+01 3.957241788678625416e-01 1.496771295000000057e+00
4.741093533000000093e+01 4.556914312945140599e-01 1.513672252000000107e+00
4.729342537000000135e+01 4.767188993029762845e-01 1.518740527000000062e+00
4.721747497999999865e+01 4.596920350710579362e-01 1.521372120000000105e+00
4.721648469000000148e+01 4.589385137432023809e-01 1.519000356000000052e+00
4.729056604000000164e+01 4.749889004863115383e-01 1.512015375999999911e+00
4.740665053000000029e+01 4.536418023348940398e-01 1.504049328000000019e+00
4.750615145999999811e+01 3.944195274664343831e-01 1.492294087999999963e+00
4.753458552000000026e+01 4.628555846281200425e-01 1.475622908000000066e+00
4.750042914000000138e+01 6.369245844220692288e-01 1.479700891000000018e+00
4.743587138000000181e+01 8.309912454396221060e-01 1.484410374000000088e+00
4.739346216999999939e+01 9.669707982638721111e-01 1.484520818000000020e+00
4.677708887000000004e+01 5.841792503827785143e-01 1.620328261999999908e+00
4.681396381999999790e+01 6.106369686956818477e-01 1.590352570000000076e+00
4.695429058999999938e+01 5.857841406916148852e-01 1.558790914000000027e+00
4.713717905000000030e+01 5.565699963012812335e-01 1.525534833999999895e+00
4.728956895000000316e+01 4.997934267515851681e-01 1.500096161000000095e+00
4.741279555999999928e+01 4.545843752040579222e-01 1.497342253000000012e+00
4.750183961999999838e+01 4.318004217436572922e-01 1.521817363999999895e+00
4.745835761000000019e+01 4.379820399493872252e-01 1.512944724000000019e+00
4.739917871000000105e+01 4.292225360910848497e-01 1.506464656999999985e+00
4.739806933999999927e+01 4.285584222307612934e-01 1.503099734000000076e+00
4.745522748999999862e+01 4.365322260210867111e-01 1.503352057999999936e+00
4.749955820000000273e+01 4.307926926019639557e-01 1.511229436000000037e+00
4.741351737000000099e+01 4.546739053711054690e-01 1.496358802000000043e+00
4.729036789999999968e+01 5.002558309107615342e-01 1.503570470999999964e+00
4.713720169999999854e+01 5.571308486708232977e-01 1.533494330999999988e+00
4.695362279999999799e+01 5.859945108716169138e-01 1.571652250000000084e+00
4.681337724000000122e+01 6.108074995368735216e-01 1.604739528999999942e+00
4.699986350999999729e+01 7.208717956879426847e-01 1.672339782000000108e+00
4.689895082999999687e+01 4.957320886784092329e-01 1.654463505999999917e+00
4.683099478999999832e+01 1.625845206977520052e-01 1.607949368000000101e+00
4.694071538000000032e+01 3.753284259284632718e-01 1.557798717999999916e+00
4.711281354999999849e+01 4.658866589828125071e-01 1.522221967999999981e+00
4.729576915999999898e+01 4.750633296593254062e-01 1.503265174999999898e+00
4.746016519999999872e+01 4.369131783699045646e-01 1.495222139000000006e+00
4.757432467000000287e+01 3.786918042506885462e-01 1.515278772999999912e+00
4.753151505000000299e+01 3.747530296408678741e-01 1.497669872999999985e+00
4.753033406000000127e+01 3.741472014302744675e-01 1.493901200000000040e+00
4.757232313000000090e+01 3.790045271309682717e-01 1.504643879999999934e+00
4.746168111000000067e+01 4.369257554543278799e-01 1.491832319000000018e+00
4.729740926000000201e+01 4.754232162226176839e-01 1.500984968000000030e+00
4.711401290999999958e+01 4.667088131047895105e-01 1.522088287999999956e+00
4.694106459999999714e+01 3.762555296496133961e-01 1.560334584000000024e+00
4.683062629999999871e+01 1.632634291578033969e-01 1.613044380000000055e+00
4.689860776999999814e+01 4.964654874847467814e-01 1.659042614999999943e+00
4.734326527999999712e+01 4.615811476352958409e-01 1.582168392999999895e+00
4.706974368000000197e+01 5.153020007936395253e-01 1.597719836000000004e+00
4.684256008999999921e+01 1.408365430992034317e-01 1.596348756999999896e+00
4.686348944000000216e+01 2.387060823089349193e-01 1.566881924000000037e+00
4.702180918999999903e+01 4.129744729516803825e-01 1.534164499999999931e+00
4.722056076999999874e+01 4.580487710919574074e-01 1.508971910000000083e+00
4.740185419000000167e+01 4.281615160967996436e-01 1.491712421999999982e+00
4.753410596999999882e+01 3.738570774816897813e-01 1.480869422999999907e+00
4.759985558000000339e+01 3.306066548018458673e-01 1.487063454000000062e+00
4.759886997000000264e+01 3.331426353352693326e-01 1.487196433999999901e+00
4.753525901999999803e+01 3.735302417023458887e-01 1.477991424999999914e+00
4.740347862000000134e+01 4.279644057571402316e-01 1.487859545999999922e+00
4.722226546000000269e+01 4.583125756195083889e-01 1.505306129999999909e+00
4.702316685000000263e+01 4.137466258439446709e-01 1.531167249999999980e+00
4.686423886000000039e+01 2.395842605066687558e-01 1.563750163999999998e+00
4.684279465000000187e+01 1.403891068115492302e-01 1.591998113999999909e+00
4.706974008000000254e+01 5.153123835933491881e-01 1.595004698000000110e+00
4.829669009999999929e+01 8.702962541930039375e-01 1.426807616000000056e+00
4.826734254000000135e+01 8.666807128988510689e-01 1.427883473000000070e+00
4.817516127999999753e+01 8.664406969414812920e-01 1.429700033000000037e+00
4.799333332999999868e+01 9.112947656297010202e-01 1.428950404999999924e+00
4.762937062999999682e+01 9.662521061327578042e-01 1.452727383999999899e+00
4.713259436999999963e+01 8.339048082549742613e-01 1.523118477999999998e+00
4.699699737000000255e+01 6.752971258961636414e-01 1.682067957999999974e+00
4.729789458999999852e+01 5.800159059029261766e-01 1.625135576999999998e+00
4.726467052000000280e+01 1.888215982520693170e-01 1.450979288999999950e+00
4.726365737999999794e+01 1.870792060743606822e-01 1.448515991000000058e+00
4.729857610999999906e+01 5.738607352028078923e-01 1.642493280999999916e+00
4.699857901000000027e+01 6.746063020585177927e-01 1.708254812000000067e+00
4.713373496999999901e+01 8.338203164840222170e-01 1.528220715000000007e+00
4.763070755999999761e+01 9.657726095904239916e-01 1.456088072000000011e+00
4.799329869000000315e+01 9.099327479587279166e-01 1.430506218999999968e+00
4.817399169000000114e+01 8.657086872546245759e-01 1.429492769000000107e+00
4.826651853999999986e+01 8.665240912288487696e-01 1.427573369999999953e+00
4.826622517999999928e+01 8.669614490468140477e-01 1.428571006999999948e+00
4.823885559000000001e+01 8.598286103546579628e-01 1.429698281999999931e+00
4.815317553999999944e+01 8.480749085017682543e-01 1.431641884000000031e+00
4.798654712999999816e+01 8.716056253571491386e-01 1.430572460000000046e+00
4.764910626999999721e+01 9.086042478742130113e-01 1.451434440999999964e+00
4.718127170000000348e+01 7.888956925278650667e-01 1.515800217000000005e+00
4.691969808999999714e+01 2.913700353033870094e-01 1.634139438000000055e+00
4.703984730999999897e+01 4.873653555261009962e-01 1.593731188000000021e+00
4.706959958000000199e+01 5.152855933963021995e-01 1.546969856999999893e+00
4.706991988000000049e+01 5.146533770423223908e-01 1.552368446000000013e+00
4.704111089999999962e+01 4.875702626689010777e-01 1.611342623999999946e+00
4.692127658999999795e+01 2.927291825473879450e-01 1.656451926999999991e+00
4.718233628000000124e+01 7.887874232771363570e-01 1.519359528000000070e+00
4.765044225999999838e+01 9.080311052253593473e-01 1.454080889000000099e+00
4.798634630000000101e+01 8.702829741969122512e-01 1.431751902000000021e+00
4.815184176000000349e+01 8.474803941077833080e-01 1.431259674000000093e+00
4.823794725999999855e+01 8.597469659642195117e-01 1.429327449999999944e+00
4.817179002999999682e+01 8.672687195170067920e-01 1.433451975000000100e+00
4.815097102000000007e+01 8.486928699855948999e-01 1.434765151999999988e+00
4.808589463999999936e+01 7.994935629414536837e-01 1.437146580000000062e+00
4.796413539000000270e+01 7.514954571950496209e-01 1.435479903000000057e+00
4.771001389999999986e+01 7.251660095207534962e-01 1.445188488000000104e+00
4.733887776000000258e+01 6.368470718010801335e-01 1.497478733999999978e+00
4.705037702999999993e+01 4.699156673797597050e-01 1.543162745999999919e+00
4.693293697000000009e+01 2.451723392460626594e-01 1.556512609999999963e+00
4.689131059999999707e+01 1.503432462048422125e-01 1.557586659000000040e+00
4.689120582999999698e+01 1.498142074186066541e-01 1.562399553000000108e+00
4.693254507000000331e+01 2.430470660144399275e-01 1.568871515999999966e+00
4.704974789999999985e+01 4.685241084494969899e-01 1.553564042000000089e+00
4.733905400999999813e+01 6.370824571576743089e-01 1.500271158999999965e+00
4.771107994999999846e+01 7.247979291501409627e-01 1.446911945000000088e+00
4.796313317999999981e+01 7.503961581382470047e-01 1.435742231000000091e+00
4.808401261000000204e+01 7.992665382202309710e-01 1.436271628000000078e+00
4.814980649999999684e+01 8.487600358810298840e-01 1.434229100000000034e+00
4.798647622000000013e+01 9.105292134185800634e-01 1.439608530999999969e+00
4.798077459999999661e+01 8.709935587542556590e-01 1.440965771999999978e+00
4.796016302000000309e+01 7.511788702085593350e-01 1.444046072999999986e+00
4.791159019999999913e+01 5.719002580799613655e-01 1.443531083000000104e+00
4.778327923999999882e+01 4.389045919094498593e-01 1.430254217999999966e+00
4.753058997000000119e+01 4.626197679292345377e-01 1.472627786999999966e+00
4.728616497000000152e+01 5.006198588092226620e-01 1.506428341999999976e+00
4.710939103999999844e+01 4.680650473851529769e-01 1.528719638000000103e+00
4.701793307999999882e+01 4.155706243109169029e-01 1.540784860000000034e+00
4.701729279999999989e+01 4.148066410833219364e-01 1.542183969000000099e+00
4.710765175000000227e+01 4.665023203355002646e-01 1.531794131999999919e+00
4.728396149000000293e+01 4.993955858995749453e-01 1.508602290000000012e+00
4.752899842000000064e+01 4.623423917687947693e-01 1.473056450000000073e+00
4.778381339999999966e+01 4.384950886608709464e-01 1.432468231999999952e+00
4.790829535000000305e+01 5.717860443977771379e-01 1.441952302000000019e+00
4.795708874999999694e+01 7.513546748214630089e-01 1.442695261999999978e+00
4.797912371999999692e+01 8.710482283357853239e-01 1.440513303999999994e+00
4.762365425000000130e+01 9.650185949571767896e-01 1.462067404999999987e+00
4.764415821000000051e+01 9.073085638144323672e-01 1.459831308000000050e+00
4.770581829999999712e+01 7.235946561262797116e-01 1.454429624999999948e+00
4.777989549000000125e+01 4.369779553852375376e-01 1.443804528999999892e+00
4.776798560999999665e+01 1.744106254390791477e-01 1.441740562999999975e+00
4.764411899000000261e+01 2.790548050149582182e-01 1.467687648000000067e+00
4.747810806999999755e+01 4.290020652708454452e-01 1.491151282999999994e+00
4.732765230999999773e+01 4.873261284982687291e-01 1.510625547999999929e+00
4.723673956999999746e+01 4.839188269606867210e-01 1.522270921999999915e+00
4.723582325999999654e+01 4.832987889488895572e-01 1.521298097000000071e+00
4.732511138000000273e+01 4.860253948811168456e-01 1.507528632999999951e+00
4.747438237000000072e+01 4.275922824332197836e-01 1.485772488999999918e+00
4.763958619999999655e+01 2.777244525695071187e-01 1.460877065999999891e+00
4.776289447999999993e+01 1.747519840373049083e-01 1.442620478999999900e+00
4.777530708999999831e+01 4.371985823919172787e-01 1.443026922999999906e+00
4.770264725999999911e+01 7.235122488451454226e-01 1.456568910999999966e+00
4.764256990999999886e+01 9.072177001750973968e-01 1.461755018000000073e+00
4.712937168999999926e+01 8.355023825703723483e-01 1.528705519999999929e+00
4.717913632999999862e+01 7.889558155684206486e-01 1.515533714999999892e+00
4.733835652999999866e+01 6.353753540902110641e-01 1.495437107999999959e+00
4.753191034999999687e+01 4.612796758409208886e-01 1.467154470000000099e+00
4.764644943999999782e+01 2.783992662247947725e-01 1.450083446999999914e+00
4.770622490000000226e+01 1.686732073347272931e-01 1.471307107999999975e+00
4.762720448999999689e+01 3.635145003101679650e-01 1.492192203000000106e+00
4.752630683000000289e+01 4.441670986629716045e-01 1.503256689000000090e+00
4.745330261000000149e+01 4.572994953162757281e-01 1.509486338999999955e+00
4.745222401000000190e+01 4.567612817099070965e-01 1.507332310000000009e+00
4.752330959999999749e+01 4.432437836633528749e-01 1.497202734999999896e+00
4.762267815999999954e+01 3.630834255229065666e-01 1.483163277999999918e+00
4.770058276000000319e+01 2.060885561836330593e-01 1.470713916000000010e+00
4.764715886999999839e+01 2.783490627328029654e-01 1.453832604999999889e+00
4.753058389000000261e+01 4.604748661145282029e-01 1.471618010000000032e+00
4.733638429999999886e+01 6.345482023761708223e-01 1.503758718000000050e+00
4.717798377999999815e+01 7.884474468128519486e-01 1.524075995000000017e+00
4.699885424000000000e+01 6.780661447770434114e-01 1.692837469000000095e+00
4.692220830000000120e+01 2.941852294995626060e-01 1.634376658999999954e+00
4.705284208999999862e+01 4.672040006376805832e-01 1.539939839999999949e+00
4.728886658999999781e+01 4.992020349116372824e-01 1.498232664999999963e+00
4.748036502000000070e+01 4.276685823139129150e-01 1.475416426000000003e+00
4.762864875000000353e+01 3.621517548331256720e-01 1.471766659999999893e+00
4.773959588000000309e+01 2.298811417538194346e-01 1.471586005000000030e+00
4.768501549999999867e+01 3.787701317256621514e-01 1.501357790999999997e+00
4.762885605000000311e+01 3.938787163276084025e-01 1.502667031999999958e+00
4.762768154999999837e+01 3.934109408273279707e-01 1.500102631999999936e+00
4.768185959000000196e+01 3.786127978879855194e-01 1.494807884000000087e+00
4.773804650000000294e+01 2.457890315110242141e-01 1.475528793999999921e+00
4.763025236000000007e+01 3.624532085828915395e-01 1.473702397999999913e+00
4.748151210000000333e+01 4.281846160705545801e-01 1.477926105999999962e+00
4.728881991000000085e+01 4.995065252835139136e-01 1.502255144999999903e+00
4.705189304999999678e+01 4.663227728602968858e-01 1.548628517999999898e+00
4.692192982000000256e+01 2.956845693308341461e-01 1.649957150999999955e+00
4.729953474999999941e+01 5.657644687812740658e-01 1.629444756000000050e+00
4.704226551000000001e+01 4.798434582361954526e-01 1.598287929999999912e+00
4.693730592000000001e+01 2.429039074085612704e-01 1.556986965999999972e+00
4.711284610999999956e+01 4.658909212070149186e-01 1.521603511999999991e+00
4.733017604999999861e+01 4.856745500638630086e-01 1.497088637000000055e+00
4.752808740999999770e+01 4.428657877701019374e-01 1.485351335000000050e+00
4.768633596000000097e+01 3.776430736569471036e-01 1.480948007999999927e+00
4.778309663999999657e+01 2.710207431607088435e-01 1.481068955000000020e+00
4.774828834000000199e+01 3.297098570518922633e-01 1.499576006000000072e+00
4.774708738000000352e+01 3.293821417156934661e-01 1.497062515999999954e+00
4.778258646999999826e+01 2.738268665278633662e-01 1.483045168999999941e+00
4.768810610999999966e+01 3.775849122095688015e-01 1.480807811000000029e+00
4.752992239000000296e+01 4.430975026751010626e-01 1.485183821999999987e+00
4.733164616999999907e+01 4.863487364730750273e-01 1.497474782000000060e+00
4.711356248999999963e+01 4.666839503781882170e-01 1.522151199000000066e+00
4.693737172000000157e+01 2.432233323877739661e-01 1.556366002000000082e+00
4.704238664999999742e+01 4.805548642345966459e-01 1.600133220000000023e+00
4.725971631000000173e+01 1.860237366905768408e-01 1.464288671999999902e+00
4.706970787000000200e+01 5.025362259204481097e-01 1.550937408000000017e+00
4.689592984000000087e+01 1.483817129426488746e-01 1.557193712999999979e+00
4.702193218000000030e+01 4.132549421955424851e-01 1.534123043999999991e+00
4.723982280999999972e+01 4.823173792382128844e-01 1.510444708000000080e+00
4.745578790999999796e+01 4.561908648940815048e-01 1.493854749000000037e+00
4.763102795999999728e+01 3.929951443062009164e-01 1.484383806999999944e+00
4.775035583999999744e+01 3.287966210312739390e-01 1.479573873000000095e+00
4.780612064000000316e+01 2.823373234590248471e-01 1.487659400000000076e+00
4.780584901999999659e+01 2.844540984448628573e-01 1.490163866000000059e+00
4.775151470000000131e+01 3.285528761542647058e-01 1.478232892999999937e+00
4.763264213000000069e+01 3.927544021916967720e-01 1.482489036999999898e+00
4.745756269999999688e+01 4.563058562580470379e-01 1.492216884999999937e+00
4.724140743000000242e+01 4.828899798709236912e-01 1.509186565000000035e+00
4.702308380000000199e+01 4.140937866612013907e-01 1.531873945999999931e+00
4.689664703999999773e+01 1.491932525148763899e-01 1.551223645999999956e+00
4.706996669000000111e+01 5.016389957435296587e-01 1.550136318000000069e+00
4.765567435999999901e+01 1.026247861705491093e+00 1.495785767000000099e+00
4.763034140999999977e+01 1.025108547456300201e+00 1.495674315999999893e+00
4.754734219000000195e+01 1.024636658049780991e+00 1.495359871000000007e+00
4.738551965999999993e+01 1.009694716436265294e+00 1.498354728000000025e+00
4.713517547000000008e+01 8.349520851551788247e-01 1.525157651000000003e+00
4.702977984000000333e+01 5.075734388835226873e-01 1.669437966000000051e+00
4.732383010000000212e+01 6.092787905508367796e-01 1.631474663000000103e+00
4.728263273999999683e+01 2.347527023869354634e-01 1.469185640000000070e+00
4.717922726999999838e+01 1.247051939486472499e-01 1.466345079999999967e+00
4.717818144999999674e+01 1.227596863290583706e-01 1.462737072999999999e+00
4.727950042999999880e+01 2.323480882658661706e-01 1.458744763999999972e+00
4.732522012999999816e+01 6.084338350500211323e-01 1.654100254000000048e+00
4.703136237999999736e+01 5.076122065655228610e-01 1.692041727999999967e+00
4.713625902999999795e+01 8.351178539286009395e-01 1.531152982000000051e+00
4.738563125999999670e+01 1.008921663329574780e+00 1.500436740000000047e+00
4.754666464000000303e+01 1.023825905615618703e+00 1.495527037000000004e+00
4.762975679000000184e+01 1.024734009048206884e+00 1.495465958000000040e+00
4.762933711000000159e+01 1.024956076988849274e+00 1.496242524999999990e+00
4.760751548999999727e+01 1.020110804733186161e+00 1.496132792999999905e+00
4.753606759000000181e+01 1.007018999072787802e+00 1.495824994999999991e+00
4.739791676000000109e+01 9.677344676675523338e-01 1.498237586999999982e+00
4.718437106999999742e+01 7.887454653616454703e-01 1.517710732999999923e+00
4.699760521999999696e+01 1.999883229744889024e-01 1.575474132999999943e+00
4.706734749999999678e+01 4.502563314560637520e-01 1.583010218000000080e+00
4.710029921000000286e+01 4.630717319291384193e-01 1.534929532999999902e+00
4.706447211999999780e+01 3.359076225405206451e-01 1.508767458999999977e+00
4.706435332000000216e+01 3.345193580462942351e-01 1.512238187999999983e+00
4.710074137000000150e+01 4.610326391756094933e-01 1.548662471999999957e+00
4.706893784999999752e+01 4.522653574146496269e-01 1.607565206999999941e+00
4.699855689000000325e+01 1.976463137628885758e-01 1.591932101999999905e+00
4.718526396000000034e+01 7.894469853190360098e-01 1.522621256000000090e+00
4.739777018000000197e+01 9.671823978057579874e-01 1.499828221000000017e+00
4.753517905999999726e+01 1.006316027832698801e+00 1.495817310999999927e+00
4.760682263000000347e+01 1.019781260178925786e+00 1.495879807999999977e+00
4.754446846999999821e+01 1.024154978621149237e+00 1.498308065000000022e+00
4.753420444999999717e+01 1.006772169320808263e+00 1.498146079999999936e+00
4.750092590999999942e+01 9.497566088961821862e-01 1.497837242999999985e+00
4.743963956000000337e+01 8.313772650442028400e-01 1.497644227000000106e+00
4.734290012999999675e+01 6.363776918956179918e-01 1.498825408999999942e+00
4.722775457000000188e+01 4.864123111046004810e-01 1.507015578000000078e+00
4.713613258000000172e+01 4.275402875206963937e-01 1.516932289999999961e+00
4.706685585999999688e+01 3.573288799354624179e-01 1.520701274999999963e+00
4.702133237999999693e+01 3.018256043355859730e-01 1.522948336000000014e+00
4.702105064999999939e+01 3.011911005961855348e-01 1.527273362999999939e+00
4.706634377000000313e+01 3.562391497049350875e-01 1.533746902999999939e+00
4.713602965999999839e+01 4.271616347884999443e-01 1.535079942999999947e+00
4.722807988999999651e+01 4.866541390435270564e-01 1.520227605000000093e+00
4.734288516000000158e+01 6.374287694267677384e-01 1.504335444000000077e+00
4.743853988000000044e+01 8.314283783889018231e-01 1.498861623999999892e+00
4.749945994000000127e+01 9.492468309717784214e-01 1.497748665000000035e+00
4.753325659000000059e+01 1.006463762326676559e+00 1.497964231999999951e+00
4.738037843000000038e+01 1.008472318515505339e+00 1.506181468999999939e+00
4.739370407999999912e+01 9.669499083672262740e-01 1.504838542999999973e+00
4.743704852999999844e+01 8.308002832565908324e-01 1.502299274999999934e+00
4.750203923000000117e+01 6.364704315512982324e-01 1.492441530000000016e+00
4.753592465999999916e+01 4.623611443756387995e-01 1.473139052000000060e+00
4.750840913999999771e+01 3.948922612571122426e-01 1.472974567000000068e+00
4.740998091000000159e+01 4.548778888558885902e-01 1.492998052999999992e+00
4.729314366999999919e+01 4.761526615210746050e-01 1.507488168999999933e+00
4.721763566999999995e+01 4.593130954476891681e-01 1.515936154000000036e+00
4.721699557000000169e+01 4.588080912896370656e-01 1.516907659999999991e+00
4.729162190000000265e+01 4.752328530414972052e-01 1.510584726999999905e+00
4.740882753000000349e+01 4.544712072363041311e-01 1.499874292000000109e+00
4.750887071999999733e+01 3.952129459289207003e-01 1.484616970999999896e+00
4.753434001000000109e+01 4.631943259128507018e-01 1.478067862999999926e+00
4.749892281999999710e+01 6.362550762277799921e-01 1.493966340999999920e+00
4.743447296000000080e+01 8.303273521036642624e-01 1.503911113000000022e+00
4.739234309999999795e+01 9.665425047649459644e-01 1.506042018000000038e+00
4.712887467000000186e+01 8.354317449276849050e-01 1.539673786999999905e+00
4.717894611999999910e+01 7.890711094753530830e-01 1.527274701000000068e+00
4.733887441000000251e+01 6.354760073293439504e-01 1.509171057000000093e+00
4.753357958000000139e+01 4.613558106947818205e-01 1.485632673000000015e+00
4.764869206000000190e+01 2.779569531495551526e-01 1.467616204999999896e+00
4.770511110000000343e+01 2.129027011392588542e-01 1.462973156000000108e+00
4.762669867000000323e+01 3.638104671349296493e-01 1.484579673999999905e+00
4.752611531000000156e+01 4.440824999116207428e-01 1.498886071000000042e+00
4.745332729999999799e+01 4.571807557117041343e-01 1.507345474000000074e+00
4.745244591000000156e+01 4.566836188437174426e-01 1.506199112000000007e+00
4.752379512000000261e+01 4.430901589720619427e-01 1.495602671999999966e+00
4.762361061000000007e+01 3.621844744183371767e-01 1.479846403999999893e+00
4.770154627000000147e+01 1.537518951777506748e-01 1.461235207999999952e+00
4.764417540000000173e+01 2.773627475209629045e-01 1.464419263999999998e+00
4.752818127999999831e+01 4.598815168191662250e-01 1.484624565000000063e+00
4.733517272999999648e+01 6.341908612414188795e-01 1.515246584000000007e+00
4.717729417000000325e+01 7.880338984729852170e-01 1.534930536999999928e+00
4.702830283000000122e+01 5.274828455625295565e-01 1.692208332999999953e+00
4.699476037000000161e+01 1.906869723488811563e-01 1.582315050999999917e+00
4.722620569000000046e+01 4.854549153816177243e-01 1.519748547000000061e+00
4.750755187000000035e+01 3.945259209713630755e-01 1.491095730999999924e+00
4.770537036999999714e+01 2.107923530841529780e-01 1.472987558999999891e+00
4.778934153000000151e+01 1.611132161271971175e-01 1.470808544999999912e+00
4.778118108999999691e+01 2.861665167514649277e-01 1.489625989000000095e+00
4.772050686000000042e+01 3.738144131050878949e-01 1.498596317999999927e+00
4.766272088000000196e+01 3.959354302056869446e-01 1.503735660999999890e+00
4.766167372000000313e+01 3.954500234959356098e-01 1.501705590999999895e+00
4.771772528999999707e+01 3.731533503742819891e-01 1.493005955999999967e+00
4.777723978000000216e+01 2.859688709192370615e-01 1.481655675000000061e+00
4.778475336999999712e+01 1.624337563289584563e-01 1.473874584999999904e+00
4.770040102000000104e+01 2.105729220640157051e-01 1.472853919000000067e+00
4.750298586000000256e+01 3.932600120498373486e-01 1.488492326999999893e+00
4.722287690000000282e+01 4.829284812185532516e-01 1.525929655999999968e+00
4.699401363999999859e+01 1.838362862894949712e-01 1.605851520999999948e+00
4.732488045000000199e+01 6.074559270203961914e-01 1.647402725999999928e+00
4.706947007000000127e+01 4.450223226499133156e-01 1.596330263000000027e+00
4.713828053999999668e+01 4.257126371499018735e-01 1.528704102999999925e+00
4.741208066000000088e+01 4.538365809688537644e-01 1.495310643999999911e+00
4.762845870000000303e+01 3.625377853532561478e-01 1.471892227000000108e+00
4.778211924000000010e+01 2.848220383467636729e-01 1.470416382000000022e+00
4.788112548000000146e+01 2.116055420644590013e-01 1.481245149999999899e+00
4.786492687999999873e+01 2.966564553701565576e-01 1.501294568999999912e+00
4.782157672999999676e+01 3.196750776719533005e-01 1.504442002000000000e+00
4.782043500999999708e+01 3.192366307828966576e-01 1.502307505999999959e+00
4.786216625000000136e+01 2.971330723755622460e-01 1.496429229999999944e+00
4.788042867000000058e+01 2.130654965757776687e-01 1.482772653999999912e+00
4.778375587000000024e+01 2.849725322783206449e-01 1.473661859999999990e+00
4.762953567999999649e+01 3.634724462754578833e-01 1.474040261999999935e+00
4.741139920999999902e+01 4.539393496324763411e-01 1.495244623999999911e+00
4.713688654999999983e+01 4.238764611280985695e-01 1.527695436999999989e+00
4.706973509000000178e+01 4.463921268098640649e-01 1.598654738000000020e+00
4.728011112000000082e+01 2.350271372918310842e-01 1.471293133999999947e+00
4.710035331000000269e+01 4.498341070644543693e-01 1.547986979999999901e+00
4.707041983999999957e+01 3.563834134618807381e-01 1.527972392999999984e+00
4.729607967999999829e+01 4.749118929528405864e-01 1.502940418999999972e+00
4.752827577000000048e+01 4.428279902889073472e-01 1.485476747999999958e+00
4.772194650000000138e+01 3.726594237753232952e-01 1.480068667999999921e+00
4.786584110999999808e+01 2.956104157348559136e-01 1.481239312999999891e+00
4.794444438000000019e+01 2.145085667875781532e-01 1.490426472000000002e+00
4.792453943999999666e+01 2.541899950281312215e-01 1.506494044999999948e+00
4.792341365000000053e+01 2.539691494501419844e-01 1.504720164999999943e+00
4.794430045000000007e+01 2.154407081776443800e-01 1.491851357999999905e+00
4.786756586999999996e+01 2.953291993984976105e-01 1.482368566000000110e+00
4.772376615000000299e+01 3.727085653692250866e-01 1.480770617999999983e+00
4.752981684000000229e+01 4.432607344894320955e-01 1.485845998000000057e+00
4.729697382999999888e+01 4.753718131862749163e-01 1.501956156999999958e+00
4.707085170999999946e+01 3.560488044255103457e-01 1.522592136000000096e+00
4.710105501999999689e+01 4.495032619304701327e-01 1.546173508999999946e+00
4.717608742000000177e+01 1.222257221547537465e-01 1.475622066999999982e+00
4.706348151000000257e+01 3.229660901674445417e-01 1.518830829000000104e+00
4.702508152000000052e+01 3.018943271969452002e-01 1.525685670999999966e+00
4.722101891999999879e+01 4.582367482109842016e-01 1.509221391000000079e+00
4.745604526000000334e+01 4.562004164765903758e-01 1.494074273000000064e+00
4.766489900999999918e+01 3.950911725830434373e-01 1.485987846000000001e+00
4.782340045000000117e+01 3.189126196240647526e-01 1.483799630999999897e+00
4.792617259000000018e+01 2.533310559133557516e-01 1.484476965999999898e+00
4.797176938999999862e+01 2.105745067338365695e-01 1.496498423000000022e+00
4.797181600999999773e+01 2.116241256960078310e-01 1.498889684000000111e+00
4.792729207000000002e+01 2.531031380568353195e-01 1.483868501999999978e+00
4.782491777999999982e+01 3.185475603760140606e-01 1.482755347999999973e+00
4.766661959999999709e+01 3.949373426639950502e-01 1.485005611999999919e+00
4.745770792999999799e+01 4.563777749698495478e-01 1.493104755000000061e+00
4.722243638999999860e+01 4.586074634994431465e-01 1.507045583000000022e+00
4.702629599000000127e+01 3.023019196876791659e-01 1.519284123999999903e+00
4.706412998999999786e+01 3.206572476065197574e-01 1.517742174999999971e+00
4.695002558000000192e+01 1.041094816199945816e+00 1.577164599000000056e+00
4.692720027000000016e+01 1.038053521904774179e+00 1.575774457999999933e+00
4.685789634000000348e+01 1.003374357377603276e+00 1.577195184000000028e+00
4.678027827999999744e+01 5.905129988693552656e-01 1.629827075999999986e+00
4.699885370999999878e+01 6.737516729603809651e-01 1.682917031999999979e+00
4.732462970000000269e+01 6.095186982765827821e-01 1.631685889999999972e+00
4.733327313000000203e+01 1.985254542885195317e-01 1.483708140999999925e+00
4.723334257999999863e+01 1.631329552594447674e-01 1.484205969000000014e+00
4.714473061999999715e+01 8.503222465316871703e-02 1.478616275000000035e+00
4.714327130000000210e+01 8.118411753597330749e-02 1.469810419999999951e+00
4.722960666000000174e+01 1.607989700739118899e-01 1.464006562000000011e+00
4.732835012999999691e+01 1.976093318098528784e-01 1.461836775999999949e+00
4.732599468000000087e+01 6.091073398501585245e-01 1.655024505999999951e+00
4.700023387000000241e+01 6.734750390710687595e-01 1.709874660999999962e+00
4.678082520000000244e+01 5.872707843765869740e-01 1.644782468999999914e+00
4.685767363000000074e+01 1.002577889036172065e+00 1.580625396000000071e+00
4.692689917999999949e+01 1.037656845677385586e+00 1.576674705999999926e+00
4.692645530000000065e+01 1.037735130137189543e+00 1.576835274000000009e+00
4.690880167000000256e+01 1.029538956989508813e+00 1.575421492000000034e+00
4.685841740000000044e+01 9.702997444498784319e-01 1.577225652999999950e+00
4.681720903000000078e+01 6.132074094357559124e-01 1.608950211000000019e+00
4.692377610999999860e+01 2.846894800713850038e-01 1.633464118000000020e+00
4.706826166999999828e+01 4.443782472918360038e-01 1.581519909000000057e+00
4.716561835000000258e+01 5.081576111084292746e-01 1.557656224000000034e+00
4.717036179000000118e+01 3.237006275560769808e-01 1.518439901000000036e+00
4.710289387000000261e+01 1.547163779000090278e-01 1.495219657999999896e+00
4.710214068999999881e+01 1.517230693547230724e-01 1.495346649000000028e+00
4.716960514000000160e+01 3.170591165517608334e-01 1.526422058999999942e+00
4.716765343000000144e+01 5.098997526548085801e-01 1.584393135000000008e+00
4.706997522000000345e+01 4.479664495103268806e-01 1.607092135000000033e+00
4.692449831999999788e+01 2.879784381756858580e-01 1.658321654000000089e+00
4.681708746999999704e+01 6.116574736175124372e-01 1.621548833000000078e+00
4.685796545000000179e+01 9.694752764634205766e-01 1.581032050999999994e+00
4.690840062000000188e+01 1.029066450947793587e+00 1.576562524999999937e+00
4.685574276999999910e+01 1.002701752802755530e+00 1.581680197999999926e+00
4.685692257000000183e+01 9.703314398309488276e-01 1.579609942999999905e+00
4.687874180000000024e+01 8.126888341934912496e-01 1.581123569000000062e+00
4.695699195000000259e+01 5.867827179812157290e-01 1.575548815999999963e+00
4.705593844999999931e+01 4.687601232660612571e-01 1.541917251999999960e+00
4.713928128999999956e+01 4.270327693817854153e-01 1.515305018000000059e+00
4.721447366999999673e+01 4.022850819979644776e-01 1.513284982000000056e+00
4.721963570999999860e+01 3.819089575437263351e-01 1.507746910000000051e+00
4.717899936999999966e+01 3.599837117730020908e-01 1.502447635000000004e+00
4.717868954000000059e+01 3.597914367595675400e-01 1.506326320999999968e+00
4.721961445000000168e+01 3.822301883602261530e-01 1.523602577999999985e+00
4.721539400000000342e+01 4.023694968229655222e-01 1.540427565999999970e+00
4.713901987999999932e+01 4.268318034368193681e-01 1.537062428999999897e+00
4.705449904999999688e+01 4.679854707162204863e-01 1.557672197000000036e+00
4.695532224000000099e+01 5.860223338615763167e-01 1.587542546999999971e+00
4.687758919000000191e+01 8.120626895085559793e-01 1.588555608000000063e+00
4.685633085999999992e+01 9.695404158938756289e-01 1.582876335999999995e+00
4.677659518000000105e+01 5.819416383984068464e-01 1.647318853000000027e+00
4.681370028999999988e+01 6.105810922084985437e-01 1.614586218999999989e+00
4.695518511000000217e+01 5.861956706916713333e-01 1.578105662000000020e+00
4.713919339000000264e+01 5.570676774899946393e-01 1.538539467999999966e+00
4.729182523000000060e+01 4.997293523106274837e-01 1.504062304999999933e+00
4.741419953999999848e+01 4.541837378203301689e-01 1.490848782000000039e+00
4.750090838999999932e+01 4.310407320673631526e-01 1.495405561999999966e+00
4.745772360000000134e+01 4.373875254600733675e-01 1.498046828999999969e+00
4.739924670999999989e+01 4.287958754076076628e-01 1.500062271000000003e+00
4.739869473000000255e+01 4.283625400977201236e-01 1.500742269000000073e+00
4.745673127999999963e+01 4.365749825534550599e-01 1.502276742000000054e+00
4.750192235000000096e+01 4.315457009351322815e-01 1.515611759000000003e+00
4.741296407000000102e+01 4.543482596847102095e-01 1.502337715999999990e+00
4.728898439000000309e+01 4.993038552909599970e-01 1.512207874000000007e+00
4.713590700999999683e+01 5.555313349922775812e-01 1.548142619000000053e+00
4.695292390000000182e+01 5.839825048311465538e-01 1.592513666999999966e+00
4.681307354999999859e+01 6.072416640718207859e-01 1.630432314000000105e+00
4.699893098999999808e+01 6.785063439384217965e-01 1.704945372000000070e+00
4.692217148999999665e+01 2.946133184984573994e-01 1.642316128000000042e+00
4.705386803999999756e+01 4.682284526543824543e-01 1.551086731000000052e+00
4.729100855000000081e+01 4.998801386069108288e-01 1.512233640999999906e+00
4.748289379999999937e+01 4.276587453406391348e-01 1.488287211999999915e+00
4.763083041000000151e+01 3.621852330050674418e-01 1.482402296000000064e+00
4.774124611999999956e+01 2.346381724775903899e-01 1.489465679999999903e+00
4.768469170000000190e+01 3.792370217772355612e-01 1.495816462000000069e+00
4.762884415999999987e+01 3.937625467547448688e-01 1.499480337999999913e+00
4.762802011000000135e+01 3.931785703795958598e-01 1.497969837000000082e+00
4.768251135999999946e+01 3.774507954112886754e-01 1.491208536999999890e+00
4.773598178999999675e+01 2.324616850702113935e-01 1.472302505999999900e+00
4.762770285999999942e+01 3.610816535084924728e-01 1.481273682999999952e+00
4.747868593999999831e+01 4.271207148783697782e-01 1.487691327999999924e+00
4.728638260999999687e+01 4.978982774775255193e-01 1.514557530000000041e+00
4.705064520999999900e+01 4.643911553747482324e-01 1.562947239999999960e+00
4.692211303999999927e+01 2.963100279856907271e-01 1.666668370000000010e+00
4.732499701999999786e+01 6.080182874333206478e-01 1.652662317000000103e+00
4.706962956999999648e+01 4.448080276272830536e-01 1.598437386000000071e+00
4.713912619999999976e+01 4.264090304526774733e-01 1.534867788999999982e+00
4.741397771999999833e+01 4.545411492703728129e-01 1.509289397000000088e+00
4.763097044999999952e+01 3.625067824614313095e-01 1.489872450000000015e+00
4.778441514000000012e+01 2.845429841302288265e-01 1.488322774000000015e+00
4.788300729000000189e+01 2.120174144921509463e-01 1.500518285000000063e+00
4.786497800000000069e+01 2.974401219557469278e-01 1.501429413999999962e+00
4.782157718999999929e+01 3.197041260825521092e-01 1.503406164999999906e+00
4.782053738999999837e+01 3.190400522192198274e-01 1.501102147000000109e+00
4.786211269999999729e+01 2.958889960110694384e-01 1.494387831999999916e+00
4.787771869000000180e+01 2.123165163523074717e-01 1.485907386999999913e+00
4.778051201000000248e+01 2.847219075795904830e-01 1.482439609000000047e+00
4.762610724999999690e+01 3.629914882964669354e-01 1.483917908000000008e+00
4.740874254999999948e+01 4.527881970206720230e-01 1.503510153999999988e+00
4.713561923000000320e+01 4.227629316136419790e-01 1.533552457999999952e+00
4.706969417999999905e+01 4.470082967635377602e-01 1.603584950999999981e+00
4.733626792999999822e+01 1.987236540381104311e-01 1.469356287000000094e+00
4.716769561000000266e+01 5.007339054710800985e-01 1.584356829999999938e+00
4.721662528000000236e+01 4.012299082599455335e-01 1.538058622999999958e+00
4.750246132000000188e+01 4.307689162649976367e-01 1.518088206999999912e+00
4.774241569000000140e+01 2.310165394089377378e-01 1.469368003999999894e+00
4.788338590000000039e+01 2.110398075332877432e-01 1.480222020000000027e+00
4.799450199999999711e+01 1.734263200575815178e-01 1.491290441000000078e+00
4.799382781999999992e+01 2.201715097815028221e-01 1.508572873000000092e+00
4.796166365999999925e+01 2.412515279861500994e-01 1.510029915000000056e+00
4.796049863999999729e+01 2.405731383701201764e-01 1.507848832999999944e+00
4.799098988000000077e+01 2.197736965342391158e-01 1.503122070000000088e+00
4.799111755999999929e+01 1.753599390709259520e-01 1.499543480000000040e+00
4.788338240000000212e+01 2.114987802298585740e-01 1.483136102000000012e+00
4.774203514999999953e+01 2.379121244359824749e-01 1.475049403999999953e+00
4.749886273999999986e+01 4.298894553980461275e-01 1.509354741000000111e+00
4.721422516999999885e+01 3.989728467684742763e-01 1.526972854999999907e+00
4.716786945999999858e+01 5.027652505138178185e-01 1.570549503000000069e+00
4.723372243000000026e+01 1.653932095725571816e-01 1.476895813000000057e+00
4.717062839999999824e+01 3.139279786013284279e-01 1.531238764999999891e+00
4.722309570000000178e+01 3.817340024546083677e-01 1.519111105999999989e+00
4.746068938999999887e+01 4.364267922040515058e-01 1.495431269000000007e+00
4.768676554000000323e+01 3.778078365020259843e-01 1.481559529999999958e+00
4.786618951999999894e+01 2.960402065187560106e-01 1.481551990000000041e+00
4.799443209999999738e+01 2.190481842623590025e-01 1.487759481000000106e+00
4.806234039000000280e+01 1.491666613259211016e-01 1.501195875000000068e+00
4.804916391999999803e+01 1.780770458615693053e-01 1.515948641999999902e+00
4.804803677000000306e+01 1.776528744078883504e-01 1.514428553999999982e+00
4.806235733999999837e+01 1.498743700484340691e-01 1.502843154000000014e+00
4.799611964000000341e+01 2.190394635527139200e-01 1.489630538999999976e+00
4.786789638999999852e+01 2.960834125108425252e-01 1.482950207000000020e+00
4.768822535999999701e+01 3.783164704896321284e-01 1.482176380999999932e+00
4.746142193000000020e+01 4.367244179922779579e-01 1.493574077999999972e+00
4.722337332000000032e+01 3.806119454435584748e-01 1.511206108000000103e+00
4.717167891999999796e+01 3.132079581484239483e-01 1.525909643999999954e+00
4.714368409000000071e+01 8.482592201877713067e-02 1.481937354000000040e+00
4.710322986999999983e+01 1.489162853747950932e-01 1.503117062000000059e+00
4.718278779999999983e+01 3.604693497193949270e-01 1.504001405999999985e+00
4.740265045999999671e+01 4.280740709404196043e-01 1.492380017999999975e+00
4.763155326999999772e+01 3.928648092735445019e-01 1.484955658000000067e+00
4.782365653000000094e+01 3.188373489139526562e-01 1.484107542000000057e+00
4.796328301999999866e+01 2.404550383212576969e-01 1.487702749000000102e+00
4.805049094999999681e+01 1.772001045734244162e-01 1.492577905999999954e+00
4.808761941000000206e+01 1.369900668336849203e-01 1.507360926999999906e+00
4.808781556000000279e+01 1.377620171246994873e-01 1.510092414999999910e+00
4.805152103000000352e+01 1.770988620915830702e-01 1.492393719999999924e+00
4.796458804000000242e+01 2.400735741203559315e-01 1.487145096999999971e+00
4.782513684999999981e+01 3.185282667927880618e-01 1.483447842999999988e+00
4.763303290000000345e+01 3.927443458869093740e-01 1.484061779999999997e+00
4.740399725000000331e+01 4.280195145980440485e-01 1.490319466999999953e+00
4.718408097999999740e+01 3.601406548351201997e-01 1.498432033999999913e+00
4.710430965999999842e+01 1.475407063072211589e-01 1.500174047000000010e+00
4.645424272999999715e+01 4.133270258085471327e-01 1.827353325999999889e+00
4.651075026000000179e+01 6.441376949756484338e-01 1.805804226000000012e+00
4.670809489999999897e+01 7.847544543731883593e-01 1.742087340000000095e+00
4.699951235999999710e+01 7.226230919457050650e-01 1.678930811000000078e+00
4.730069048000000009e+01 5.787938975673373454e-01 1.625303546999999904e+00
4.727679945999999944e+01 2.348178113043538906e-01 1.466468592000000015e+00
4.722997664999999756e+01 1.653143663152511489e-01 1.483084877000000024e+00
4.720303221999999721e+01 8.590582196878944476e-02 1.492023692999999929e+00
4.714957287000000008e+01 8.318750415823135402e-02 1.489236242000000043e+00
4.714717062999999797e+01 7.797985883219672731e-02 1.468946062999999969e+00
4.719905643999999967e+01 8.497067515474095167e-02 1.463117677999999922e+00
4.722614835000000255e+01 1.629959054882262337e-01 1.461461389999999971e+00
4.727357646000000102e+01 2.324634870909273454e-01 1.452889898000000013e+00
4.730126025999999939e+01 5.726640725626758188e-01 1.643311358999999916e+00
4.700026052999999848e+01 7.220476629348729913e-01 1.705201935000000057e+00
4.670859820999999812e+01 7.841960249687430773e-01 1.767755999000000022e+00
4.651098440999999895e+01 6.439193686078085177e-01 1.821951533000000012e+00
4.651113235999999773e+01 6.456742267479990138e-01 1.814815201000000044e+00
4.655674058999999687e+01 6.729203892198306614e-01 1.787457679999999938e+00
4.670252701999999800e+01 6.196773886502098261e-01 1.729370137000000085e+00
4.689910537000000090e+01 4.962259539080636217e-01 1.663759970000000088e+00
4.704295777000000101e+01 4.800937144824887204e-01 1.591748613999999895e+00
4.709991380000000305e+01 4.491642715833117361e-01 1.531080793999999967e+00
4.716912736999999822e+01 3.112707075211812446e-01 1.514815881000000086e+00
4.725739028000000275e+01 1.695864884220655844e-01 1.491004052000000080e+00
4.717485883999999885e+01 1.618150955612354114e-01 1.493064598999999992e+00
4.717318322999999936e+01 1.603016495808012865e-01 1.484016549999999990e+00
4.725328929999999872e+01 1.697498239710545087e-01 1.462935866999999890e+00
4.716986902000000015e+01 3.061389993674663579e-01 1.523627241000000021e+00
4.710143706000000208e+01 4.490029888775774469e-01 1.545207677000000057e+00
4.704436693000000247e+01 4.819188147400697009e-01 1.610741253000000039e+00
4.690001714000000277e+01 4.972674342375853485e-01 1.687816624000000099e+00
4.670321749000000011e+01 6.197810760693582832e-01 1.754234617000000052e+00
4.655721716000000043e+01 6.727526648094449557e-01 1.803886209000000074e+00
4.670899230999999929e+01 7.846618844052599684e-01 1.758265329000000099e+00
4.670285674000000142e+01 6.199363404589682824e-01 1.735941919000000055e+00
4.673855952000000258e+01 2.948644539587650937e-01 1.684114120999999908e+00
4.683238170999999994e+01 1.641460645377712246e-01 1.616851827000000075e+00
4.693884074999999712e+01 2.439240341802676459e-01 1.553519386999999918e+00
4.707105444999999833e+01 3.571728303278513539e-01 1.517332799000000065e+00
4.722260499000000067e+01 3.822020039757240695e-01 1.505062708999999943e+00
4.733377785999999787e+01 3.217855278162365384e-01 1.501017634999999961e+00
4.731075020000000109e+01 3.409928228964562158e-01 1.489701758999999903e+00
4.731057380000000023e+01 3.412568127982549271e-01 1.493133317999999932e+00
4.733572135000000003e+01 3.222267804070387820e-01 1.529508273000000029e+00
4.722296862999999689e+01 3.820105735831019755e-01 1.523918096000000055e+00
4.707053546000000210e+01 3.556919352188812611e-01 1.534273562000000091e+00
4.693790646000000066e+01 2.414207172931309431e-01 1.570391477000000036e+00
4.683160448999999659e+01 1.624218586225846250e-01 1.636492594999999994e+00
4.673847915999999714e+01 2.949609311545435819e-01 1.707143834000000027e+00
4.670322917000000018e+01 6.199732142913582100e-01 1.752808115000000111e+00
4.700015209000000027e+01 7.208928252738365794e-01 1.699265102000000027e+00
4.689897924999999645e+01 4.955348863068491094e-01 1.674299675999999959e+00
4.683179274999999819e+01 1.635942814932588862e-01 1.620524826999999890e+00
4.694255167000000029e+01 3.767740906639484022e-01 1.564370977000000051e+00
4.711500609000000139e+01 4.665769339938239946e-01 1.524628936999999906e+00
4.729769570999999928e+01 4.752452961701716938e-01 1.503884691999999967e+00
4.746143590999999873e+01 4.370227472632424726e-01 1.495227254000000006e+00
4.757287056999999919e+01 3.784453740501597108e-01 1.493456659000000020e+00
4.753140708000000103e+01 3.744627056276444987e-01 1.490894552999999956e+00
4.753096596000000318e+01 3.738016915047353006e-01 1.490957934000000096e+00
4.757477295000000339e+01 3.790995206464765066e-01 1.515502246000000053e+00
4.746046248999999762e+01 4.362330214183886001e-01 1.502364154999999979e+00
4.729577941000000152e+01 4.745193340168675222e-01 1.510952690000000098e+00
4.711243702000000155e+01 4.651386466968764899e-01 1.532792769000000055e+00
4.694007813999999712e+01 3.739985082364148394e-01 1.576247245000000019e+00
4.683066389999999757e+01 1.612312119395726273e-01 1.639315984000000004e+00
4.689922535000000181e+01 4.960411560860844005e-01 1.690581853000000079e+00
4.729993214999999651e+01 5.681544203007843352e-01 1.646637939999999967e+00
4.704237968999999708e+01 4.795699231915065974e-01 1.606980008000000071e+00
4.693840624999999989e+01 2.444717386970408080e-01 1.562733270000000063e+00
4.711490677999999832e+01 4.669379466227026598e-01 1.529861952999999941e+00
4.733255436000000316e+01 4.860698463510891854e-01 1.506508873000000026e+00
4.753028811000000076e+01 4.429178275982727508e-01 1.495703234000000048e+00
4.768817856999999805e+01 3.780611596293482202e-01 1.493530558000000008e+00
4.778483209000000187e+01 2.719328692949737336e-01 1.497983842000000010e+00
4.774825282999999843e+01 3.298865316061168618e-01 1.496508600999999938e+00
4.774735603999999967e+01 3.287557479353558354e-01 1.493695186000000064e+00
4.778041436000000175e+01 2.715148269460310737e-01 1.479814152999999965e+00
4.768581111999999678e+01 3.763455503627303189e-01 1.490937055999999927e+00
4.752748217999999980e+01 4.423238845216508897e-01 1.495481368000000089e+00
4.732918097000000301e+01 4.851963214514527500e-01 1.507461414000000000e+00
4.711151107999999965e+01 4.648808340628058366e-01 1.533085247000000040e+00
4.693637103999999738e+01 2.408413189784653907e-01 1.571397380999999926e+00
4.704257738999999816e+01 4.810138196154482570e-01 1.617640334000000069e+00
4.728074340999999947e+01 2.354753247130212390e-01 1.458588025000000066e+00
4.710083713000000216e+01 4.492476246002440887e-01 1.550846477999999973e+00
4.707178952000000294e+01 3.574522418050051775e-01 1.533240812000000064e+00
4.729817929000000021e+01 4.756214203060934453e-01 1.514080250999999988e+00
4.753063541000000214e+01 4.430161683258611593e-01 1.499770460999999999e+00
4.772417226000000312e+01 3.725791600060872066e-01 1.496209053999999927e+00
4.786789637999999769e+01 2.959559566233698202e-01 1.500054635999999997e+00
4.794633471000000213e+01 2.149461865557642515e-01 1.508220408999999984e+00
4.792464355999999981e+01 2.546278273085386123e-01 1.505866420000000039e+00
4.792335870000000142e+01 2.532292473590174731e-01 1.502191441999999988e+00
4.794181110000000245e+01 2.148160277574844568e-01 1.494079538999999901e+00
4.786477642999999915e+01 2.945019856141497527e-01 1.494261512000000014e+00
4.772095821999999998e+01 3.723532602440717265e-01 1.492700635000000053e+00
4.752694389999999913e+01 4.426178830935165176e-01 1.496479246000000041e+00
4.729440575000000280e+01 4.741785919720460929e-01 1.510563735999999935e+00
4.706914506999999759e+01 3.543759188537256577e-01 1.529358969000000013e+00
4.710080674999999673e+01 4.514537710250748348e-01 1.547314338999999928e+00
4.723407157999999839e+01 1.653413420716331184e-01 1.470548296999999893e+00
4.717150662000000239e+01 3.133275693189729316e-01 1.536723658999999964e+00
4.722442878999999749e+01 3.821328848633736008e-01 1.526715759000000006e+00
4.746268232999999981e+01 4.370196848881476304e-01 1.509225832999999906e+00
4.768898924999999878e+01 3.777772508560111597e-01 1.498732412999999930e+00
4.786823833999999778e+01 2.955790007812416631e-01 1.499760505000000022e+00
4.799643835999999908e+01 2.191591059170083788e-01 1.508013596000000067e+00
4.806438739000000027e+01 1.495622868862350741e-01 1.519540450000000043e+00
4.804934558000000067e+01 1.785842099368686320e-01 1.516460794999999973e+00
4.804782267000000218e+01 1.769939177168789457e-01 1.513274581999999979e+00
4.805978016000000252e+01 1.495359405671930764e-01 1.508923910999999896e+00
4.799336186000000026e+01 2.187849901495262650e-01 1.503351550000000092e+00
4.786519819000000098e+01 2.964850988013556510e-01 1.496237950000000039e+00
4.768536591000000158e+01 3.782127772323765624e-01 1.493913859999999927e+00
4.745883709999999667e+01 4.359288372857473837e-01 1.501500086000000067e+00
4.722161409000000276e+01 3.799773601531862832e-01 1.514256480000000016e+00
4.717094591000000037e+01 3.151527591198361455e-01 1.518471697000000065e+00
4.720596602999999902e+01 8.579328951815309856e-02 1.477756469000000017e+00
4.726032488999999970e+01 1.707331821128602323e-01 1.475948143000000101e+00
4.733711750999999879e+01 3.220141565608870549e-01 1.526016175000000086e+00
4.757597990000000010e+01 3.777306089730117500e-01 1.512120751000000096e+00
4.778596309999999647e+01 2.703744973430547427e-01 1.479693179000000081e+00
4.794678598000000136e+01 2.140185694934027272e-01 1.489635274000000065e+00
4.806431754999999839e+01 1.489245110633767577e-01 1.500468562000000006e+00
4.813626457000000158e+01 8.869043900599059282e-02 1.508817352999999972e+00
4.812520097000000163e+01 1.176400282811547043e-01 1.524805044000000054e+00
4.812369111999999660e+01 1.161670056007881452e-01 1.522833333999999983e+00
4.813372993000000122e+01 8.990075850605701302e-02 1.520435097000000013e+00
4.806442518000000064e+01 1.489946334752537960e-01 1.502886074999999932e+00
4.794683727999999689e+01 2.142346110887464183e-01 1.491766233999999969e+00
4.778585858999999658e+01 2.709428136075045512e-01 1.482284248000000026e+00
4.757355769000000123e+01 3.770588470313021578e-01 1.503316735999999931e+00
4.733556578000000314e+01 3.207084993582665633e-01 1.511430948999999968e+00
4.726008378000000221e+01 1.705128370889633649e-01 1.476328558999999929e+00
4.715064568999999750e+01 8.600520536308069175e-02 1.483961212000000085e+00
4.717696176999999835e+01 1.658231388001060180e-01 1.492853229000000059e+00
4.731502843999999897e+01 3.412098141372319482e-01 1.489544401999999934e+00
4.753512574999999885e+01 3.735015206651287611e-01 1.482167551000000083e+00
4.775110980000000183e+01 3.286249669520099337e-01 1.480657278000000021e+00
4.792670308999999662e+01 2.533541307513240692e-01 1.485145434000000098e+00
4.805080367000000052e+01 1.773729061163958898e-01 1.492833375000000018e+00
4.812626362999999685e+01 1.163430874712492180e-01 1.500456113000000036e+00
4.815740962000000280e+01 7.440472057826587327e-02 1.516547244999999933e+00
4.815756876999999747e+01 7.525816055119757819e-02 1.520685065999999974e+00
4.812719349999999707e+01 1.166993137554656196e-01 1.500687236000000091e+00
4.805181302999999815e+01 1.772211290706777187e-01 1.492763947999999896e+00
4.792779002999999705e+01 2.531531863291529016e-01 1.484913311999999985e+00
4.775217392999999788e+01 3.284988919528207818e-01 1.480124811000000040e+00
4.753607822000000027e+01 3.733206100515717996e-01 1.480685648999999993e+00
4.731595842000000118e+01 3.405729415753377953e-01 1.485641243999999972e+00
4.717790752999999881e+01 1.659907462521928723e-01 1.491036736000000085e+00
4.703437609000000208e+01 8.561134672085762842e-01 1.685989589999999927e+00
4.707098816999999968e+01 7.995765727858246130e-01 1.670664439000000057e+00
4.718032524000000194e+01 6.607717893387147212e-01 1.639159236000000019e+00
4.734542755999999741e+01 4.820898341629714090e-01 1.597343603999999972e+00
4.725758920999999901e+01 1.879129383003861897e-01 1.445837894000000068e+00
4.717304773000000040e+01 1.235608360445580173e-01 1.462941502999999921e+00
4.713988721999999854e+01 8.578884404826286891e-02 1.477032619000000047e+00
4.714663687000000181e+01 8.813006284210041230e-02 1.489453570000000004e+00
4.715435869000000224e+01 2.298637577390284445e-02 1.496500637000000022e+00
4.715103653999999977e+01 2.269059797089333780e-02 1.464097034999999991e+00
4.714414650999999878e+01 8.291384383509770029e-02 1.468573866999999922e+00
4.713835914999999943e+01 8.174330771279912644e-02 1.467399845000000091e+00
4.717195290000000085e+01 1.215341874826775387e-01 1.457973096999999996e+00
4.725655966000000063e+01 1.862289739614296225e-01 1.441891932000000098e+00
4.734484890000000235e+01 4.675656564273052984e-01 1.602190106999999974e+00
4.718037807000000328e+01 6.603800199566259854e-01 1.654519988999999969e+00
4.707097911000000323e+01 7.994075085434519945e-01 1.680182365000000067e+00
4.707112723000000187e+01 7.990895656177792183e-01 1.677295049999999899e+00
4.705674523999999792e+01 6.472175320285622480e-01 1.669238293000000040e+00
4.704969349000000278e+01 4.712250089459659730e-01 1.650721117000000016e+00
4.707113061999999815e+01 5.168166249763522790e-01 1.608613539999999897e+00
4.707136317999999875e+01 5.030470405984303062e-01 1.542874384000000099e+00
4.706353500000000167e+01 3.198990745794204060e-01 1.504615327000000002e+00
4.710197741999999721e+01 1.453380449437942645e-01 1.491990860000000030e+00
4.717506423999999754e+01 1.679557035792508812e-01 1.490960899999999922e+00
4.721974495999999988e+01 1.879509456010550472e-01 1.495620565000000068e+00
4.721634942000000024e+01 1.877862785534295809e-01 1.464452247999999956e+00
4.717446489000000298e+01 1.664230255762176314e-01 1.482262214999999994e+00
4.710263434000000160e+01 1.425714632345775335e-01 1.492399220000000026e+00
4.706479055999999872e+01 3.190675662087439357e-01 1.508019202999999919e+00
4.707272473999999818e+01 5.034502066049257873e-01 1.548536021999999956e+00
4.707221300999999869e+01 5.173365954313090542e-01 1.618291739000000007e+00
4.705059216000000077e+01 4.716064275623527702e-01 1.662691987999999954e+00
4.705737921000000057e+01 6.480622203193779907e-01 1.678092297000000066e+00
4.718037711000000201e+01 6.592092580090279652e-01 1.654109588000000075e+00
4.704939318000000270e+01 4.702909780351730018e-01 1.657957901999999928e+00
4.688780686999999858e+01 2.586473644495254631e-01 1.648417216999999990e+00
4.684344952000000006e+01 1.410786708347227802e-01 1.606568706000000013e+00
4.689691985000000329e+01 1.480951455729035415e-01 1.554807991999999972e+00
4.702557960000000037e+01 3.018318759920431971e-01 1.519680648000000023e+00
4.718262818000000181e+01 3.605879907469464185e-01 1.499482876999999936e+00
4.731416602000000182e+01 3.414368056498637283e-01 1.487273835999999960e+00
4.738201432999999696e+01 3.018531696668884101e-01 1.474871977000000056e+00
4.738354408000000006e+01 3.087300744627341498e-01 1.484483572999999890e+00
4.731433349999999649e+01 3.410688415460466638e-01 1.491583121999999983e+00
4.718260882999999950e+01 3.595453221094459528e-01 1.504588972000000080e+00
4.702547143999999690e+01 3.002851462551276440e-01 1.525556546000000013e+00
4.689687259000000097e+01 1.472333478782570648e-01 1.561374985000000049e+00
4.684362886000000259e+01 1.431202517664359464e-01 1.614412898000000096e+00
4.688839923999999826e+01 2.600669914664666127e-01 1.657672020999999996e+00
4.705016473999999960e+01 4.707890701403844025e-01 1.665698080000000081e+00
4.734371936000000147e+01 4.651993093708263194e-01 1.614581065999999954e+00
4.706955623999999716e+01 5.149925548238328821e-01 1.622136964000000070e+00
4.684290110999999968e+01 1.396606761477086900e-01 1.611408466999999956e+00
4.686457149999999672e+01 2.401131127730603554e-01 1.572877663000000092e+00
4.702327223999999717e+01 4.137892217603972300e-01 1.537012735000000019e+00
4.722202742000000342e+01 4.583592768081117819e-01 1.512559494000000004e+00
4.740304156999999918e+01 4.281984916206831859e-01 1.497315211000000090e+00
4.753484132999999900e+01 3.739529070428997404e-01 1.488754082000000034e+00
4.759938478000000117e+01 3.339141359747944127e-01 1.481399102999999995e+00
4.759851796000000235e+01 3.267048153889691164e-01 1.476873534999999960e+00
4.753437016000000170e+01 3.730819523768117985e-01 1.489422660000000009e+00
4.740226125000000224e+01 4.276073182431735509e-01 1.499070977999999998e+00
4.722090575000000001e+01 4.576614195567406673e-01 1.515072063999999941e+00
4.702196073999999726e+01 4.125865281794702244e-01 1.540405618000000088e+00
4.686351243000000011e+01 2.380158778216201476e-01 1.577817295000000009e+00
4.684273396999999761e+01 1.412148031466480824e-01 1.618379825000000105e+00
4.707011089000000226e+01 5.154051438583033828e-01 1.628505260000000066e+00
4.726000803000000161e+01 1.865851925515415455e-01 1.446898591999999928e+00
4.706975667999999757e+01 5.019318575179207986e-01 1.559396473999999921e+00
4.689674656999999769e+01 1.494551553591347837e-01 1.562147830000000015e+00
4.702338780000000185e+01 4.141794059746607970e-01 1.539789341000000089e+00
4.724151632000000234e+01 4.827345377008436245e-01 1.518425721000000062e+00
4.745740475000000202e+01 4.562495618520954199e-01 1.504334751000000026e+00
4.763234906000000279e+01 3.929438358748719717e-01 1.497283871000000044e+00
4.775132200000000182e+01 3.290845969358164869e-01 1.495009060999999972e+00
4.780758555999999970e+01 2.858000779411234982e-01 1.500122167000000006e+00
4.780420932999999906e+01 2.819637433797362869e-01 1.484655690000000083e+00
4.775021086000000281e+01 3.278616194639508152e-01 1.492527245000000002e+00
4.763110654999999838e+01 3.924504111714750554e-01 1.496594071999999942e+00
4.745584221000000014e+01 4.559052615777678397e-01 1.504411814000000014e+00
4.723970606000000316e+01 4.821531152310264967e-01 1.519065243000000009e+00
4.702167647000000272e+01 4.129084056379424550e-01 1.541229476000000043e+00
4.689586858999999919e+01 1.479016317068352904e-01 1.565005012999999945e+00
4.706999039000000096e+01 5.026189891051802139e-01 1.562381849999999961e+00
4.717634223999999676e+01 1.227700522745785172e-01 1.462874645999999945e+00
4.706390469000000110e+01 3.216434080126426287e-01 1.518519603999999967e+00
4.702629490999999717e+01 3.027641420960796026e-01 1.528093248000000015e+00
4.722260466000000179e+01 4.586809797512187425e-01 1.516996669000000075e+00
4.745774775000000290e+01 4.563155148743030520e-01 1.506087119000000030e+00
4.766648682000000292e+01 3.949781029830347623e-01 1.501358626999999890e+00
4.782472544000000170e+01 3.188214750524694385e-01 1.501945958000000081e+00
4.792728041000000161e+01 2.537735721366130570e-01 1.505156485000000099e+00
4.797363356999999695e+01 2.116548064708298760e-01 1.512046226000000049e+00
4.796974448999999652e+01 2.104837769580055196e-01 1.499000195000000035e+00
4.792569237000000015e+01 2.523292227195290671e-01 1.501658251000000055e+00
4.782322176000000269e+01 3.183369138555093847e-01 1.500226193999999902e+00
4.766476174000000299e+01 3.947715039550192540e-01 1.500203611000000103e+00
4.745581305999999699e+01 4.560170245398366684e-01 1.505058964999999915e+00
4.722070381999999711e+01 4.579546588538638829e-01 1.515855976000000105e+00
4.702497232999999710e+01 3.012264040183663671e-01 1.526474566000000088e+00
4.706382007999999928e+01 3.227850851449869385e-01 1.516752482000000013e+00
4.714391149000000070e+01 8.533798653575397353e-02 1.473243118999999934e+00
4.710403879999999788e+01 1.482930760294034478e-01 1.501911199000000030e+00
4.718406851000000302e+01 3.607372888458602600e-01 1.508388234000000105e+00
4.740412898000000297e+01 4.282261649489816913e-01 1.502621653000000057e+00
4.763308500000000123e+01 3.928213200394268800e-01 1.499872829999999935e+00
4.782507635999999707e+01 3.186671865086649902e-01 1.502754287999999994e+00
4.796450828999999771e+01 2.404129333995236872e-01 1.509305761000000023e+00
4.805165269999999822e+01 1.778734037680937130e-01 1.516491712000000103e+00
4.808966492999999787e+01 1.377310271658004071e-01 1.523617725999999895e+00
4.808553761000000293e+01 1.369680025147882174e-01 1.514262642999999908e+00
4.804978590999999710e+01 1.762048863890544881e-01 1.513388989000000073e+00
4.796290989999999965e+01 2.398989884677293072e-01 1.507516657999999898e+00
4.782336563999999868e+01 3.185025832232928344e-01 1.501200555000000048e+00
4.763122598999999724e+01 3.926301340819290941e-01 1.498024122999999985e+00
4.740228979999999837e+01 4.277424060613722046e-01 1.499968653999999901e+00
4.718262404000000032e+01 3.596963678288007116e-01 1.503857162000000081e+00
4.710364642999999774e+01 1.489112605171645787e-01 1.495281980999999982e+00
4.715079924999999861e+01 8.601954558047207600e-02 1.479136626000000065e+00
4.717775796000000099e+01 1.663487514208326912e-01 1.494861476000000078e+00
4.731608312000000183e+01 3.412686988871611593e-01 1.496650215000000061e+00
4.753631562999999716e+01 3.735973163846857958e-01 1.494413328999999901e+00
4.775233386000000024e+01 3.285840240924681743e-01 1.497402504999999939e+00
4.792784298000000121e+01 2.532307714146207478e-01 1.505455605000000086e+00
4.805183679000000296e+01 1.774394360504865376e-01 1.515865228000000009e+00
4.812739221999999728e+01 1.173387078317713189e-01 1.525459123999999944e+00
4.815953377999999674e+01 7.527388743538045157e-02 1.533111381000000106e+00
4.815529787999999911e+01 7.444439144048511925e-02 1.526679692000000088e+00
4.812548223999999664e+01 1.155343078348335661e-01 1.523478008000000106e+00
4.805032690000000173e+01 1.770095878656428312e-01 1.514572792999999917e+00
4.792630307000000300e+01 2.531379272507905398e-01 1.504022889999999890e+00
4.775068439999999725e+01 3.284353520900677448e-01 1.495288814000000022e+00
4.753467375999999689e+01 3.731612758375119632e-01 1.490979016000000046e+00
4.731473656000000005e+01 3.404053758643137417e-01 1.490564798999999940e+00
4.717721818999999783e+01 1.650491048529900695e-01 1.485691381000000089e+00
4.715732795000000266e+01 2.267116352049431544e-02 1.482367137000000001e+00
4.722264588000000174e+01 1.878775562658208387e-01 1.480902858000000100e+00
4.738671680000000208e+01 2.996505224226047592e-01 1.489965449999999914e+00
4.760396261000000351e+01 3.337332271524584004e-01 1.481092794999999906e+00
4.780943268000000046e+01 2.808308350964375810e-01 1.484295751000000108e+00
4.797443753000000299e+01 2.097879979064751488e-01 1.494471569000000111e+00
4.808985488999999802e+01 1.364912174713109883e-01 1.505616073999999971e+00
4.815934268000000174e+01 7.408946519984305201e-02 1.514306396000000055e+00
4.818933762000000343e+01 2.369985226206170956e-02 1.519585709000000007e+00
4.818717981999999722e+01 2.426733255238936598e-02 1.533099025999999920e+00
4.815930559000000244e+01 7.429010191521952244e-02 1.520202003000000079e+00
4.808987264000000295e+01 1.365790066955742676e-01 1.509182771999999950e+00
4.797444442999999836e+01 2.099217943787397289e-01 1.497551045000000025e+00
4.780938384000000241e+01 2.811944006083258452e-01 1.488103536999999976e+00
4.760311320999999651e+01 3.320278728871988716e-01 1.486222230000000089e+00
4.738610600999999889e+01 2.991690337356512908e-01 1.483974842000000072e+00
4.722255675000000252e+01 1.877581534525896434e-01 1.481121482000000045e+00
