5.282941513000000100e+01 0.000000000000000000e+00 1.566468567000000034e+00
5.271455691999999971e+01 3.496720846981919983e-01 1.565136252000000061e+00
5.236927010000000138e+01 6.730341444529882589e-01 1.556013995999999899e+00
5.182327413000000149e+01 9.426098328222156653e-01 1.543522188000000073e+00
5.112212239000000125e+01 1.131321642133807925e+00 1.532343843999999899e+00
5.032628833999999785e+01 1.224047456777510590e+00 1.529905518999999936e+00
4.949833946999999768e+01 1.230836966169917002e+00 1.546028356000000104e+00
4.868782339999999920e+01 1.174075989723026625e+00 1.589659362999999992e+00
4.795429693999999898e+01 9.298295971123058390e-01 1.673547823000000045e+00
5.271573571999999785e+01 3.494386921001795820e-01 1.446007502999999916e+00
5.251777186000000341e+01 6.538485317327435986e-01 1.507539903000000070e+00
5.212329950000000167e+01 9.299278424971363366e-01 1.526092207000000034e+00
5.157157327000000180e+01 1.132093007815241803e+00 1.529978022999999965e+00
5.089458049000000273e+01 1.239915068021173239e+00 1.528090841999999894e+00
5.014337264000000260e+01 1.252790719081848136e+00 1.530260973000000080e+00
4.937152136000000269e+01 1.197149197045169311e+00 1.548054223999999923e+00
4.861944895999999972e+01 1.105604644849949914e+00 1.590983980999999936e+00
4.794011227000000019e+01 8.574339021090313651e-01 1.671486503999999984e+00
5.237045866999999788e+01 6.728480155003457863e-01 1.436520314000000020e+00
5.212381961999999902e+01 9.299966545648398197e-01 1.479879036000000037e+00
5.164181699000000236e+01 1.152752334772632947e+00 1.504947860999999998e+00
5.104688931999999824e+01 1.287950489086262751e+00 1.516106995999999985e+00
5.038944956999999647e+01 1.309686541781584390e+00 1.521366777999999975e+00
4.971824847999999974e+01 1.222007076923903757e+00 1.529025971999999900e+00
4.906827839999999696e+01 1.074929515867621532e+00 1.549678450000000041e+00
4.845525379000000044e+01 9.220557646227723891e-01 1.590724084000000094e+00
4.791265852000000081e+01 6.707384210392416390e-01 1.661833826999999930e+00
5.182468716000000342e+01 9.421713826335144093e-01 1.424937314999999982e+00
5.157260902000000158e+01 1.131817632230241122e+00 1.457841575000000001e+00
5.104748716000000286e+01 1.287611815391966674e+00 1.487912388999999891e+00
5.043135518999999789e+01 1.330485449235000894e+00 1.503557977000000045e+00
4.980666217999999645e+01 1.254428558251968306e+00 1.511876202999999919e+00
4.922782400999999908e+01 1.088113009135628806e+00 1.522812856999999909e+00
4.871493577999999758e+01 8.848494963177475636e-01 1.546422933999999971e+00
4.826586572000000075e+01 6.802982507873348572e-01 1.585505799000000104e+00
4.789543680999999964e+01 4.332141950312713985e-01 1.644175955999999994e+00
5.112402265000000057e+01 1.130449945890967811e+00 1.417612906000000006e+00
5.089632759999999934e+01 1.239041440425785234e+00 1.442585559000000073e+00
5.039097150999999997e+01 1.308679073200582632e+00 1.473812896000000094e+00
4.980774917000000102e+01 1.253695420902976698e+00 1.491502152000000025e+00
4.925007706000000240e+01 1.102586500025931837e+00 1.501139424000000000e+00
4.876970618000000002e+01 9.059827000412856712e-01 1.515150631000000025e+00
4.838397930000000002e+01 6.793735408070490367e-01 1.541711080000000011e+00
4.809521511999999888e+01 4.277893317497973302e-01 1.577915332999999976e+00
4.789953357000000267e+01 2.023197947045468070e-01 1.620537326000000000e+00
5.032900101999999976e+01 1.222715383892587049e+00 1.423570408000000009e+00
5.014610680999999914e+01 1.251340828700290064e+00 1.441878838999999912e+00
4.972102502999999984e+01 1.220424646178210670e+00 1.470344998999999930e+00
4.923041410999999812e+01 1.086877026922121070e+00 1.488568174999999938e+00
4.877141885000000343e+01 9.054260039313551944e-01 1.499960372999999958e+00
4.838674303999999893e+01 7.082363529673643132e-01 1.515597655000000099e+00
4.810993931000000146e+01 4.688788398975495264e-01 1.541836396000000109e+00
4.796636403000000115e+01 1.936405828165706500e-01 1.571987135999999952e+00
4.792320137000000102e+01 5.210855711770624732e-02 1.593702731999999900e+00
4.950210200000000071e+01 1.229327910882348718e+00 1.452610874000000107e+00
4.937539251999999834e+01 1.195572323154388661e+00 1.465166648000000071e+00
4.907231701999999984e+01 1.073465632721663399e+00 1.487783104000000023e+00
4.871886509000000132e+01 8.839336414571467015e-01 1.504583551000000075e+00
4.838726952999999753e+01 6.790605572605340479e-01 1.516382587999999920e+00
4.811191347999999834e+01 4.692274836525062165e-01 1.530155509000000080e+00
4.793589376999999985e+01 2.184834198415119555e-01 1.551477567000000057e+00
4.791232269999999716e+01 6.304822215051567036e-02 1.567502683000000063e+00
4.796040250000000071e+01 7.668402425133193090e-02 1.564831416000000086e+00
4.869255754000000280e+01 1.173060467640237858e+00 1.511546848999999915e+00
4.862425823000000236e+01 1.104694021776484902e+00 1.518600015000000081e+00
4.846008814999999714e+01 9.216357438210285302e-01 1.531772941999999915e+00
4.827035363000000245e+01 6.806824441373183765e-01 1.541874036999999920e+00
4.809895371000000353e+01 4.289796630966555280e-01 1.548594094999999893e+00
4.796891037999999696e+01 1.957695869897957963e-01 1.555350291000000107e+00
4.791318912999999924e+01 6.277163557222778523e-02 1.561902842999999930e+00
4.795628742000000244e+01 1.188817504717895462e-01 1.551990921000000023e+00
4.799549978999999666e+01 4.953265087523889970e-02 1.540635648000000080e+00
4.795898969999999650e+01 9.322869628035316270e-01 1.612029318999999905e+00
4.794480377000000004e+01 8.597577798813834660e-01 1.612721150999999908e+00
4.791705470000000133e+01 6.733610831572575117e-01 1.611513194000000038e+00
4.789908982000000037e+01 4.359789169775817874e-01 1.605799108000000031e+00
4.790220750999999666e+01 2.044605831894354964e-01 1.594802929999999952e+00
4.792484910000000298e+01 5.124986404209427859e-02 1.579105801999999947e+00
4.796121104000000201e+01 7.595704971144648376e-02 1.558211385999999976e+00
4.799578936999999712e+01 4.921878291500121627e-02 1.538554181000000076e+00
4.801239112999999747e+01 1.580287550399815319e-02 1.526805632000000079e+00
5.271512630000000144e+01 3.495656632845874356e-01 1.564855874000000036e+00
5.251326961000000182e+01 6.534824997638480903e-01 1.563010379000000061e+00
5.211941868000000255e+01 9.297948136147103915e-01 1.556874544000000027e+00
5.156854596000000157e+01 1.132062604599400446e+00 1.546151408000000060e+00
5.089240586999999749e+01 1.239724534573063197e+00 1.535119957000000035e+00
5.014195810999999736e+01 1.252390819361734575e+00 1.532006038000000014e+00
4.937070819000000199e+01 1.196682388516817852e+00 1.547600928999999903e+00
4.861904322000000178e+01 1.105221471017583612e+00 1.590715085000000029e+00
4.793996360999999951e+01 8.570739291458788767e-01 1.672204162999999966e+00
4.794013504000000125e+01 8.575466576783524753e-01 1.665695807999999944e+00
4.861963473000000135e+01 1.105886797727974935e+00 1.585529570999999915e+00
4.937199183999999974e+01 1.197467260908692266e+00 1.544742271000000056e+00
5.014423069000000055e+01 1.253014223224514723e+00 1.531107991000000057e+00
5.089588236000000165e+01 1.239961152760985730e+00 1.535785638999999980e+00
5.157332359000000110e+01 1.132030786303708458e+00 1.548087356999999997e+00
5.212544800999999950e+01 9.299428281875299351e-01 1.559872174999999972e+00
5.252012235000000118e+01 6.539796277184364293e-01 1.566711216999999934e+00
5.251602951000000274e+01 6.537970006703183179e-01 1.507482027000000002e+00
5.232081276000000258e+01 8.498680525341526515e-01 1.527232581000000033e+00
5.190633506000000352e+01 1.079351891203962577e+00 1.537052721000000011e+00
5.135011331999999840e+01 1.238622409054755069e+00 1.536949558000000104e+00
5.069191838999999788e+01 1.294365806005346675e+00 1.532868826000000073e+00
4.998124752999999743e+01 1.245834472751277566e+00 1.533631001999999910e+00
4.926519481999999783e+01 1.132717367198974312e+00 1.550662272999999924e+00
4.857759603000000226e+01 9.993333842643878917e-01 1.592586512000000010e+00
4.798011089999999967e+01 7.199687431814075778e-01 1.665514434999999960e+00
4.798004738000000202e+01 7.200513575064479976e-01 1.659823953999999935e+00
4.857781271000000345e+01 9.999543933864242229e-01 1.587390123000000042e+00
4.926595266999999723e+01 1.133503091720923006e+00 1.547657088000000014e+00
4.998273420999999672e+01 1.246478850211295342e+00 1.532500167000000024e+00
5.069418911000000350e+01 1.294698205771055433e+00 1.533139379999999941e+00
5.135308229999999696e+01 1.238759689343319481e+00 1.538185861999999959e+00
5.190980107000000032e+01 1.079516119472201385e+00 1.538833759999999939e+00
5.232424522000000167e+01 8.499834842011250169e-01 1.528840095999999926e+00
5.212212274000000178e+01 9.301024328819404996e-01 1.480069582999999911e+00
5.190721917999999846e+01 1.079739423796165498e+00 1.499030190999999901e+00
5.144140743999999899e+01 1.253152594215378945e+00 1.516792276999999967e+00
5.085935534000000047e+01 1.344441222991491047e+00 1.525462228999999947e+00
5.022745407000000029e+01 1.312944703322767026e+00 1.529015114999999980e+00
4.960115730999999784e+01 1.159467905944674859e+00 1.535291463000000078e+00
4.901519156999999893e+01 9.444911845217662805e-01 1.554864749999999907e+00
4.848768505000000317e+01 7.456421436004637693e-01 1.593227103000000033e+00
4.808252351000000147e+01 6.130401389772104359e-01 1.645394299999999976e+00
4.808237977000000285e+01 6.129317915137224571e-01 1.641266464000000092e+00
4.848761009999999771e+01 7.460765889999689815e-01 1.588061350999999899e+00
4.901549967999999780e+01 9.452474480312608174e-01 1.551473550999999951e+00
4.960203066999999777e+01 1.160055832476124982e+00 1.533647600000000111e+00
5.022889301000000017e+01 1.313042241657388587e+00 1.528648232999999967e+00
5.086120499999999822e+01 1.344128909056583332e+00 1.525911216999999986e+00
5.144349023000000187e+01 1.252653039860871065e+00 1.517699235000000035e+00
5.190917668000000162e+01 1.079067045246045131e+00 1.499929397999999914e+00
5.157112707999999657e+01 1.132124104624601779e+00 1.458104814999999999e+00
5.135148172000000244e+01 1.238857965052593713e+00 1.476849167999999990e+00
5.085998061000000092e+01 1.344328446505982599e+00 1.500252037999999954e+00
5.027126487000000310e+01 1.343678536131191814e+00 1.514529140000000051e+00
4.968471339999999969e+01 1.206732365272248142e+00 1.522199719000000062e+00
4.916606894000000239e+01 9.590183097345169605e-01 1.532401216000000010e+00
4.874005471000000256e+01 6.839315696911394404e-01 1.554525329999999927e+00
4.841417986999999812e+01 5.681028545122240869e-01 1.587179815999999910e+00
4.821917222999999808e+01 7.616267082352083939e-01 1.616553007000000042e+00
4.821903721999999703e+01 7.616229956593935091e-01 1.614088414000000027e+00
4.841396275000000315e+01 5.682094029642897892e-01 1.582680770999999931e+00
4.874008354000000054e+01 6.845896582175914347e-01 1.550910838000000069e+00
4.916661661999999922e+01 9.596613738562179696e-01 1.530329904000000019e+00
4.968581366000000088e+01 1.206751253409949598e+00 1.521360704999999980e+00
5.027268306999999936e+01 1.343107569110273847e+00 1.514450416999999938e+00
5.086147849999999693e+01 1.343540339853273036e+00 1.500594143999999908e+00
5.135274825999999848e+01 1.237993563242562267e+00 1.477264866000000065e+00
5.089508522999999940e+01 1.239423549315740170e+00 1.442891721999999932e+00
5.069383135000000351e+01 1.294157144074330690e+00 1.460193465999999995e+00
5.022888772999999674e+01 1.312359557186744130e+00 1.486102250999999930e+00
4.968568643999999779e+01 1.206207502937121090e+00 1.503021971999999984e+00
4.918226594000000063e+01 9.793089197179341010e-01 1.513079864999999913e+00
4.878689118999999863e+01 6.934271355049279606e-01 1.527689496999999896e+00
4.852844658000000067e+01 5.340046100975038845e-01 1.551715871000000080e+00
4.840467913999999894e+01 7.383716224004635009e-01 1.574480475000000101e+00
4.837015592000000197e+01 9.613278975105995494e-01 1.585411925999999916e+00
4.837003168999999758e+01 9.613424174817406520e-01 1.584648834000000006e+00
4.840440609000000194e+01 7.383069523539218526e-01 1.572357242000000044e+00
4.852833154000000349e+01 5.342392580972532556e-01 1.549181579000000086e+00
4.878730812999999955e+01 6.941629880899656824e-01 1.525890911999999933e+00
4.918328285999999849e+01 9.794861004593086173e-01 1.512180990999999919e+00
4.968697856000000002e+01 1.205627513662304917e+00 1.502667106000000086e+00
5.023012434000000326e+01 1.311493280072252077e+00 1.486045910000000081e+00
5.069473096000000112e+01 1.293339131602412984e+00 1.460253218999999936e+00
5.014508909999999986e+01 1.251665864010696794e+00 1.442207011000000039e+00
4.998392894999999925e+01 1.245119182745832109e+00 1.456696326999999958e+00
4.960364870000000082e+01 1.158470261631397769e+00 1.481485705000000097e+00
4.916831097000000028e+01 9.582355962324420329e-01 1.499209322000000011e+00
4.878829883000000223e+01 6.932041558724344466e-01 1.511927213000000103e+00
4.853247289000000109e+01 5.382820695854234616e-01 1.529293620000000020e+00
4.844119527000000147e+01 7.662611565037074079e-01 1.548483877000000009e+00
4.847079251000000255e+01 1.016279542449226803e+00 1.556613456000000006e+00
4.851813982000000181e+01 1.116528657877751129e+00 1.557094758999999939e+00
4.851800906999999796e+01 1.116545207853602673e+00 1.558013738999999953e+00
4.847047953999999947e+01 1.016242476723467680e+00 1.558737833999999989e+00
4.844099898999999709e+01 7.660495060550359669e-01 1.550378795000000087e+00
4.853284563999999790e+01 5.387804458764201554e-01 1.530219529000000023e+00
4.878929452999999938e+01 6.937876938383822356e-01 1.512216404999999986e+00
4.916954557999999764e+01 9.579707452132211198e-01 1.499170853000000081e+00
4.960474806999999942e+01 1.157762457591635652e+00 1.481330269000000088e+00
4.998462861000000146e+01 1.244480709585029876e+00 1.456575151000000012e+00
4.937458913999999766e+01 1.195708462885812562e+00 1.465482928999999990e+00
4.926879007000000144e+01 1.131807546615949844e+00 1.476150770000000056e+00
4.901870380999999810e+01 9.436275950058796713e-01 1.496199641000000025e+00
4.874329483999999724e+01 6.833987688115277237e-01 1.511904125000000043e+00
4.853086497000000321e+01 5.331592554599204892e-01 1.523503913000000098e+00
4.844230212000000080e+01 7.652227229914263518e-01 1.534500165999999943e+00
4.848458971000000162e+01 1.056567095900689202e+00 1.539338247999999965e+00
4.857969183000000157e+01 1.188711553329905968e+00 1.536680623000000079e+00
4.864637986000000325e+01 1.229633119221089865e+00 1.534228528000000091e+00
4.864623779000000070e+01 1.229663471351331028e+00 1.536658628000000082e+00
4.857935058000000339e+01 1.188728367540142772e+00 1.543273700000000082e+00
4.848432486000000097e+01 1.056375788369220192e+00 1.547976086999999890e+00
4.844253151000000202e+01 7.650226119734272467e-01 1.541909578000000058e+00
4.853170570999999711e+01 5.339707125573855961e-01 1.527695151000000084e+00
4.874440580000000267e+01 6.837658590913391343e-01 1.513617505000000030e+00
4.901969669000000351e+01 9.432936512689941155e-01 1.496656584999999984e+00
4.926938138999999950e+01 1.131400119062972998e+00 1.476163365999999977e+00
4.862367923000000047e+01 1.104570011764663073e+00 1.518854995999999957e+00
4.858192806000000274e+01 9.988958549875445181e-01 1.524235189000000101e+00
4.849175512000000055e+01 7.453545439113385962e-01 1.533789518000000074e+00
4.841768830000000179e+01 5.671419403233473044e-01 1.538703919999999892e+00
4.840724554999999896e+01 7.365893951563389219e-01 1.537693892999999923e+00
4.847226891999999765e+01 1.015031336737860723e+00 1.532566848000000093e+00
4.858027887000000078e+01 1.188248188241204151e+00 1.525514140000000074e+00
4.868170668999999862e+01 1.273412819994673706e+00 1.519682508999999904e+00
4.874074876000000245e+01 1.310518457657936287e+00 1.517953568000000031e+00
4.874060408999999794e+01 1.310563741075468247e+00 1.521541212000000032e+00
4.868136101999999710e+01 1.273465016265794558e+00 1.529564611999999935e+00
4.857996676999999863e+01 1.188159013125040353e+00 1.539264898999999964e+00
4.847228385999999745e+01 1.014807608738606648e+00 1.546608881000000046e+00
4.840776274000000257e+01 7.367507648062193715e-01 1.548359462999999936e+00
4.841858057999999687e+01 5.679351950599080823e-01 1.544688987000000013e+00
4.849266494999999821e+01 7.454893986936083072e-01 1.536315467999999962e+00
4.858248755000000330e+01 9.986609522119797022e-01 1.524971998999999911e+00
4.794440632999999963e+01 8.598121177668069937e-01 1.612857149000000101e+00
4.798417072000000161e+01 7.218025730576306254e-01 1.605734226999999903e+00
4.808625968999999856e+01 6.127972963343272239e-01 1.588374764999999966e+00
4.822234155999999672e+01 7.604656180655607889e-01 1.566142959000000001e+00
4.837255446000000347e+01 9.601522579912015187e-01 1.544574142999999955e+00
4.851972479999999877e+01 1.115624193532440023e+00 1.527420953000000026e+00
4.864725014999999786e+01 1.229074886490933549e+00 1.515920893000000103e+00
4.874107765000000114e+01 1.310292980741456281e+00 1.509973462999999905e+00
4.879081491000000170e+01 1.355237457274309998e+00 1.509343410000000052e+00
4.879068106999999799e+01 1.355300872821758817e+00 1.513562899000000073e+00
4.874075322000000199e+01 1.310404625109876209e+00 1.521541621999999983e+00
4.864692457999999675e+01 1.229120442397944712e+00 1.532097322999999900e+00
4.851961124999999697e+01 1.115617428378448794e+00 1.544894613000000083e+00
4.837281088999999668e+01 9.602274420059284665e-01 1.560308269999999942e+00
4.822300316999999836e+01 7.607770281033392479e-01 1.577925621999999972e+00
4.808715358999999978e+01 6.132025169826230693e-01 1.595331008000000050e+00
4.798485900000000015e+01 7.216030535245163691e-01 1.608511597999999987e+00
5.236998120999999884e+01 6.727710628316787567e-01 1.555776677999999968e+00
5.211975564000000105e+01 9.297350758292903805e-01 1.556694121000000042e+00
5.163782388999999995e+01 1.151993420475522223e+00 1.553324106999999898e+00
5.104346395000000314e+01 1.287079836560367951e+00 1.544524200999999985e+00
5.038679154999999810e+01 1.308731319553736228e+00 1.533538883000000075e+00
4.971641848000000152e+01 1.221066666611320795e+00 1.529356372000000075e+00
4.906717042999999734e+01 1.074157274989800737e+00 1.544155873000000012e+00
4.845467047999999721e+01 9.214758107956296795e-01 1.585370632999999918e+00
4.791245844000000176e+01 6.701444559752840480e-01 1.660540526999999988e+00
4.791272470999999911e+01 6.709657201796297432e-01 1.649910404000000108e+00
4.845557843999999648e+01 9.224574559376380600e-01 1.576656067999999911e+00
4.906898461000000111e+01 1.075382494379084175e+00 1.539403843999999966e+00
4.971942362000000060e+01 1.222457442892851409e+00 1.527808365999999918e+00
5.039108370000000292e+01 1.310055798793113180e+00 1.534255037999999960e+00
5.104886694000000347e+01 1.288240849659306519e+00 1.546705049999999915e+00
5.164396665999999669e+01 1.152982480897173145e+00 1.556384755000000064e+00
5.212578973000000104e+01 9.298861598097448722e-01 1.559928492000000055e+00
5.212196901000000082e+01 9.299535762930826177e-01 1.525974501999999955e+00
5.190616795999999766e+01 1.079093968391462655e+00 1.536894106999999954e+00
5.144014251000000115e+01 1.252399273849816197e+00 1.544081537000000059e+00
5.085816728999999725e+01 1.343744450590480310e+00 1.542337406999999994e+00
5.022648188000000147e+01 1.312361667031268775e+00 1.535947221999999890e+00
4.960045671000000311e+01 1.159043823045960986e+00 1.534326992000000001e+00
4.901475177999999744e+01 9.442054942212428914e-01 1.549666658000000030e+00
4.848746787999999697e+01 7.454284604981914475e-01 1.587529726000000085e+00
4.808248121999999825e+01 6.129773401211128236e-01 1.640953633999999939e+00
4.808244367000000352e+01 6.129518647778381402e-01 1.634616237999999999e+00
4.848782801000000120e+01 7.462507760194124762e-01 1.579844392999999902e+00
4.901591677999999774e+01 9.455526776021112578e-01 1.545010419000000024e+00
4.960268972000000076e+01 1.160520757097111666e+00 1.532577722000000087e+00
5.022980352999999809e+01 1.313629021652676476e+00 1.536276396000000100e+00
5.086229615999999965e+01 1.344763984231919896e+00 1.543933731999999948e+00
5.144459997999999956e+01 1.253275728987216509e+00 1.546300848000000006e+00
5.190999105000000213e+01 1.079496556033944232e+00 1.538898960999999899e+00
5.164015230999999773e+01 1.152701996046176403e+00 1.505116472000000094e+00
5.144095940999999783e+01 1.252938320207554135e+00 1.516772556000000050e+00
5.098160735999999815e+01 1.371312657738648078e+00 1.532124813999999891e+00
5.041498651999999936e+01 1.389880268638685745e+00 1.540276849999999920e+00
4.983869165000000123e+01 1.250053770785163332e+00 1.541707637000000020e+00
4.932485401000000280e+01 9.541061637454212319e-01 1.544625965000000045e+00
4.890313574000000330e+01 6.030797772886317132e-01 1.560126354000000104e+00
4.858287784000000187e+01 4.710426914928481645e-01 1.587854298999999969e+00
4.839651643999999919e+01 7.037662464096589021e-01 1.612668398000000058e+00
4.839643671999999697e+01 7.037990497608310747e-01 1.609929525000000083e+00
4.858288821000000013e+01 4.713250055414523465e-01 1.582624457000000096e+00
4.890369618999999801e+01 6.043154166639838065e-01 1.555983989000000012e+00
4.932636072999999755e+01 9.555613097697213121e-01 1.542575215999999916e+00
4.984122402999999935e+01 1.250996589355169331e+00 1.541370386000000092e+00
5.041816507000000058e+01 1.390247487772946711e+00 1.540976885000000074e+00
5.098487862999999720e+01 1.371432868698094776e+00 1.533330238000000012e+00
5.144348931999999763e+01 1.252762734276656742e+00 1.517860999999999905e+00
5.104569195999999920e+01 1.287858394353534441e+00 1.488335804999999956e+00
5.085931362000000178e+01 1.344381197379491244e+00 1.500420628999999950e+00
5.041548235999999861e+01 1.389992111200418989e+00 1.521349419999999952e+00
4.988125794999999840e+01 1.308471878869874594e+00 1.537741151000000084e+00
4.939051375999999749e+01 1.030560559171373125e+00 1.545755407999999997e+00
4.903387644000000023e+01 5.936660766591131955e-01 1.552359044999999993e+00
4.882533749000000256e+01 2.839122600706590061e-01 1.565419641000000084e+00
4.873659648999999661e+01 6.026164533355412578e-01 1.577819384999999963e+00
4.871666994999999645e+01 8.753217434823681309e-01 1.582823147000000041e+00
4.871659251999999896e+01 8.754152929180696319e-01 1.582139540000000011e+00
4.873646216000000209e+01 6.027563581711965490e-01 1.575932576999999890e+00
4.882547794999999979e+01 2.846191647785484280e-01 1.563136005999999911e+00
4.903482686000000257e+01 5.951011714951273124e-01 1.550779711999999977e+00
4.939258945000000267e+01 1.031403971625581839e+00 1.545195582999999928e+00
4.988399921999999975e+01 1.308362229820088984e+00 1.537852787999999915e+00
5.041817305000000005e+01 1.389600949514091743e+00 1.521829883999999966e+00
5.086122053999999792e+01 1.343952190349896103e+00 1.500911608000000008e+00
5.038906189000000069e+01 1.309334829877137896e+00 1.474482410000000021e+00
5.022798531000000111e+01 1.312807053491004572e+00 1.486482124999999987e+00
4.983981130000000093e+01 1.249918868766592306e+00 1.509862513000000073e+00
4.939131755999999740e+01 1.030305185493777920e+00 1.530288647999999974e+00
4.903289972999999691e+01 6.190604625170766928e-01 1.543345895000000079e+00
4.885710290000000100e+01 2.437636923143956247e-01 1.553586286000000038e+00
4.885407493999999673e+01 5.789738058906714890e-01 1.559258084000000100e+00
4.893844382999999709e+01 8.989101157066999859e-01 1.556383163000000014e+00
4.901115201999999726e+01 1.042782755581039611e+00 1.551689988999999992e+00
4.901107078999999800e+01 1.042891726900637916e+00 1.552577902999999981e+00
4.893825195000000150e+01 8.991357202635200663e-01 1.558453877000000043e+00
4.885401001000000321e+01 5.790801958045661557e-01 1.561252448999999931e+00
4.885771513000000255e+01 2.447606385173620447e-01 1.554786738000000001e+00
4.903468242999999660e+01 6.201392972126441583e-01 1.543899303999999972e+00
4.939381893000000190e+01 1.030186859355973761e+00 1.530419815999999988e+00
4.984216694999999930e+01 1.249347758079757176e+00 1.509876704000000069e+00
5.022952211999999861e+01 1.312323694093947557e+00 1.486521302000000100e+00
4.971904580999999723e+01 1.221282144541161019e+00 1.471178952000000040e+00
4.960254009999999880e+01 1.159168425587172591e+00 1.482041342000000039e+00
4.932678013000000306e+01 9.538895441685313337e-01 1.504285921999999998e+00
4.903559537000000290e+01 5.936729358693441094e-01 1.524485684999999924e+00
4.885806044000000270e+01 2.435066897923727491e-01 1.538996910999999912e+00
4.886033579000000060e+01 5.916713487088099965e-01 1.545421396000000058e+00
4.899817450999999835e+01 9.419118974781325315e-01 1.539706153000000022e+00
4.916379788999999789e+01 1.116649761355834602e+00 1.528561086000000069e+00
4.926912999999999698e+01 1.181233404083628313e+00 1.521627398999999992e+00
4.926903693999999945e+01 1.181350558739068912e+00 1.523851902999999952e+00
4.916356918000000320e+01 1.116906840552395197e+00 1.534538012000000062e+00
4.899802723999999898e+01 9.420321743970934136e-01 1.547554378999999924e+00
4.886076165000000060e+01 5.914711646831636305e-01 1.552593241000000068e+00
4.885952698999999910e+01 2.448150213267340503e-01 1.543459750000000019e+00
4.903775920999999727e+01 5.940758506070629164e-01 1.526190313000000076e+00
4.932882276000000132e+01 9.535301032312594183e-01 1.504509708999999917e+00
4.960380528000000311e+01 1.158807835345304182e+00 1.481890758999999891e+00
4.907044101000000325e+01 1.073976760242763229e+00 1.488651879999999927e+00
4.901754316000000244e+01 9.441614680298469064e-01 1.496866671999999898e+00
4.890571663000000058e+01 6.030628289489330385e-01 1.513738331000000104e+00
4.882751949000000025e+01 2.826710469411810034e-01 1.527395854999999969e+00
4.885547989999999885e+01 5.773386423144781787e-01 1.532100188000000029e+00
4.899875360000000057e+01 9.411685341881675937e-01 1.525972673999999918e+00
4.919807040999999970e+01 1.151023500689282386e+00 1.512993051999999894e+00
4.937744805999999897e+01 1.248987767904269353e+00 1.500868211000000008e+00
4.948126750000000129e+01 1.286174640584265561e+00 1.495272841000000019e+00
4.948116454000000175e+01 1.286296945790361912e+00 1.498553988999999920e+00
4.937719596000000166e+01 1.249259501249251780e+00 1.509985981000000033e+00
4.919787177999999983e+01 1.151189659846345581e+00 1.525919376999999910e+00
4.899898575000000278e+01 9.409513386919855504e-01 1.539624419999999994e+00
4.885650327999999831e+01 5.770123758763602284e-01 1.542911377000000028e+00
4.882920021999999705e+01 2.834822552670795415e-01 1.533384671000000088e+00
4.890741285000000005e+01 6.032302295316627205e-01 1.515859714999999941e+00
4.901859366000000051e+01 9.440443893494846472e-01 1.497218033000000004e+00
4.845859404000000126e+01 9.212975351208051444e-01 1.532495975000000010e+00
4.849076288999999917e+01 7.454020768907184680e-01 1.534476117999999945e+00
4.858568936999999721e+01 4.698960489955056885e-01 1.536455195999999912e+00
4.873883207000000084e+01 6.004163008543110802e-01 1.531384056000000049e+00
4.893997739000000280e+01 8.971741165447268962e-01 1.519086554000000033e+00
4.916465631999999886e+01 1.115594437056316890e+00 1.503558119000000026e+00
4.937778621999999729e+01 1.248532376109138253e+00 1.489053583000000014e+00
4.954406095000000221e+01 1.322970545207633242e+00 1.478867770999999998e+00
4.963518834999999996e+01 1.356533831858333983e+00 1.475291346999999975e+00
4.963508849000000112e+01 1.356662378514613465e+00 1.479277525999999954e+00
4.954381682999999725e+01 1.323270785486578838e+00 1.490038776000000009e+00
4.937757058999999771e+01 1.248797291936339260e+00 1.505251713999999907e+00
4.916473778000000294e+01 1.115612785959848141e+00 1.521710010999999918e+00
4.894060045999999886e+01 8.969027792462614945e-01 1.535735507999999916e+00
4.874000318000000220e+01 6.002432559154489145e-01 1.543575643000000053e+00
4.858703746999999851e+01 4.703591884291884462e-01 1.543083545000000001e+00
4.849167591999999871e+01 7.455951807776668439e-01 1.536795141000000031e+00
4.791621306999999774e+01 6.723398477453732536e-01 1.611481635999999940e+00
4.808556301000000133e+01 6.126651743431215102e-01 1.588883827000000082e+00
4.839923587999999910e+01 7.020228630328465558e-01 1.558877276999999895e+00
4.871889027999999655e+01 8.733563614032834321e-01 1.531492819999999977e+00
4.901275765999999834e+01 1.041093753593241189e+00 1.507960804999999960e+00
4.927013185999999934e+01 1.180007391001266281e+00 1.489124324999999915e+00
4.948178259000000168e+01 1.285445998722942962e+00 1.475231850999999983e+00
4.963537419000000028e+01 1.356241940917326527e+00 1.466698333000000076e+00
4.971698527000000212e+01 1.391677018210860428e+00 1.464371641000000057e+00
4.971691045000000031e+01 1.391822004986218220e+00 1.468697920999999962e+00
4.963519430000000199e+01 1.356605469392326180e+00 1.478841453000000028e+00
4.948163152000000053e+01 1.285859784027281183e+00 1.492956044000000038e+00
4.927020491999999763e+01 1.180300888339079757e+00 1.509438708000000018e+00
4.901322250999999852e+01 1.041160642571144601e+00 1.527799490999999898e+00
4.871976619000000142e+01 8.732132918382902176e-01 1.548257127000000066e+00
4.840032280999999870e+01 7.019555532565876499e-01 1.570906412000000030e+00
4.808645597000000294e+01 6.130716309699003608e-01 1.595562155000000093e+00
5.182429014000000222e+01 9.420484575624955559e-01 1.543417940999999960e+00
5.156933020999999684e+01 1.131649505963552960e+00 1.545866356000000108e+00
5.104397007000000031e+01 1.286686103340085152e+00 1.544355099999999981e+00
5.042827153000000351e+01 1.329297315889671927e+00 1.535037463000000102e+00
4.980426197999999971e+01 1.253169186805795698e+00 1.521553629000000019e+00
4.922615516999999841e+01 1.087060795726347839e+00 1.516472414000000102e+00
4.871387945000000030e+01 8.840969981049136006e-01 1.533029165000000082e+00
4.826529014999999845e+01 6.796638560438467147e-01 1.574001111000000064e+00
4.789529253999999980e+01 4.325371784728900826e-01 1.641167303000000022e+00
4.789551592000000113e+01 4.334959970453588496e-01 1.629514346999999974e+00
4.826627994999999771e+01 6.807712097899499826e-01 1.564017245999999917e+00
4.871575353000000064e+01 8.852414756376428828e-01 1.527919507000000010e+00
4.922906640000000067e+01 1.088516390870432282e+00 1.515068013999999907e+00
4.980828324000000151e+01 1.254823645123153808e+00 1.522435757000000001e+00
5.043321053999999748e+01 1.330819911334185646e+00 1.537156409999999918e+00
5.104937943000000189e+01 1.287839491014564519e+00 1.547075581000000088e+00
5.157411521000000221e+01 1.131611430756716885e+00 1.548403133999999959e+00
5.157093384000000214e+01 1.131948046120150320e+00 1.530030551000000072e+00
5.135028771999999719e+01 1.238077469901138539e+00 1.536748610000000070e+00
5.085852883999999818e+01 1.343304229568839991e+00 1.542196705999999917e+00
5.026990253999999680e+01 1.342678472671254841e+00 1.538528525000000036e+00
4.968357312999999920e+01 1.205979261021943305e+00 1.528672948999999948e+00
4.916518460999999718e+01 9.586138451876173860e-01 1.525399506999999932e+00
4.873945439999999962e+01 6.836719661790787717e-01 1.541125405000000059e+00
4.841390133000000162e+01 5.679051924356484093e-01 1.573460289000000012e+00
4.821915074000000345e+01 7.615464772246239855e-01 1.604634125000000022e+00
4.821913053000000104e+01 7.616002460380492112e-01 1.600905237999999953e+00
4.841421028999999976e+01 5.681811620028813792e-01 1.567289664000000027e+00
4.874055504999999755e+01 6.848477658332514650e-01 1.537205350000000026e+00
4.916733846000000341e+01 9.602625867506061619e-01 1.524299258000000101e+00
4.968680763999999783e+01 1.207658792232001455e+00 1.529468292000000007e+00
5.027390352999999834e+01 1.344097358084244132e+00 1.540290297000000086e+00
5.086273785000000203e+01 1.344399188101692788e+00 1.544347509000000063e+00
5.135364292999999947e+01 1.238483025371288404e+00 1.538557753999999944e+00
5.104563976000000025e+01 1.287804909390254382e+00 1.516510373000000023e+00
5.085905925000000138e+01 1.344067419816037390e+00 1.525526378999999988e+00
5.041514816000000110e+01 1.389545335669484016e+00 1.540258369000000016e+00
4.988090739999999812e+01 1.308082673014306918e+00 1.548656210999999949e+00
4.939012974999999983e+01 1.030447561174477444e+00 1.547620294999999979e+00
4.903347490000000164e+01 5.937721376912884486e-01 1.547368236999999924e+00
4.882502497000000119e+01 2.840586321465000119e-01 1.557240484000000036e+00
4.873643651999999804e+01 6.026434895479886311e-01 1.568533956000000007e+00
4.871664006999999685e+01 8.753193514603492265e-01 1.573269105000000057e+00
4.871664291999999818e+01 8.754275109825251366e-01 1.572839638999999901e+00
4.873656102000000345e+01 6.027293193153742124e-01 1.567474201000000011e+00
4.882561888000000039e+01 2.845048775639690275e-01 1.556375516999999986e+00
4.903500318999999763e+01 5.952639415136778966e-01 1.547503791000000017e+00
4.939279178999999687e+01 1.031815944163149146e+00 1.548586250000000053e+00
4.988424338000000091e+01 1.308894278422106483e+00 1.549882608000000106e+00
5.041843104000000153e+01 1.390038363121292697e+00 1.541536932999999943e+00
5.086138588000000027e+01 1.344179475306020333e+00 1.526510143000000097e+00
5.042962686999999988e+01 1.330871330139909103e+00 1.504379322999999991e+00
5.027042844000000343e+01 1.343930026152969859e+00 1.514992630000000062e+00
4.988104435999999708e+01 1.308610413505061798e+00 1.537977324000000090e+00
4.942540653999999734e+01 1.109331695370229687e+00 1.561238093000000049e+00
4.907963694000000032e+01 6.485059060084530369e-01 1.571541454999999976e+00
4.895055640999999724e+01 5.213929619631810924e-02 1.569778061999999919e+00
4.899410564000000079e+01 4.810933356741415312e-01 1.564736694000000039e+00
4.911021077000000190e+01 8.241312362195392094e-01 1.554665398999999892e+00
4.919980730000000335e+01 9.777868025337901337e-01 1.546151108999999968e+00
4.919982834000000338e+01 9.779134182136729470e-01 1.547340367999999966e+00
4.911030465000000333e+01 8.243765447361325327e-01 1.557663629999999966e+00
4.899445662000000112e+01 4.810731532643586772e-01 1.568327258000000057e+00
4.895165177999999884e+01 5.347505066679509450e-02 1.573047882000000008e+00
4.908200275000000090e+01 6.496500706060112096e-01 1.573931595999999988e+00
4.942849999999999966e+01 1.109612708003551607e+00 1.562436638000000100e+00
4.988385859000000266e+01 1.308652665674022719e+00 1.538605336000000046e+00
5.027223607999999899e+01 1.343889979119831546e+00 1.515379948999999948e+00
4.980539489000000231e+01 1.254819925344085485e+00 1.492679582000000060e+00
4.968409660999999744e+01 1.207330243705574180e+00 1.503918064000000054e+00
4.939048180999999715e+01 1.031106386971574640e+00 1.530881044000000024e+00
4.907998280000000335e+01 6.488213429432962975e-01 1.562490072999999979e+00
4.893562206000000003e+01 4.335391342913829521e-02 1.579822475999999920e+00
4.902995442999999653e+01 5.233168398721345094e-01 1.572186695000000078e+00
4.925822098999999810e+01 8.703339514177964586e-01 1.552037236999999958e+00
4.949180540999999778e+01 1.033998698400897087e+00 1.531032557999999932e+00
4.963576264000000293e+01 1.089436495151581807e+00 1.518776592000000036e+00
4.963578901999999715e+01 1.089590087925572881e+00 1.521245022000000002e+00
4.949188519999999869e+01 1.034351316284577216e+00 1.537673971999999889e+00
4.925846530999999828e+01 8.705299272549276157e-01 1.560976203000000062e+00
4.903079065000000014e+01 5.227331379192520222e-01 1.581049665000000104e+00
4.893768900999999971e+01 4.489627054932162492e-02 1.586023088999999997e+00
4.908285894000000127e+01 6.493265222640302037e-01 1.564848368000000045e+00
4.939298396000000224e+01 1.031120595006441709e+00 1.531213391000000090e+00
4.968558557000000064e+01 1.207331782343817883e+00 1.503816488000000007e+00
4.922749850999999666e+01 1.088217215243212577e+00 1.489901142999999983e+00
4.916604293000000325e+01 9.596707738845040581e-01 1.500469124999999959e+00
4.903427994999999839e+01 5.946572187930802000e-01 1.525461100000000014e+00
4.895129087000000112e+01 5.284854949908153465e-02 1.551646209999999915e+00
4.903030625000000242e+01 5.225010052343780353e-01 1.561306260000000057e+00
4.927541346999999661e+01 9.172524418525647150e-01 1.547077604999999911e+00
4.958469464000000215e+01 1.108133549642056792e+00 1.522738061999999948e+00
4.985432777999999843e+01 1.177660381650427635e+00 1.501633701000000043e+00
5.001006395000000282e+01 1.193120404370479504e+00 1.491166707000000091e+00
5.001008499000000285e+01 1.193310093736235311e+00 1.494736845000000036e+00
4.985438574999999872e+01 1.178103077597504988e+00 1.511477305000000104e+00
4.958487164999999663e+01 1.108456649391838189e+00 1.536684127000000011e+00
4.927603708000000182e+01 9.168830495876345577e-01 1.562113217999999915e+00
4.903184750999999864e+01 5.212057662740334774e-01 1.573432343999999983e+00
4.895358418000000000e+01 5.401708775576130606e-02 1.557733385999999998e+00
4.903639471999999699e+01 5.951080900614453828e-01 1.526869537000000054e+00
4.916727965999999839e+01 9.598578349836668355e-01 1.500298569999999998e+00
4.871589175999999810e+01 8.845127914931147917e-01 1.505947294999999908e+00
4.874086710000000267e+01 6.843650206636942013e-01 1.513521166999999945e+00
4.882614947999999799e+01 2.840690559391149117e-01 1.528752729999999893e+00
4.899493477000000041e+01 4.793038053701974555e-01 1.537281096000000069e+00
4.925868142000000205e+01 8.690511692245079800e-01 1.530257882999999985e+00
4.958485679999999718e+01 1.107530562494297266e+00 1.510918846999999898e+00
4.990918514999999900e+01 1.220054811207334389e+00 1.489110973999999921e+00
5.016770427000000154e+01 1.262010614202837555e+00 1.472615937000000041e+00
5.031095958000000223e+01 1.272799507638892491e+00 1.465765752999999894e+00
5.031097376000000310e+01 1.273022377764937874e+00 1.470168452000000014e+00
5.016774638999999780e+01 1.262543349869302833e+00 1.484894262000000076e+00
4.990931968999999668e+01 1.220532987391746760e+00 1.506851893000000109e+00
4.958529958999999820e+01 1.107484363397669425e+00 1.530782391000000020e+00
4.925970860000000329e+01 8.682131623097366635e-01 1.548171712000000033e+00
4.899652858000000322e+01 4.782676825066125570e-01 1.549392700000000067e+00
4.882778882000000209e+01 2.849754401914543767e-01 1.534105180000000068e+00
4.874189206999999868e+01 6.849156588902931553e-01 1.514702363000000052e+00
4.826804271999999685e+01 6.797104694490998522e-01 1.542997466999999956e+00
4.841564945999999736e+01 5.672862926048239940e-01 1.540530482999999951e+00
4.873762861000000157e+01 6.009185722529449825e-01 1.532962047000000050e+00
4.911103399999999652e+01 8.221998242638498544e-01 1.518460860000000023e+00
4.949228536999999761e+01 1.032392179479623362e+00 1.499129375999999958e+00
4.985453057000000143e+01 1.176579632545542431e+00 1.478737077999999983e+00
5.016774697000000316e+01 1.261497688210419410e+00 1.461224481999999991e+00
5.040026057000000037e+01 1.305009839482603740e+00 1.449652750999999906e+00
5.052468506000000303e+01 1.322337618108182955e+00 1.445995112999999943e+00
5.052470628999999747e+01 1.322584912011015135e+00 1.450902326000000020e+00
5.040032738000000023e+01 1.305629073553678632e+00 1.463441758999999953e+00
5.016790589000000011e+01 1.262165449331006162e+00 1.481393474000000099e+00
4.985490835000000232e+01 1.176905121857312331e+00 1.501826392999999982e+00
4.949301727999999656e+01 1.032136590172636925e+00 1.521314615999999953e+00
4.911210324999999699e+01 8.215709440389035167e-01 1.536288380000000009e+00
4.873878333999999768e+01 6.008102031797306619e-01 1.544428576000000053e+00
4.841648030999999719e+01 5.681066434700443590e-01 1.545735622999999892e+00
4.789818463999999665e+01 4.333424718159268885e-01 1.605124623000000028e+00
4.822086095000000228e+01 7.598989473670633155e-01 1.567826128999999957e+00
4.871785401000000348e+01 8.734287380258104472e-01 1.533114942000000092e+00
4.920064015999999896e+01 9.757079728770683413e-01 1.503858023999999904e+00
4.963623467000000034e+01 1.087530070753138123e+00 1.479368390999999949e+00
5.001024401000000097e+01 1.191666509454754719e+00 1.459845695000000054e+00
5.031097402000000329e+01 1.271902097837801948e+00 1.445530444999999942e+00
5.052466031000000157e+01 1.321956989881862610e+00 1.436990903000000097e+00
5.063657411999999880e+01 1.344605545103231936e+00 1.435096439000000057e+00
5.063663369999999730e+01 1.344869878364834737e+00 1.440219547999999961e+00
5.052483708999999834e+01 1.322645555436648968e+00 1.451450617999999970e+00
5.031128594999999848e+01 1.272731785762026835e+00 1.466850097000000019e+00
5.001074692000000255e+01 1.192282219094041196e+00 1.484576888999999955e+00
4.963696656999999846e+01 1.087698343801410505e+00 1.503823493999999927e+00
4.920153289999999657e+01 9.755227550011359439e-01 1.524948100999999889e+00
4.871872694000000337e+01 8.732949347408850427e-01 1.549174411999999945e+00
4.822151468999999935e+01 7.602119680732769558e-01 1.578767245999999957e+00
5.112370632999999742e+01 1.130314104617334836e+00 1.532561121999999942e+00
5.089389689000000061e+01 1.238721054982503400e+00 1.534924769999999938e+00
5.038818469999999650e+01 1.307621274682990942e+00 1.533359941999999920e+00
4.980531545000000193e+01 1.252362626600116435e+00 1.521565381000000050e+00
4.924820320999999979e+01 1.101379635390862033e+00 1.505370400000000108e+00
4.876834599000000026e+01 9.051752952588134615e-01 1.501524891999999944e+00
4.838304732999999658e+01 6.787951363341830913e-01 1.521546795999999979e+00
4.809472619000000293e+01 4.271398310427018119e-01 1.562154899999999902e+00
4.789949088000000188e+01 2.017150732186930306e-01 1.616217519999999963e+00
4.789964173999999986e+01 2.025121164219254588e-01 1.606826992000000009e+00
4.809570073999999806e+01 4.283384136037923784e-01 1.553172645999999935e+00
4.838493949000000072e+01 6.796430354001472551e-01 1.517788447000000041e+00
4.877102275000000020e+01 9.061497793637481868e-01 1.501340815999999911e+00
4.925160775999999885e+01 1.102825944131829328e+00 1.506726057000000063e+00
4.980935766999999714e+01 1.253992784563121798e+00 1.523433196000000045e+00
5.039249790000000218e+01 1.308918485442997381e+00 1.535404411000000025e+00
5.089738688999999994e+01 1.238938831509152738e+00 1.536623293999999973e+00
5.089490082999999743e+01 1.239276263636151842e+00 1.528509840999999980e+00
5.069284092000000186e+01 1.293346463696768200e+00 1.532815572000000071e+00
5.022769514000000157e+01 1.311240790541487344e+00 1.535834539000000110e+00
4.968458205000000305e+01 1.205223233865526433e+00 1.528710307000000101e+00
4.918125724000000076e+01 9.788571988808971724e-01 1.515906420000000088e+00
4.878594618999999710e+01 6.933729025585195771e-01 1.514229704999999981e+00
4.852773427000000339e+01 5.338488139760347861e-01 1.531342594999999918e+00
4.840436215999999803e+01 7.381897126160403833e-01 1.553476604000000094e+00
4.837015096999999741e+01 9.611845230074735902e-01 1.565261264000000097e+00
4.837019118999999989e+01 9.613475828900860387e-01 1.564602338999999898e+00
4.840467953000000279e+01 7.382430632773042678e-01 1.552173258999999916e+00
4.852874613000000181e+01 5.340686203509558139e-01 1.531015366999999960e+00
4.878785561000000115e+01 6.944734658129201321e-01 1.515459890000000032e+00
4.918397489000000178e+01 9.803753181284001750e-01 1.517780058999999904e+00
4.968787348000000037e+01 1.206819134651901493e+00 1.530532806999999940e+00
5.023111744999999928e+01 1.312539873801949364e+00 1.537528789000000007e+00
5.069543053999999671e+01 1.293901352041014308e+00 1.534092814999999943e+00
5.038898558999999722e+01 1.309302944374050481e+00 1.522234078999999962e+00
5.022777116000000319e+01 1.312326583519822787e+00 1.529367214999999947e+00
4.983956524999999971e+01 1.249270347289758387e+00 1.541867654000000032e+00
4.939100882999999698e+01 1.029980500619803063e+00 1.547807834000000105e+00
4.903232565999999792e+01 6.193830396786471626e-01 1.545048544999999995e+00
4.885633347000000271e+01 2.441582055886479807e-01 1.544244970000000050e+00
4.885345937000000305e+01 5.791453710516968334e-01 1.544189122999999997e+00
4.893812796000000276e+01 8.989949393754569362e-01 1.537460067999999902e+00
4.901109986000000163e+01 1.042797255349676488e+00 1.530413196000000031e+00
4.901119641999999743e+01 1.042892810558957217e+00 1.531754368999999949e+00
4.893846803000000278e+01 8.991389789508927866e-01 1.541053548000000051e+00
4.885423876000000121e+01 5.790180827013104992e-01 1.549002441000000063e+00
4.885786353000000304e+01 2.445850635365565406e-01 1.549119354999999976e+00
4.903467529000000269e+01 6.205735934035310208e-01 1.548752837999999965e+00
4.939378871000000260e+01 1.031122054108301267e+00 1.549807965000000065e+00
4.984223826000000201e+01 1.250215339626371325e+00 1.542914075000000107e+00
5.022959348999999918e+01 1.312798245387163609e+00 1.529961198999999938e+00
4.980535121999999859e+01 1.254866017420645408e+00 1.513272986999999903e+00
4.968410861000000267e+01 1.207173947364671429e+00 1.523164320000000016e+00
4.939053523999999840e+01 1.030921823567885420e+00 1.546516030000000042e+00
4.907993740999999943e+01 6.489807125564505119e-01 1.572190495000000077e+00
4.893526143999999789e+01 4.372991301863713570e-02 1.582007640999999909e+00
4.902947652000000289e+01 5.234609739594349165e-01 1.568936013000000074e+00
4.925786373999999768e+01 8.705625905377593066e-01 1.544597929999999897e+00
4.949162089000000009e+01 1.034152343223246229e+00 1.519499747000000012e+00
4.963573002999999773e+01 1.089491341830144622e+00 1.504340937999999905e+00
4.963586157999999671e+01 1.089573432507107364e+00 1.506805020000000050e+00
4.949201081999999730e+01 1.034317729721599965e+00 1.526269346999999943e+00
4.925858974999999873e+01 8.705275009111486106e-01 1.554079028999999945e+00
4.903082755999999875e+01 5.228140454769270029e-01 1.578889374999999928e+00
4.893749762000000203e+01 4.485428125893536899e-02 1.589451796000000083e+00
4.908251139000000052e+01 6.497317238099344916e-01 1.575180489000000073e+00
4.939274294999999881e+01 1.031652864664547309e+00 1.546983004000000106e+00
4.968547046999999850e+01 1.207635442583863350e+00 1.523080965999999981e+00
4.924754664999999676e+01 1.103918326944987482e+00 1.502822281999999898e+00
4.918025000000000091e+01 9.808771126977726684e-01 1.514664983999999937e+00
4.903145118999999852e+01 6.204790822158716690e-01 1.545005420000000074e+00
4.893485949000000090e+01 4.409850531164149351e-02 1.581253553999999895e+00
4.904051591999999715e+01 5.756083194612784393e-01 1.589609739999999993e+00
4.934299979000000036e+01 9.530227601573549867e-01 1.562628592000000038e+00
4.970812475999999691e+01 1.110009614861989569e+00 1.527440356999999915e+00
5.002319056999999702e+01 1.146331666896172052e+00 1.498006171000000109e+00
5.020641066000000308e+01 1.135762174255037227e+00 1.482270669999999901e+00
5.020657170999999863e+01 1.135866262982162755e+00 1.485831609999999969e+00
5.002362106999999725e+01 1.146585238651081529e+00 1.507817621000000052e+00
4.970880371999999880e+01 1.110135985458835295e+00 1.541459322999999992e+00
4.934413045000000153e+01 9.524954401887496536e-01 1.578144382000000068e+00
4.904242037000000209e+01 5.741756586541295615e-01 1.602474959999999893e+00
4.893716197999999906e+01 4.531751931193613719e-02 1.587022699000000037e+00
4.903330720999999670e+01 6.213429042443227024e-01 1.545464705000000105e+00
4.918129996999999776e+01 9.814539324383761976e-01 1.513913846999999979e+00
4.876775845000000231e+01 9.068331622680250170e-01 1.501624424999999929e+00
4.878504922999999849e+01 6.948576013854894651e-01 1.514141900999999901e+00
4.885559914000000248e+01 2.454569253297678444e-01 1.541621026999999922e+00
4.902901630000000210e+01 5.228977080009771239e-01 1.563198096999999898e+00
4.934276640000000214e+01 9.525856412982200982e-01 1.557532023000000043e+00
4.975300138000000061e+01 1.168330073368235134e+00 1.529826039000000026e+00
5.016850816000000179e+01 1.230778958375210230e+00 1.498350325000000094e+00
5.050606235000000055e+01 1.214044003714725095e+00 1.473716902999999911e+00
5.069734990999999980e+01 1.179661452864972926e+00 1.461942870999999977e+00
5.069753560000000192e+01 1.179826412767394306e+00 1.466601409999999994e+00
5.050652990999999759e+01 1.214461156278304754e+00 1.486493096000000014e+00
5.016915236999999905e+01 1.231142787119414272e+00 1.516545636999999891e+00
4.975390354999999687e+01 1.168151851242105632e+00 1.550179136999999985e+00
4.934412498999999741e+01 9.515386536091315905e-01 1.575759654999999926e+00
4.903072156000000348e+01 5.217405323475842183e-01 1.574337207999999988e+00
4.885708481999999719e+01 2.469387148563045031e-01 1.544774287999999940e+00
4.878588417000000277e+01 6.956804006864963918e-01 1.513644836000000105e+00
4.838336652000000271e+01 6.794824692784455777e-01 1.518068992999999978e+00
4.852735194000000263e+01 5.342729203866237730e-01 1.526494309999999910e+00
4.885289189000000221e+01 5.784902417451722734e-01 1.535411144000000006e+00
4.925730709999999846e+01 8.694880269097104986e-01 1.532319849000000067e+00
4.970766042999999712e+01 1.109106075156259585e+00 1.515528830999999910e+00
5.016822941000000213e+01 1.230270555790588194e+00 1.491007686999999970e+00
5.058740141999999906e+01 1.258757354974424869e+00 1.467136188000000008e+00
5.091018798999999717e+01 1.237916669035126871e+00 1.449992941000000091e+00
5.108746703999999994e+01 1.211269682603923981e+00 1.443408956999999937e+00
5.108767389999999864e+01 1.211522275700195550e+00 1.448983874000000061e+00
5.091070535000000064e+01 1.238548793599512754e+00 1.465291816999999996e+00
5.058806806999999850e+01 1.259416061784757845e+00 1.488851085000000074e+00
5.016901460999999784e+01 1.230517351880344279e+00 1.515263709000000070e+00
4.970863092999999822e+01 1.108685192537449682e+00 1.538168165000000087e+00
4.925842682999999766e+01 8.687168506044733451e-01 1.549264761000000101e+00
4.885392128000000156e+01 5.784727903451516440e-01 1.544502269000000094e+00
4.852800564999999722e+01 5.353171888132378653e-01 1.529180318000000094e+00
4.809604365999999942e+01 4.274344526531320687e-01 1.549829729999999905e+00
4.840426570000000339e+01 7.367084184535145353e-01 1.541062020999999893e+00
4.893756258999999886e+01 8.976444085042867282e-01 1.522641407000000058e+00
4.949090154000000297e+01 1.032680896478583410e+00 1.501279283999999992e+00
5.002245933999999750e+01 1.144956032011425151e+00 1.479170826000000050e+00
5.050545393000000161e+01 1.212994875230579250e+00 1.458327351999999966e+00
5.090983575999999999e+01 1.237360652851225984e+00 1.441434673000000055e+00
5.120374426000000057e+01 1.234620720918009340e+00 1.430966812000000088e+00
5.135924453999999884e+01 1.225925396832276970e+00 1.428639570000000081e+00
5.135948095999999907e+01 1.226260834521011311e+00 1.434793769999999968e+00
5.120435556999999704e+01 1.235470599398187153e+00 1.448001721000000019e+00
5.091063046000000014e+01 1.238330976231234448e+00 1.465786728999999955e+00
5.050629914000000298e+01 1.213654396971085347e+00 1.485626166000000081e+00
5.002329861999999849e+01 1.145086719553823462e+00 1.505183168000000071e+00
4.949167715000000101e+01 1.032455762578161851e+00 1.522634685000000099e+00
4.893818759999999912e+01 8.975173609266808850e-01 1.537686665000000064e+00
4.840468521999999751e+01 7.370476443901025076e-01 1.550069173000000022e+00
4.790136205999999675e+01 2.009249317635898036e-01 1.593081713999999982e+00
4.837015790000000237e+01 9.590931387298073929e-01 1.547831104999999985e+00
4.901050639999999703e+01 1.041108546626678732e+00 1.511542672999999892e+00
4.963486702000000150e+01 1.087723777921519863e+00 1.481567469000000026e+00
5.020543598999999801e+01 1.134017176433335328e+00 1.457501434000000096e+00
5.069642472000000311e+01 1.178181588595354823e+00 1.439238683999999990e+00
5.108676811000000129e+01 1.210256759236074231e+00 1.426772109999999927e+00
5.135889874000000077e+01 1.225455016178383705e+00 1.420318822000000036e+00
5.149910762999999747e+01 1.229133459265909334e+00 1.420312349999999890e+00
5.149940508000000250e+01 1.229513884158721204e+00 1.426709137000000016e+00
5.135969589999999840e+01 1.226436773892656928e+00 1.438179348000000024e+00
5.108784282999999959e+01 1.211428278281009741e+00 1.452565831000000030e+00
5.069754350000000187e+01 1.179101711506939987e+00 1.468338439000000051e+00
5.020642053000000260e+01 1.134496330734239944e+00 1.485469541000000060e+00
4.963560781999999705e+01 1.087898801607027233e+00 1.505282996000000040e+00
4.901096801999999997e+01 1.041209276137562201e+00 1.529930312000000070e+00
4.837039112000000074e+01 9.591928131660079071e-01 1.562017621999999939e+00
5.032876007000000129e+01 1.222591014733507286e+00 1.530710782000000103e+00
5.014447047000000168e+01 1.250813106457312918e+00 1.532220216000000024e+00
4.971907705000000277e+01 1.219335997523260273e+00 1.529514358999999990e+00
4.922873709999999647e+01 1.085675097994908578e+00 1.516914786000000070e+00
4.877010591999999889e+01 9.045283545219642285e-01 1.502096211000000014e+00
4.838567066000000239e+01 7.077285359136559206e-01 1.499512927000000051e+00
4.810909963000000289e+01 4.684566326348328924e-01 1.518755534999999934e+00
4.796594478000000095e+01 1.931681024190756990e-01 1.555561914000000101e+00
4.792322602000000131e+01 5.196823853226126971e-02 1.588808887999999975e+00
4.792339141000000069e+01 5.221907047852520495e-02 1.584208499000000048e+00
4.796692267000000243e+01 1.941911751684081977e-01 1.549835373999999932e+00
4.811111784999999941e+01 4.691090739909431484e-01 1.517843199000000087e+00
4.838818478999999684e+01 7.081950212456953331e-01 1.500797661000000005e+00
4.877283506999999929e+01 9.054655005549920865e-01 1.503244129999999901e+00
4.923171241000000009e+01 1.087070409742545873e+00 1.517615688000000018e+00
4.972213164000000063e+01 1.220669113916814874e+00 1.530106525000000106e+00
5.014676917999999972e+01 1.251401165398661197e+00 1.532749938999999895e+00
5.014491988000000333e+01 1.251588989579369260e+00 1.531280189999999930e+00
4.998327061999999898e+01 1.244364276425978577e+00 1.534014833000000078e+00
4.960288511000000256e+01 1.157495857406464879e+00 1.534578081000000038e+00
4.916757760000000133e+01 9.576502267378380617e-01 1.525874635999999951e+00
4.878744670999999755e+01 6.932773811443353473e-01 1.514771896000000062e+00
4.853144345999999842e+01 5.382559487027707146e-01 1.515306419000000071e+00
4.844034944999999936e+01 7.661393385758880070e-01 1.526324937000000048e+00
4.847040421999999893e+01 1.016150477103801686e+00 1.531036483000000059e+00
4.851814079999999763e+01 1.116416182994701911e+00 1.529775120000000044e+00
4.851825604999999797e+01 1.116544644755025129e+00 1.531075428000000072e+00
4.847084978000000177e+01 1.016298046048677239e+00 1.534598882000000053e+00
4.844139060999999913e+01 7.659111354773256997e-01 1.531065231999999998e+00
4.853315784000000122e+01 5.384407667572956857e-01 1.519507632999999913e+00
4.878954771000000079e+01 6.941993844275278214e-01 1.517231610999999925e+00
4.916991338999999783e+01 9.590403959782450860e-01 1.526862946999999915e+00
4.960525993000000256e+01 1.158881405161317213e+00 1.534972972999999907e+00
4.998500033999999914e+01 1.245141516520123837e+00 1.534278358999999980e+00
4.971892729999999716e+01 1.221338349306834825e+00 1.530521835999999913e+00
4.960245882000000250e+01 1.158705380419557507e+00 1.536165887999999979e+00
4.932673323000000210e+01 9.533979853362669621e-01 1.545279231999999947e+00
4.903536709000000116e+01 5.938376428653396877e-01 1.548127916999999965e+00
4.885734047999999774e+01 2.439800778849070817e-01 1.544894449000000058e+00
4.885932782999999802e+01 5.917770343529988875e-01 1.537422953000000092e+00
4.899737042999999659e+01 9.421950927040114721e-01 1.521188795000000038e+00
4.916338797000000227e+01 1.116831690429356705e+00 1.501228492999999942e+00
4.926908425999999963e+01 1.181283255671360166e+00 1.488649872999999957e+00
4.926924951000000164e+01 1.181327474127849664e+00 1.490789998999999977e+00
4.916391245999999882e+01 1.116884499302524869e+00 1.507258511999999939e+00
4.899834968999999774e+01 9.420683693033390371e-01 1.529801811000000011e+00
4.886084873000000073e+01 5.915094499951957241e-01 1.546092907000000016e+00
4.885921233999999913e+01 2.444632541592688668e-01 1.550538734999999946e+00
4.903726494000000002e+01 5.948412331855081892e-01 1.549975107000000074e+00
4.932847878999999836e+01 9.546057366028624092e-01 1.545157746999999970e+00
4.960363062999999784e+01 1.159494679968311015e+00 1.535778362000000064e+00
4.922736290000000281e+01 1.088370991834754387e+00 1.524801413000000050e+00
4.916611544999999950e+01 9.595631212419656331e-01 1.534025250000000007e+00
4.903442000999999806e+01 5.946738610882622567e-01 1.553923136999999954e+00
4.895115623000000227e+01 5.328806756303529346e-02 1.571372607000000032e+00
4.902969204000000047e+01 5.223252823630335495e-01 1.569971753999999997e+00
4.927465191000000289e+01 9.176021513211888303e-01 1.544735159000000024e+00
4.958411440999999797e+01 1.108582143042906809e+00 1.509426673000000108e+00
4.985403486999999956e+01 1.177980329127892745e+00 1.477740159999999969e+00
5.001003639000000334e+01 1.193240340945342925e+00 1.459897307000000088e+00
5.001024106999999930e+01 1.193264243264693825e+00 1.462768617000000049e+00
4.985463175000000291e+01 1.178000704565506318e+00 1.485842698999999989e+00
4.958510227000000015e+01 1.108432740090579571e+00 1.521273423000000014e+00
4.927608315999999888e+01 9.170980453401237353e-01 1.557700263999999946e+00
4.903147128999999893e+01 5.216594602366705358e-01 1.579928790000000083e+00
4.895282229000000029e+01 5.414702524945378542e-02 1.575080513000000071e+00
4.903569926000000123e+01 5.957256126676091501e-01 1.553253948000000051e+00
4.916687601000000285e+01 9.603740717843821662e-01 1.532687555000000090e+00
4.876762852000000237e+01 9.069499562570086937e-01 1.517288353000000090e+00
4.878508072000000340e+01 6.949359985933994954e-01 1.530183598000000034e+00
4.885564730000000111e+01 2.454889697876637689e-01 1.556552142999999999e+00
4.902889145999999698e+01 5.226058782957966331e-01 1.574948626999999934e+00
4.934244893000000332e+01 9.526200777151385690e-01 1.564108961000000075e+00
4.975265073999999998e+01 1.168596456608198109e+00 1.530030798000000081e+00
5.016825164000000115e+01 1.231091949789944628e+00 1.491223683999999938e+00
5.050594688000000332e+01 1.214286492450674659e+00 1.458865467000000082e+00
5.069735844000000213e+01 1.179759523517759146e+00 1.441243572999999945e+00
5.069761651999999685e+01 1.179789859811649189e+00 1.445103784999999919e+00
5.050663953000000106e+01 1.214368154293963498e+00 1.469587434999999997e+00
5.016925276999999994e+01 1.231087074566602046e+00 1.506718476000000084e+00
4.975392538999999914e+01 1.168243608051716675e+00 1.547388157999999958e+00
4.934395332999999795e+01 9.518826758065063176e-01 1.579089122000000067e+00
4.903030257000000347e+01 5.221239250306706214e-01 1.582719458999999995e+00
4.885659829000000087e+01 2.467782536040080688e-01 1.556781801999999937e+00
4.878554507999999856e+01 6.958084848299251890e-01 1.527945848999999967e+00
4.838298335000000350e+01 7.093661645823970963e-01 1.517611425999999986e+00
4.852895878999999724e+01 5.394842333871189277e-01 1.532911570000000001e+00
4.885744093000000277e+01 5.922905496848367424e-01 1.549723828000000081e+00
4.927335457000000218e+01 9.174261490450641432e-01 1.550568154999999892e+00
4.975197116999999736e+01 1.168339896221976204e+00 1.531599276999999981e+00
5.025445099000000226e+01 1.276360902713130407e+00 1.500683844000000100e+00
5.072099101999999959e+01 1.275405560864910415e+00 1.468652827999999966e+00
5.108810950000000162e+01 1.213747483234837166e+00 1.442890280999999941e+00
5.129438798000000332e+01 1.150379952786930948e+00 1.429831889999999994e+00
5.129472193000000146e+01 1.150457279468342753e+00 1.434971323999999937e+00
5.108894446000000045e+01 1.214004534201366559e+00 1.456813133999999899e+00
5.072205084000000141e+01 1.275696514458804165e+00 1.488181207000000006e+00
5.025559057000000251e+01 1.276392520655079021e+00 1.522307494000000094e+00
4.975312808000000331e+01 1.167980581353617264e+00 1.551301570999999990e+00
4.927437670999999852e+01 9.170246002182129708e-01 1.563966205999999914e+00
4.885810571999999752e+01 5.925681988925092236e-01 1.554580411000000106e+00
4.852922717999999946e+01 5.403674861744186542e-01 1.531902882000000021e+00
4.810736732000000160e+01 4.695898531044450097e-01 1.532078567999999974e+00
4.843824124999999725e+01 7.661228896850126313e-01 1.539161548999999907e+00
4.899536067999999744e+01 9.417462236430811373e-01 1.530958894000000070e+00
4.958234825000000257e+01 1.107877852657809470e+00 1.514782033999999999e+00
5.016690136999999794e+01 1.230412897613699874e+00 1.493025182000000006e+00
5.072023401999999948e+01 1.274966492765525761e+00 1.468669175000000049e+00
5.120262283999999653e+01 1.246736909484180256e+00 1.446067025000000061e+00
5.156790863999999885e+01 1.175748050996136662e+00 1.429383244999999913e+00
5.176849966999999708e+01 1.112655368709941639e+00 1.422879967000000079e+00
5.176893152000000242e+01 1.112846098634455938e+00 1.429417632000000049e+00
5.156895298999999966e+01 1.176301163469464006e+00 1.446766172000000017e+00
5.120384657999999689e+01 1.247421144233210599e+00 1.469768629000000049e+00
5.072136899000000199e+01 1.275447334414172351e+00 1.494311396999999930e+00
5.016783756000000238e+01 1.230536987811217120e+00 1.516693030000000109e+00
4.958301895999999687e+01 1.107812256960652331e+00 1.533120505999999938e+00
4.899571702000000073e+01 9.418200260271082369e-01 1.542169378000000091e+00
4.843833699999999709e+01 7.664382414492140194e-01 1.543928372999999965e+00
4.796557809000000105e+01 1.939129731328802508e-01 1.556003577000000027e+00
4.846852299999999758e+01 1.014769447786003864e+00 1.537414274999999941e+00
4.916115115000000202e+01 1.115776368844522581e+00 1.508758043000000049e+00
4.985178257999999829e+01 1.176909593378743901e+00 1.482858844999999981e+00
5.050391318999999868e+01 1.213224974020424618e+00 1.460586442999999957e+00
5.108653079999999846e+01 1.212828302744228370e+00 1.441910789000000026e+00
5.156702674999999658e+01 1.175187492848644100e+00 1.427535393999999958e+00
5.191267411999999837e+01 1.118353575269605438e+00 1.419039576000000080e+00
5.209472647999999850e+01 1.075421926928544103e+00 1.418421522000000046e+00
5.209527028000000115e+01 1.075779975073223760e+00 1.426107879999999994e+00
5.191400810999999749e+01 1.119276391075766375e+00 1.439487658000000003e+00
5.156857320999999672e+01 1.176293736719872918e+00 1.455104922999999939e+00
5.108785866000000198e+01 1.213747660609679313e+00 1.471142061999999973e+00
5.050483221999999728e+01 1.213807685236194311e+00 1.487379006000000059e+00
4.985226854999999802e+01 1.177228531909888520e+00 1.504645323000000090e+00
4.916128096999999997e+01 1.115954499394033572e+00 1.524787950999999975e+00
4.846845394000000340e+01 1.014805637788100734e+00 1.549053020999999974e+00
4.792405440000000283e+01 4.997312516858697790e-02 1.576026182000000109e+00
4.851631821000000144e+01 1.114278857745319318e+00 1.532081601000000015e+00
4.926664992999999981e+01 1.179930207927078589e+00 1.494367090999999981e+00
5.000741663000000159e+01 1.191969967184342671e+00 1.464121730000000010e+00
5.069477692000000246e+01 1.178471867176942967e+00 1.441668865000000022e+00
5.129209157999999746e+01 1.149145286569200008e+00 1.426145231000000013e+00
5.176679726999999787e+01 1.111647700644500913e+00 1.416743574999999922e+00
5.209387966999999975e+01 1.074871168332238502e+00 1.413264620999999943e+00
5.225975583000000313e+01 1.050950157012848551e+00 1.415957936999999944e+00
5.226042656999999991e+01 1.051430109488630471e+00 1.424232176999999933e+00
5.209558213999999765e+01 1.076048338294390616e+00 1.435529196999999924e+00
5.176883141999999793e+01 1.112995994477563144e+00 1.446865252999999907e+00
5.129382718000000096e+01 1.150315637892071807e+00 1.457737596000000080e+00
5.069591142000000161e+01 1.179363737493858144e+00 1.470311512999999959e+00
5.000794247000000325e+01 1.192581332048717080e+00 1.487688389000000111e+00
4.926672742000000227e+01 1.180268963683445804e+00 1.512793347999999982e+00
4.851617585000000332e+01 1.114328951519098165e+00 1.547457839000000002e+00
4.950192037000000056e+01 1.229231568788843099e+00 1.547688098999999928e+00
4.937440915999999902e+01 1.194980729267529851e+00 1.548576404999999934e+00
4.907113240999999704e+01 1.072530842846563859e+00 1.545028907000000062e+00
4.871785026999999957e+01 8.830214531808736611e-01 1.534234459000000106e+00
4.838645707999999956e+01 6.783767558851735435e-01 1.523043026999999938e+00
4.811118740999999943e+01 4.687675270586265652e-01 1.519999340000000032e+00
4.793521929999999998e+01 2.179883805630930538e-01 1.534068286999999975e+00
4.791197085999999672e+01 6.371397002445829127e-02 1.559647573999999981e+00
4.796048835999999937e+01 7.718256588802353824e-02 1.560031136999999957e+00
4.796064902999999902e+01 7.669143080128450196e-02 1.559179110000000090e+00
4.791273031000000060e+01 6.205755256630278438e-02 1.557242398999999944e+00
4.793709553000000056e+01 2.194404020245099007e-01 1.534588481999999976e+00
4.811329205999999914e+01 4.694045720152850709e-01 1.520250584000000016e+00
4.838847673000000071e+01 6.791614255405975520e-01 1.521577122000000060e+00
4.871984823999999747e+01 8.840797165435153593e-01 1.531951250999999958e+00
4.907303799000000311e+01 1.073672520761889126e+00 1.542919366000000014e+00
4.937573952999999705e+01 1.195714346741768574e+00 1.547372812999999958e+00
4.937441393999999661e+01 1.195713918129497344e+00 1.549867805999999959e+00
4.926844679999999954e+01 1.131212291054378705e+00 1.551769087999999908e+00
4.901833307999999789e+01 9.429918832950331398e-01 1.550603347000000021e+00
4.874284712000000042e+01 6.832690223397750451e-01 1.542311390999999920e+00
4.853013862000000245e+01 5.332105565760750787e-01 1.532669934999999928e+00
4.844131972999999647e+01 7.651093010976868225e-01 1.527209325999999923e+00
4.848377418999999833e+01 1.056669271855917858e+00 1.520333453999999973e+00
4.857930782999999764e+01 1.188739092557581811e+00 1.509243469999999920e+00
4.864640857999999923e+01 1.229603433551701208e+00 1.501677297000000078e+00
4.864655962999999872e+01 1.229659611124672036e+00 1.503514336000000062e+00
4.857981125999999961e+01 1.188789173253241849e+00 1.514413978000000105e+00
4.848472912999999807e+01 1.056469136097154093e+00 1.527275936999999972e+00
4.844266701000000097e+01 7.648468357770284998e-01 1.532533351999999960e+00
4.853158135000000328e+01 5.334973832398136606e-01 1.534048757999999957e+00
4.874427109999999885e+01 6.842614868709553377e-01 1.540914504999999934e+00
4.901969026999999812e+01 9.442440796343046783e-01 1.548453306000000085e+00
4.926939105000000296e+01 1.132085072594133157e+00 1.550343634999999942e+00
4.907024710000000312e+01 1.074113572869824118e+00 1.551823584999999950e+00
4.901757019000000071e+01 9.438543230038497489e-01 1.556397553999999905e+00
4.890579000999999693e+01 6.028565631428676186e-01 1.561465238999999894e+00
4.882729695999999819e+01 2.827490382865307517e-01 1.558717224000000012e+00
4.885476783000000012e+01 5.772609898830537434e-01 1.545585739000000070e+00
4.899782311999999962e+01 9.414385247063421502e-01 1.522000451999999893e+00
4.919732316000000338e+01 1.151396531424432546e+00 1.492684934999999991e+00
4.937707697999999823e+01 1.249239824659705844e+00 1.466639763000000096e+00
4.948127509999999774e+01 1.286259462005339138e+00 1.452189120999999972e+00
4.948145365999999967e+01 1.286258165303969303e+00 1.454238380999999913e+00
4.937762493999999691e+01 1.249190444085557017e+00 1.472505233999999996e+00
4.919825492999999739e+01 1.151216116813231771e+00 1.501257786999999899e+00
4.899907223000000300e+01 9.411680178201501379e-01 1.530797895000000075e+00
4.885608509000000055e+01 5.771532338390994443e-01 1.551109247999999941e+00
4.882841685000000354e+01 2.833743608367788602e-01 1.559336223000000077e+00
4.890667016999999817e+01 6.040015808153956778e-01 1.559141858000000047e+00
4.901812068000000266e+01 9.447379465705539880e-01 1.554253220999999963e+00
4.871563315000000216e+01 8.847043795080843376e-01 1.548874101000000003e+00
4.874095335999999890e+01 6.844169165670003219e-01 1.556806644999999989e+00
4.882626187999999701e+01 2.839275051477359590e-01 1.567753033000000018e+00
4.899471635999999819e+01 4.788421282914001043e-01 1.567047625999999916e+00
4.925807744000000099e+01 8.691270089097248297e-01 1.546399631000000108e+00
4.958413747000000171e+01 1.108027020268481877e+00 1.510347770000000089e+00
4.990863410000000044e+01 1.220635468076899155e+00 1.470299717999999922e+00
5.016745418000000001e+01 1.262438166611500545e+00 1.436677350999999936e+00
5.031099722999999813e+01 1.272967026057909123e+00 1.418201613999999999e+00
5.031120536000000243e+01 1.272951684819785934e+00 1.420697789999999960e+00
5.016806239000000289e+01 1.262358408295698453e+00 1.443825979999999953e+00
4.990959666999999911e+01 1.220420315737280825e+00 1.480936073999999936e+00
4.958535966000000172e+01 1.107660017653559148e+00 1.522145445999999902e+00
4.925934355999999781e+01 8.687881656904051786e-01 1.555764625999999984e+00
4.899570554000000300e+01 4.788766450866167590e-01 1.570621306999999911e+00
4.882682942999999653e+01 2.850327281847919170e-01 1.565747841000000085e+00
4.874119766999999825e+01 6.852190509413167430e-01 1.553548316000000096e+00
4.838307348000000019e+01 6.796169240803817679e-01 1.544254930999999997e+00
4.852736024000000015e+01 5.344921400656160726e-01 1.555080505999999918e+00
4.885288513999999793e+01 5.782464268511506855e-01 1.563031816999999934e+00
4.925710532000000086e+01 8.693101521852191205e-01 1.555436706999999918e+00
4.970728223999999784e+01 1.109316641591821417e+00 1.529831066999999933e+00
5.016783115999999865e+01 1.230779631094800708e+00 1.492387310000000022e+00
5.058713858000000130e+01 1.259349777940039550e+00 1.452452383000000014e+00
5.091012600999999904e+01 1.238378838742256072e+00 1.418476378000000038e+00
5.108756080999999938e+01 1.211458892192223802e+00 1.399377926000000105e+00
5.108782610000000091e+01 1.211442850308834362e+00 1.402700247999999927e+00
5.091085436000000186e+01 1.238322147623717395e+00 1.427826186000000108e+00
5.058817944999999838e+01 1.259213896140953581e+00 1.466114192000000038e+00
5.016901803999999743e+01 1.230526643950772714e+00 1.507711087999999977e+00
4.970841552000000263e+01 1.109042368154180558e+00 1.543264605999999928e+00
4.925792993000000308e+01 8.693104601621347571e-01 1.563230235000000024e+00
4.885324134999999757e+01 5.787362795665420556e-01 1.563555127999999961e+00
4.852737924000000191e+01 5.350852221439318379e-01 1.551389426999999932e+00
4.810714999999999719e+01 4.696101638001213829e-01 1.544310561000000082e+00
4.843820307000000014e+01 7.661908460751191141e-01 1.553194798999999904e+00
4.899531294999999886e+01 9.416790819840675786e-01 1.544754570999999910e+00
4.958224994999999780e+01 1.107886127513804775e+00 1.527078651000000065e+00
5.016677298999999834e+01 1.230593564925354100e+00 1.501380587000000100e+00
5.072013450000000034e+01 1.275300512687058907e+00 1.470162399999999980e+00
5.120260928999999805e+01 1.247131761358831969e+00 1.437830997999999916e+00
5.156799218999999823e+01 1.176068459479827188e+00 1.409591217000000007e+00
5.176861650000000026e+01 1.112785374174287911e+00 1.393437105999999925e+00
5.176899412000000211e+01 1.112788156072185286e+00 1.398131526000000013e+00
5.156895171000000033e+01 1.176127257610685595e+00 1.422308133999999891e+00
5.120381765999999857e+01 1.247232075388689410e+00 1.455541868000000072e+00
5.072131933000000004e+01 1.275351219809539360e+00 1.489482978999999929e+00
5.016773984999999669e+01 1.230603443633462302e+00 1.518855607999999968e+00
4.958284473999999875e+01 1.108019384491078618e+00 1.539501457000000073e+00
4.899546828999999804e+01 9.420262785622660617e-01 1.550267048999999897e+00
4.843804053000000209e+01 7.664691269419496855e-01 1.552495321000000095e+00
4.793157218000000341e+01 2.175863434134721885e-01 1.553364557999999951e+00
4.848057785000000308e+01 1.056442385620198099e+00 1.544887042999999904e+00
4.919421066000000309e+01 1.150970161191933405e+00 1.518805906999999955e+00
4.990584053999999981e+01 1.220156157474999725e+00 1.494171168999999910e+00
5.058495022999999691e+01 1.258880031693962565e+00 1.470810807999999970e+00
5.120134282000000070e+01 1.246789477786867995e+00 1.448002322000000008e+00
5.172058060999999896e+01 1.180561261726676969e+00 1.426123985000000038e+00
5.210494271999999683e+01 1.079444470744024942e+00 1.407327269999999908e+00
5.231403635000000207e+01 9.938021836283498223e-01 1.397582287999999950e+00
5.231462107000000117e+01 9.938777957329203439e-01 1.404370413999999956e+00
5.210631808000000120e+01 1.079780480365713169e+00 1.424759595000000045e+00
5.172211487999999946e+01 1.181065623096721140e+00 1.448816802000000070e+00
5.120263007999999871e+01 1.247263799914296367e+00 1.471503116000000055e+00
5.058580897000000220e+01 1.259267867316961054e+00 1.491841769999999956e+00
4.990622671999999937e+01 1.220512711768052982e+00 1.510456722999999890e+00
4.919418226999999888e+01 1.151304785486706006e+00 1.529409873999999947e+00
4.848028622999999726e+01 1.056628668857031883e+00 1.550632975999999941e+00
4.791059445999999866e+01 6.705899822350200323e-02 1.560415278000000017e+00
4.857594098999999943e+01 1.187378389814348845e+00 1.531165450999999900e+00
4.937339783000000182e+01 1.248452559176494336e+00 1.495238870999999969e+00
5.016383866000000324e+01 1.261760167101273922e+00 1.466799817000000061e+00
5.090683655000000130e+01 1.237699573320460322e+00 1.445693423999999894e+00
5.156534416000000220e+01 1.175395320641182684e+00 1.429926953000000056e+00
5.210337141000000116e+01 1.078946525660693601e+00 1.417670999999999903e+00
5.248753070000000065e+01 9.669270549878083987e-01 1.409044203000000106e+00
5.268941228999999993e+01 8.834123096345869453e-01 1.407816571999999988e+00
5.269031722999999801e+01 8.836939071741568563e-01 1.417206793999999936e+00
5.248956814000000293e+01 9.677331680602785369e-01 1.432128346000000052e+00
5.210546403000000026e+01 1.079963967429516947e+00 1.445787423000000071e+00
5.156690529000000112e+01 1.176348938996670590e+00 1.457311236000000010e+00
5.090771781000000118e+01 1.238493576732641266e+00 1.469438266999999909e+00
5.016411830999999921e+01 1.262360974769914268e+00 1.485691096999999905e+00
4.937325646000000035e+01 1.248825530472895906e+00 1.509401251000000110e+00
4.857559272999999678e+01 1.187494809143927910e+00 1.542415537999999975e+00
4.796032831000000130e+01 7.630430590723143169e-02 1.554619009000000052e+00
4.864285800999999765e+01 1.227732679303780605e+00 1.521463248999999962e+00
4.947721450000000232e+01 1.285338016102055114e+00 1.481558004000000039e+00
5.030683112999999906e+01 1.272201276405411807e+00 1.451383670000000015e+00
5.108346945000000261e+01 1.210686192417283369e+00 1.431406149999999933e+00
5.176482834000000111e+01 1.111978814715322672e+00 1.419474222000000063e+00
5.231097937999999914e+01 9.929984901486953452e-01 1.413150249000000080e+00
5.268772846000000243e+01 8.828189326484968680e-01 1.411617592999999893e+00
5.287658092000000210e+01 8.165424064661949144e-01 1.416670340000000028e+00
5.287783405999999786e+01 8.171047312022775566e-01 1.427977585999999910e+00
5.269057513999999998e+01 8.840201569284291683e-01 1.439171546999999940e+00
5.231382923000000318e+01 9.943290253022623038e-01 1.445384940999999923e+00
5.176685303000000005e+01 1.113268121460154525e+00 1.449416986999999990e+00
5.108455653000000041e+01 1.211793254176455337e+00 1.456642728999999914e+00
5.030716702000000140e+01 1.273006295789302689e+00 1.471545027999999977e+00
4.947707451000000134e+01 1.285782757089475759e+00 1.497449266000000057e+00
4.864251536999999814e+01 1.227827755358327666e+00 1.535448652999999997e+00
4.869241674999999958e+01 1.172984629389731026e+00 1.592513516999999990e+00
4.862373665999999872e+01 1.104191554537967468e+00 1.592868889000000010e+00
4.845947701000000052e+01 9.209203947245153676e-01 1.587376082000000022e+00
4.826985085999999825e+01 6.799598579654151376e-01 1.576286005999999906e+00
4.809860334999999765e+01 4.282999209040618260e-01 1.564767441999999953e+00
4.796866398000000231e+01 1.952410192136849743e-01 1.558201949000000086e+00
4.791299180000000035e+01 6.343267977104752320e-02 1.561424732000000093e+00
4.795626519999999715e+01 1.193874345935706516e-01 1.549866250000000001e+00
4.799570906999999664e+01 4.985596135348439872e-02 1.535770373000000077e+00
4.799574331000000171e+01 4.959128595864301797e-02 1.534759068000000060e+00
4.795650172999999938e+01 1.186665163628640579e-01 1.548459079999999988e+00
4.791378791999999720e+01 6.196049672703811406e-02 1.559096969000000055e+00
4.796978524000000021e+01 1.963793496493597412e-01 1.553438145000000103e+00
4.809976623000000018e+01 4.294811043298642494e-01 1.557893723000000064e+00
4.827102204999999913e+01 6.809970632444170002e-01 1.569058620000000071e+00
4.846052393000000080e+01 9.218194367661363131e-01 1.581298183999999996e+00
4.862440216000000248e+01 1.104799865463915953e+00 1.589333171000000045e+00
4.862347496999999663e+01 1.104614382847055598e+00 1.593857730000000084e+00
4.858183939999999978e+01 9.984041919486924543e-01 1.594751580999999918e+00
4.849171190999999936e+01 7.448804532730549655e-01 1.589483938999999957e+00
4.841750844999999970e+01 5.669725502376016246e-01 1.575591879000000084e+00
4.840678871000000072e+01 7.364514757033686632e-01 1.555644185000000013e+00
4.847164133999999791e+01 1.015092608456597212e+00 1.532718645999999962e+00
4.857975468000000063e+01 1.188406176364894540e+00 1.510076471999999947e+00
4.868147548000000313e+01 1.273517435466394065e+00 1.491886083000000029e+00
4.874085288999999932e+01 1.310550535974211117e+00 1.482211634000000000e+00
4.874097514999999703e+01 1.310557221495182612e+00 1.483597218999999967e+00
4.868185427000000232e+01 1.273484257742674597e+00 1.495789717999999935e+00
4.858037964999999758e+01 1.188267306845841365e+00 1.515339793999999962e+00
4.847239374000000112e+01 1.014946890963858372e+00 1.536693561000000097e+00
4.840747812000000039e+01 7.364962123994915899e-01 1.555480205000000060e+00
4.841807750000000254e+01 5.675813031430587685e-01 1.571412798999999971e+00
4.849219314999999852e+01 7.460304806337033634e-01 1.584043333999999970e+00
4.858215392999999693e+01 9.992842498483450742e-01 1.591055456000000090e+00
4.845831648000000058e+01 9.214183073969025584e-01 1.593636134000000038e+00
4.849089764000000002e+01 7.451425149227807188e-01 1.595577923000000009e+00
4.858589188999999919e+01 4.695197749290435651e-01 1.589997598999999928e+00
4.873876707000000152e+01 6.001563890524778122e-01 1.570708122999999956e+00
4.893957497000000245e+01 8.972511618322434046e-01 1.539461796999999965e+00
4.916410501000000011e+01 1.115920923233346462e+00 1.502696097000000064e+00
4.937733852000000212e+01 1.248906731677118076e+00 1.467355533000000101e+00
4.954387708000000146e+01 1.323243272938294801e+00 1.439634081999999982e+00
4.963529791999999929e+01 1.356637856308437362e+00 1.424824032000000074e+00
4.963542412999999698e+01 1.356609125386261994e+00 1.426218280000000060e+00
4.954425468000000166e+01 1.323141843545261320e+00 1.443642104999999898e+00
4.937794047999999947e+01 1.248724735552437570e+00 1.473259118999999950e+00
4.916482841999999920e+01 1.115729962049009538e+00 1.508866644000000035e+00
4.894022999999999968e+01 8.972100861109446601e-01 1.543436070999999910e+00
4.873917784000000353e+01 6.004471302160132584e-01 1.570442136999999905e+00
4.858604294999999951e+01 4.704659264201128677e-01 1.585925100999999948e+00
4.849091586000000120e+01 7.460146479254325946e-01 1.591365154000000004e+00
4.826769934000000006e+01 6.797802308960443352e-01 1.588431458000000074e+00
4.841578040000000271e+01 5.673843116892381966e-01 1.590048021999999950e+00
4.873779183999999987e+01 6.006155945349788139e-01 1.580661638000000035e+00
4.911098178000000303e+01 8.220268315804616366e-01 1.557368878999999984e+00
4.949200143000000196e+01 1.032643778824034353e+00 1.521784143000000089e+00
4.985416956000000255e+01 1.177144119808144485e+00 1.479329813000000104e+00
5.016749687000000080e+01 1.262126041107095586e+00 1.437434526999999962e+00
5.040022296000000068e+01 1.305481291363851382e+00 1.403828620999999943e+00
5.052484463999999775e+01 1.322529145841086828e+00 1.385570404000000089e+00
5.052497902999999724e+01 1.322490524535025580e+00 1.387204413999999941e+00
5.040061801000000230e+01 1.305351379770904430e+00 1.408560341999999910e+00
5.016811238999999745e+01 1.261892812372165995e+00 1.444584365999999953e+00
4.985489996999999818e+01 1.176863189725939618e+00 1.487402349999999984e+00
4.949266255999999942e+01 1.032475796959926750e+00 1.528453904000000030e+00
4.911137039999999843e+01 8.221653530671162446e-01 1.560190009000000044e+00
4.873782650999999788e+01 6.011003895877248260e-01 1.578590117999999931e+00
4.841562234999999959e+01 5.678774267383912555e-01 1.585467729999999964e+00
4.809568963000000252e+01 4.273808408105095880e-01 1.580773127999999916e+00
4.840429514000000211e+01 7.368442045117750139e-01 1.578207037000000090e+00
4.893759864999999820e+01 8.975238376306123866e-01 1.560312804000000053e+00
4.949084999000000096e+01 1.032713941306450778e+00 1.534681267999999932e+00
5.002234341999999856e+01 1.145352649750498442e+00 1.500975809000000050e+00
5.050537489999999963e+01 1.213702458454932742e+00 1.460886467999999994e+00
5.090989249999999799e+01 1.238150488752419731e+00 1.419437226999999968e+00
5.120394782999999705e+01 1.235229668431155226e+00 1.384174180999999892e+00
5.135949838999999884e+01 1.226178359541249874e+00 1.364162314000000098e+00
5.135966271000000205e+01 1.226135417996410126e+00 1.366343343999999904e+00
5.120441482999999749e+01 1.235085379422179885e+00 1.390427869000000038e+00
5.091057737999999944e+01 1.237898808109272553e+00 1.428769667999999937e+00
5.050613098000000178e+01 1.213413711842695308e+00 1.471483949000000013e+00
5.002298049000000191e+01 1.145191441121684139e+00 1.510412861999999912e+00
4.949118932999999743e+01 1.032842748365467633e+00 1.540553376000000085e+00
4.893757161999999994e+01 8.978760822282890741e-01 1.561204231000000053e+00
4.840403846000000243e+01 7.369954457265168735e-01 1.574806088999999965e+00
4.796528186999999832e+01 1.937588371360516315e-01 1.574582598000000111e+00
4.846847334999999646e+01 1.014814521187026308e+00 1.561308120000000077e+00
4.916111345000000199e+01 1.115791366278524599e+00 1.533631736000000023e+00
4.985176455999999945e+01 1.177077259437199208e+00 1.506383870000000069e+00
5.050396681000000143e+01 1.213657542775326004e+00 1.477634842000000059e+00
5.108672426999999772e+01 1.213514642185361314e+00 1.445628262999999913e+00
5.156739336999999779e+01 1.175971082728091144e+00 1.410950205000000013e+00
5.191314054000000056e+01 1.118979471751750498e+00 1.378220999000000058e+00
5.209508670000000308e+01 1.075680267935344547e+00 1.357887558999999911e+00
5.209533426000000134e+01 1.075643019059782102e+00 1.361143988000000027e+00
5.191379873000000345e+01 1.118859371307721284e+00 1.387220697000000058e+00
5.156825082999999665e+01 1.175793444858917125e+00 1.423643729999999996e+00
5.108754200999999995e+01 1.213368079009284894e+00 1.459391732000000053e+00
5.050455301000000219e+01 1.213663073730107289e+00 1.489936383000000086e+00
4.985200841999999710e+01 1.177298960820897689e+00 1.515240295999999987e+00
4.916101216999999934e+01 1.116120999284887283e+00 1.538022581999999971e+00
4.846814936999999901e+01 1.014969313975776943e+00 1.561426439999999971e+00
4.791045048000000151e+01 6.712376674941392118e-02 1.568369676999999962e+00
4.857588688999999960e+01 1.187393932599965174e+00 1.542073250999999923e+00
4.937336384999999694e+01 1.248510909914918754e+00 1.506851305999999946e+00
5.016386045000000138e+01 1.261920284988698793e+00 1.478357737999999921e+00
5.090696504999999661e+01 1.238002509292321696e+00 1.454919022999999978e+00
5.156562972999999772e+01 1.175848275758774264e+00 1.433040614000000046e+00
5.210383269999999811e+01 1.079490020059529654e+00 1.409308790000000089e+00
5.248808435000000117e+01 9.673888726492542167e-01 1.383360743999999976e+00
5.268979207999999659e+01 8.835915931272106949e-01 1.364565175000000075e+00
5.269026490000000251e+01 8.835874832964479841e-01 1.370008136999999904e+00
5.248920139999999890e+01 9.674080543650650510e-01 1.397188740999999901e+00
5.210505050999999810e+01 1.079570259864989001e+00 1.426711773999999933e+00
5.156658441999999809e+01 1.176024026713185844e+00 1.450261516000000084e+00
5.090751505000000066e+01 1.238290669886941808e+00 1.469749790999999917e+00
5.016400621999999743e+01 1.262277889989169344e+00 1.489666216999999904e+00
4.937319087000000195e+01 1.248831517711570527e+00 1.514393091999999941e+00
4.857552951000000263e+01 1.187563482686625260e+00 1.546593743000000076e+00
4.795496363000000173e+01 1.193684743954270822e-01 1.550478296999999950e+00
4.867694572999999991e+01 1.272182946223854527e+00 1.525413954000000016e+00
4.953908230999999773e+01 1.322768256054866143e+00 1.485424992000000000e+00
5.039555271999999775e+01 1.305194415535848140e+00 1.456105774000000075e+00
5.119963219000000265e+01 1.234975297518163151e+00 1.436744070000000040e+00
5.190949823999999779e+01 1.118704664182514019e+00 1.423640864000000006e+00
5.248572438000000062e+01 9.671279289836188786e-01 1.411835632999999923e+00
5.289313302000000050e+01 8.038855345602957669e-01 1.397159618000000103e+00
5.310482781000000330e+01 6.813469262315900998e-01 1.385124717000000061e+00
5.310590512000000274e+01 6.814661383341965584e-01 1.395149159000000028e+00
5.289524845999999769e+01 8.043194614949358279e-01 1.418922282000000035e+00
5.248758621999999718e+01 9.677194531440238556e-01 1.434862056000000052e+00
5.191071517000000313e+01 1.119351811630856286e+00 1.443927957999999956e+00
5.120022335000000169e+01 1.235595279330257146e+00 1.453352430000000028e+00
5.039565834999999794e+01 1.305699674877681904e+00 1.469020334999999955e+00
4.953887422999999757e+01 1.323092684693893517e+00 1.495175673999999955e+00
4.867658880999999838e+01 1.272314858190370046e+00 1.533443295000000095e+00
4.799445447000000087e+01 4.863808955408608498e-02 1.535806049000000062e+00
4.873588758000000354e+01 1.309172821729399638e+00 1.515807346000000111e+00
4.963000617000000148e+01 1.356172701544078318e+00 1.473515817000000006e+00
5.051954222999999899e+01 1.322202900434455541e+00 1.443809104000000065e+00
5.135427185000000350e+01 1.225840554425323470e+00 1.426593033999999927e+00
5.209003552000000070e+01 1.075303703651908638e+00 1.418511751999999904e+00
5.268522181000000160e+01 8.831830325124935266e-01 1.415093404999999915e+00
5.310169553000000064e+01 6.809216854713522338e-01 1.412422049999999984e+00
5.331165648000000346e+01 5.412724250364123746e-01 1.414738719999999894e+00
5.331387377000000072e+01 5.418738628234303079e-01 1.431620254000000036e+00
5.310537436999999983e+01 6.818706062357196007e-01 1.443108323999999998e+00
5.268796681999999976e+01 8.842913664003194674e-01 1.442539129000000031e+00
5.209166985000000238e+01 1.076373278095914765e+00 1.440607785999999946e+00
5.135504338999999874e+01 1.226737907108995662e+00 1.444052966999999965e+00
5.051971830000000097e+01 1.322849097079457525e+00 1.457460613000000071e+00
4.962982897999999921e+01 1.356538243537015020e+00 1.484353750999999999e+00
4.873555793999999963e+01 1.309294253477209402e+00 1.525699517999999921e+00
4.795890003000000235e+01 9.321274802164766227e-01 1.679567242999999932e+00
4.794460533000000169e+01 8.592502292969529387e-01 1.677543602999999939e+00
4.791687310999999738e+01 6.727003164067912877e-01 1.665613041000000072e+00
4.789901646999999940e+01 4.353364295079118484e-01 1.646153151999999897e+00
4.790226753999999687e+01 2.039498016297283944e-01 1.621011320999999894e+00
4.792500178000000233e+01 5.112977313229086218e-02 1.592971029000000094e+00
4.796140720999999729e+01 7.623702038220231403e-02 1.562732518000000015e+00
4.799604017000000056e+01 4.941543959821757120e-02 1.536801423000000000e+00
4.801271572999999648e+01 1.588934545010025831e-02 1.521782514000000086e+00
4.801269426000000351e+01 1.592577664266510429e-02 1.520892791999999938e+00
4.799606803999999727e+01 4.919990969036779765e-02 1.535815912999999977e+00
4.796157328999999692e+01 7.575979566477487881e-02 1.561867195999999902e+00
4.792524080999999825e+01 5.150461267070198523e-02 1.588472391000000039e+00
4.790256331999999873e+01 2.050194231177159265e-01 1.612392599000000093e+00
4.789941333000000157e+01 4.365108639969056958e-01 1.636056874000000105e+00
4.791729251999999661e+01 6.736446399103741545e-01 1.656811035999999904e+00
4.794486810000000077e+01 8.597645226445151945e-01 1.672305579000000098e+00
4.794420852999999738e+01 8.596154690761017569e-01 1.677424994999999974e+00
4.798450797999999651e+01 7.208001941970764159e-01 1.670328041999999957e+00
4.808675678000000175e+01 6.122896072657805222e-01 1.644816389000000045e+00
4.822269659999999902e+01 7.603715234745330731e-01 1.607959949999999916e+00
4.837267913000000163e+01 9.601827567483184334e-01 1.568093101000000100e+00
4.851968901000000045e+01 1.115720495535010182e+00 1.531934289000000060e+00
4.864719274000000127e+01 1.229199951306641836e+00 1.502998457999999982e+00
4.874112814000000071e+01 1.310402482864256424e+00 1.482720497000000082e+00
4.879104150999999945e+01 1.355279983237819952e+00 1.472299076999999956e+00
4.879106754000000024e+01 1.355259516072720993e+00 1.472799230999999986e+00
4.874120373000000228e+01 1.310324007246320477e+00 1.484124781000000004e+00
4.864728844999999779e+01 1.229064687076518947e+00 1.504887392999999962e+00
4.851972113000000064e+01 1.115609100621503202e+00 1.533374503999999972e+00
4.837253932000000134e+01 9.601969980622833134e-01 1.567790228000000008e+00
4.822233970999999997e+01 7.605667322087995563e-01 1.604978151999999936e+00
4.808627295000000146e+01 6.130391331466110705e-01 1.639627241999999985e+00
4.798412651999999667e+01 7.220759547269415268e-01 1.665674343000000057e+00
4.791594448000000028e+01 6.720194968343331521e-01 1.667344361000000053e+00
4.808607870000000162e+01 6.123348984314012089e-01 1.649285230999999907e+00
4.839985792000000231e+01 7.017050755531170081e-01 1.615619104999999944e+00
4.871934930999999835e+01 8.732280652524093689e-01 1.575914774999999990e+00
4.901298769999999649e+01 1.041213348577956443e+00 1.532767141000000111e+00
4.927020458999999875e+01 1.180294017558626063e+00 1.490487319000000088e+00
4.948182998000000055e+01 1.285779997198663427e+00 1.453314959000000073e+00
4.963550329000000261e+01 1.356504854438378427e+00 1.425250212999999988e+00
4.971723177999999876e+01 1.391781192321586813e+00 1.410154614999999945e+00
4.971724196000000262e+01 1.391743397977115881e+00 1.410647216999999953e+00
4.963553129000000297e+01 1.356396000362129373e+00 1.426666121000000009e+00
4.948185704000000129e+01 1.285629366374994476e+00 1.455404896999999975e+00
4.927017705000000092e+01 1.180177437608527002e+00 1.492698569999999947e+00
4.901282127000000344e+01 1.041239873765084534e+00 1.534240963000000013e+00
4.871896980999999727e+01 8.734842381642304865e-01 1.575725086999999913e+00
4.839926376999999746e+01 7.021842161344491462e-01 1.613260812000000044e+00
4.808544683000000219e+01 6.129164382252513255e-01 1.645612392000000090e+00
4.789792213999999859e+01 4.328616573535300494e-01 1.648905357999999932e+00
4.822127788000000237e+01 7.599637558569710682e-01 1.619914550000000064e+00
4.871835755000000034e+01 8.732762120636917702e-01 1.585785919000000099e+00
4.920109874999999988e+01 9.756587535159332303e-01 1.548965514999999904e+00
4.963660116999999872e+01 1.087773862725769591e+00 1.506854083999999983e+00
5.001054649000000296e+01 1.192174303842027605e+00 1.461840470999999919e+00
5.031127345000000162e+01 1.272492060097582645e+00 1.419379788000000087e+00
5.052498491000000058e+01 1.322421224640453641e+00 1.386010648000000067e+00
5.063689241000000152e+01 1.344798687597021036e+00 1.367736421999999896e+00
5.063688238999999669e+01 1.344749586778975825e+00 1.368307418999999969e+00
5.052495887999999979e+01 1.322281006787378699e+00 1.387671649999999923e+00
5.031123304999999846e+01 1.272292274300453663e+00 1.421910414999999928e+00
5.001046983999999895e+01 1.191990378018261687e+00 1.464734133000000105e+00
4.963643409000000162e+01 1.087720498317344520e+00 1.509308526000000095e+00
4.920077720999999826e+01 9.758212779426268524e-01 1.550092650999999933e+00
4.871785653999999965e+01 8.735889387223488844e-01 1.584981455000000095e+00
4.822068136000000038e+01 7.601164159928061048e-01 1.617320955999999921e+00
4.790116579000000030e+01 2.004046563633633538e-01 1.624312490000000109e+00
4.837037295999999742e+01 9.591434792193371806e-01 1.588902629999999983e+00
4.901080316000000181e+01 1.041131268825880252e+00 1.555369153000000004e+00
4.963525898000000325e+01 1.087881648680127267e+00 1.522415153999999937e+00
5.020594454999999812e+01 1.134445062745301769e+00 1.485512243999999926e+00
5.069705402000000305e+01 1.178885243473297484e+00 1.443736571000000080e+00
5.108747266000000309e+01 1.211064401572334193e+00 1.400892342999999984e+00
5.135956116999999921e+01 1.226104590230814306e+00 1.364729905999999993e+00
5.149956536999999912e+01 1.229411331251815565e+00 1.344065773000000075e+00
5.149953253000000331e+01 1.229349652231047418e+00 1.344831163999999912e+00
5.135947763000000066e+01 1.225927901442519730e+00 1.366948059000000049e+00
5.108736608000000246e+01 1.210808235188341575e+00 1.404250779999999921e+00
5.069693136000000067e+01 1.178633470358744884e+00 1.447591904000000040e+00
5.020577578999999702e+01 1.134318153537208440e+00 1.488979813000000041e+00
4.963499459999999885e+01 1.087949923308112243e+00 1.524646933999999954e+00
4.901041522999999955e+01 1.041322120848308996e+00 1.555846682999999953e+00
4.836989933000000264e+01 9.592348901029879027e-01 1.587611507999999949e+00
4.792394316000000032e+01 4.992834682678343877e-02 1.596104482999999963e+00
4.851634958000000353e+01 1.114299652340711155e+00 1.561172833000000093e+00
4.926676573999999675e+01 1.180080553364245111e+00 1.526357817000000061e+00
5.000772429999999957e+01 1.192321690466175310e+00 1.495972070999999959e+00
5.069538117999999827e+01 1.179067925753898516e+00 1.466316498999999940e+00
5.129303714000000269e+01 1.149964324997525322e+00 1.433318171999999890e+00
5.176798614999999870e+01 1.112567212210115786e+00 1.395669714999999922e+00
5.209501410000000021e+01 1.075646191234999716e+00 1.358768747000000054e+00
5.226042814000000192e+01 1.051293630963338499e+00 1.335248788999999991e+00
5.226037562999999864e+01 1.051220270876599860e+00 1.336426056000000084e+00
5.209488963999999811e+01 1.075436693635039687e+00 1.362079188999999912e+00
5.176784482000000054e+01 1.112275642920557805e+00 1.400403556000000105e+00
5.129289593000000025e+01 1.149700866084933715e+00 1.438439414999999943e+00
5.069521645999999748e+01 1.178937383206002609e+00 1.470847980000000055e+00
5.000750116999999761e+01 1.192348506095354699e+00 1.499238180999999948e+00
4.926646655999999780e+01 1.180194395043443034e+00 1.528057623000000032e+00
4.851599566000000152e+01 1.114367619365139728e+00 1.561384260000000079e+00
4.796029374999999817e+01 7.651533761686589441e-02 1.565335522999999895e+00
4.864278764000000166e+01 1.227770868932052339e+00 1.539002989999999960e+00
4.947723074999999682e+01 1.285537514895449540e+00 1.501002104999999975e+00
5.030705988999999789e+01 1.272604737067457803e+00 1.471693203000000061e+00
5.108405282999999741e+01 1.211300989728324673e+00 1.448998154999999954e+00
5.176588535999999863e+01 1.112769032040274109e+00 1.427654470000000009e+00
5.231250880999999708e+01 9.938741446586828454e-01 1.401029746000000076e+00
5.268938373999999669e+01 8.836066915715682368e-01 1.366161132000000000e+00
5.287755028000000124e+01 8.169232271444888394e-01 1.337069888999999900e+00
5.287751307999999995e+01 8.168503237438035081e-01 1.339220268000000047e+00
5.268931907000000336e+01 8.833926861853065304e-01 1.371676612999999989e+00
5.231244899000000004e+01 9.936256558274663142e-01 1.407843321000000092e+00
5.176580581000000336e+01 1.112609845803896880e+00 1.434163462999999972e+00
5.108392704999999978e+01 1.211259265562016241e+00 1.454443788999999931e+00
5.030687738999999681e+01 1.272647859538879045e+00 1.475792642000000043e+00
4.947699733000000322e+01 1.285609923940755239e+00 1.503756684999999926e+00
4.864252685999999670e+01 1.227809237585422153e+00 1.540706595000000068e+00
4.799445547999999917e+01 4.865552584697859645e-02 1.539565751999999899e+00
4.873581415999999678e+01 1.309222904419889089e+00 1.523270982999999967e+00
4.962999715000000123e+01 1.356320611439970625e+00 1.481726619000000023e+00
5.051967845000000068e+01 1.322475499334967664e+00 1.452734077999999984e+00
5.135465656000000223e+01 1.226241803249485951e+00 1.435202692000000058e+00
5.209079169000000320e+01 1.075823144747158455e+00 1.424434108000000032e+00
5.268648366000000038e+01 8.837888089047104545e-01 1.412866737000000095e+00
5.310345733999999851e+01 6.815036550116547742e-01 1.388373641999999908e+00
5.331295035000000127e+01 5.416122780655054925e-01 1.348968946999999918e+00
5.331316551999999831e+01 5.416167758941351495e-01 1.354096152000000108e+00
5.310385389999999717e+01 6.814024036024379782e-01 1.398402498000000049e+00
5.268677110000000141e+01 8.837777900079366589e-01 1.422221157999999930e+00
5.209091751999999786e+01 1.075904653018711299e+00 1.432076646000000064e+00
5.135464415999999943e+01 1.226359403288510563e+00 1.441232448000000055e+00
5.051956521999999694e+01 1.322584976695715397e+00 1.457359096000000021e+00
4.962982338999999854e+01 1.356393299654879536e+00 1.485225017000000092e+00
4.873561949999999854e+01 1.309244257296101610e+00 1.526184243999999968e+00
4.801072134999999719e+01 1.527743401994454374e-02 1.524728273000000023e+00
4.878518987999999723e+01 1.354345418449807159e+00 1.514937028000000074e+00
4.971121798000000069e+01 1.391662133318213757e+00 1.471157344999999950e+00
5.063097084999999709e+01 1.344812794545465540e+00 1.442251063999999916e+00
5.149378135999999984e+01 1.229430249564910982e+00 1.427410558999999912e+00
5.225479433000000284e+01 1.051288248936454561e+00 1.422730724000000002e+00
5.287214139000000301e+01 8.169073597710682089e-01 1.422924330999999931e+00
5.330826704999999777e+01 5.416907702560261884e-01 1.420128800999999941e+00
5.353397406999999930e+01 2.831143626085791398e-01 1.395788687000000028e+00
5.353649582999999978e+01 2.833790569863555708e-01 1.414193232999999994e+00
5.331003098000000051e+01 5.421068285166033007e-01 1.436619336999999996e+00
5.287310976999999923e+01 8.173261307634166473e-01 1.434129221000000065e+00
5.225529453000000046e+01 1.051656841891265737e+00 1.430944001000000076e+00
5.149398146000000054e+01 1.229728646752539234e+00 1.433675814999999965e+00
5.063097862000000049e+01 1.345024700131819184e+00 1.447097701999999986e+00
4.971111634999999751e+01 1.391781617815326832e+00 1.475020164000000022e+00
4.878504300000000171e+01 1.354388441939104348e+00 1.518528520999999909e+00
