0.000000000000000000e+00 0.000000000000000000e+00 0.000000000000000000e+00
3.368363083000000202e+00 4.945452324116338616e+00 1.220343320000000009e+00
6.607920455000000359e+00 4.675139932002735144e+00 1.248627294999999915e+00
9.600199269000000868e+00 4.209111486290114001e+00 1.294898474000000022e+00
1.221554964999999982e+01 3.555091289420424960e+00 1.363171099999999969e+00
1.433937521000000004e+01 2.755971274933831872e+00 1.450192287999999996e+00
1.432145496999999956e+01 4.109625638740793119e-01 1.750380518000000052e+00
1.405862772000000049e+01 3.515854227482415051e-01 1.650831042999999942e+00
1.388300442999999973e+01 1.465319305161887908e-01 1.583443179000000089e+00
3.367812634999999943e+00 4.946062452002541576e+00 6.470878436000000455e-01
4.446995646999999607e+00 4.556929256345433110e+00 9.566794494000000482e-01
7.074684203000000338e+00 4.443035073149781411e+00 1.189959509999999998e+00
9.846317570000000075e+00 4.036280617543663851e+00 1.281806600999999990e+00
1.231007939999999934e+01 3.319656668001399247e+00 1.375219441999999903e+00
1.401251000999999974e+01 1.286516333688007885e+00 1.643268375999999975e+00
1.405941761999999962e+01 7.437715653117665804e-01 1.755172648999999918e+00
1.380780060999999925e+01 7.734054571027677571e-01 1.668082035000000074e+00
1.361980402999999917e+01 7.509173827231916398e-01 1.601117142999999965e+00
6.607357270999999699e+00 4.675436426002402612e+00 6.977515565999999891e-01
7.074153680000000222e+00 4.443064108337429374e+00 7.889951103000000243e-01
8.539803137999999905e+00 4.002760264808000734e+00 1.029157204000000103e+00
1.062795174999999936e+01 3.578825325841602734e+00 1.228668569000000099e+00
1.263501502999999992e+01 2.686039493196766603e+00 1.397463399000000051e+00
1.369139383999999993e+01 4.962242431907056273e-01 1.720625022999999976e+00
1.358413795999999962e+01 7.846955170831483306e-01 1.776885075999999897e+00
1.326024611999999969e+01 9.879297078432798251e-01 1.709073488999999890e+00
1.298974710000000066e+01 1.101409347108780912e+00 1.647921752000000017e+00
9.599583033000000043e+00 4.209424653723476517e+00 7.889044624000000061e-01
9.845576971999999927e+00 4.036359204917456367e+00 8.339076807999999952e-01
1.062738623999999987e+01 3.578621065343488894e+00 9.759773102000000033e-01
1.191241896999999916e+01 3.021496238847146021e+00 1.182092353999999901e+00
1.325895084000000068e+01 1.943488168215986800e+00 1.421751524000000044e+00
1.361762764000000026e+01 2.950431107040747958e-01 1.759777906000000058e+00
1.329390023999999926e+01 6.234886337890304109e-01 1.760229747999999983e+00
1.283773681000000089e+01 7.629702001055939098e-01 1.684897319000000060e+00
1.233995793000000063e+01 8.716480006592264296e-01 1.626518359999999941e+00
1.221494451999999953e+01 3.555464260074010063e+00 9.281791144000000049e-01
1.230917963999999998e+01 3.319608308957883835e+00 9.773335265000000494e-01
1.263397858000000085e+01 2.685541405406691950e+00 1.123317847000000036e+00
1.325813400999999914e+01 1.942925420246133461e+00 1.350410477999999914e+00
1.405903136000000053e+01 1.385407560734462473e+00 1.528526639000000076e+00
1.382612469000000033e+01 6.492495162949470933e-01 1.811776473000000109e+00
1.345835261000000038e+01 7.617396177940812807e-01 1.706595013000000050e+00
1.307691825999999935e+01 9.268181378283070204e-01 1.587932716999999938e+00
1.272469275000000088e+01 1.128447909188636800e+00 1.474983775999999969e+00
1.433885697999999920e+01 2.756415000938790882e+00 1.110158573000000093e+00
1.401176410000000061e+01 1.289202452368489960e+00 1.543644381000000010e+00
1.369057991999999935e+01 4.975439176884146053e-01 1.724739103000000107e+00
1.361696874000000079e+01 2.945624800414702871e-01 1.878631128999999955e+00
1.382604601999999971e+01 6.495965979907001309e-01 1.978464374000000081e+00
1.395126411999999938e+01 9.701005755519583051e-02 1.894556769000000029e+00
1.379463153000000020e+01 5.091470945222182909e-01 1.735001366999999961e+00
1.355047116999999979e+01 6.981336205979938869e-01 1.624174457000000071e+00
1.331036321000000022e+01 7.398235340726250220e-01 1.550607277999999978e+00
1.432287587999999978e+01 4.105524781275565749e-01 1.890030364000000018e+00
1.406013731000000000e+01 7.444967158421034181e-01 1.940052134999999955e+00
1.358413728999999925e+01 7.849838101136742408e-01 1.926375001999999892e+00
1.329357992000000088e+01 6.232676148591924647e-01 1.940344915000000059e+00
1.345841685999999982e+01 7.621557107165409795e-01 1.917389457999999935e+00
1.379502418999999946e+01 5.087506880682265420e-01 1.857070704000000072e+00
1.391821376999999949e+01 9.250684032955024463e-03 1.762669896000000014e+00
1.383308180000000043e+01 3.312485256163582026e-01 1.666710582000000107e+00
1.366517851999999955e+01 4.827728582773521682e-01 1.594362687999999917e+00
1.406034818999999914e+01 3.511669073074957237e-01 1.830946635000000100e+00
1.380894888999999992e+01 7.741157483993981181e-01 1.906525578000000110e+00
1.326064481999999956e+01 9.885596259377410489e-01 1.909831725999999952e+00
1.283755041999999946e+01 7.629502434068334837e-01 1.903185142999999968e+00
1.307720094000000088e+01 9.273864954346773271e-01 1.828091469000000080e+00
1.355118870000000086e+01 6.978933488035267141e-01 1.775699903000000024e+00
1.383353226999999919e+01 3.303115681811704119e-01 1.729003467000000072e+00
1.390812052999999970e+01 1.236089871350700385e-02 1.677210647999999971e+00
1.385445400000000049e+01 2.108172661577815410e-01 1.625151038999999908e+00
1.388499084999999944e+01 1.462549939829818901e-01 1.811705609999999966e+00
1.362125471000000054e+01 7.516152961025461821e-01 1.867792635999999895e+00
1.299057473000000051e+01 1.102149539601894546e+00 1.877024250999999921e+00
1.233993579999999923e+01 8.720447220871144767e-01 1.856031890999999989e+00
1.272549964000000067e+01 1.129132059056441095e+00 1.724006093000000073e+00
1.331167173999999953e+01 7.395122539905323311e-01 1.699942735999999899e+00
1.366622354000000072e+01 4.806807837858472210e-01 1.670917065000000035e+00
1.385445469000000074e+01 2.101903532850994127e-01 1.643207418000000031e+00
1.389851400999999953e+01 5.988722479229679520e-03 1.635189049000000061e+00
3.367737099000000178e+00 4.946339450541723082e+00 1.222566309000000073e+00
4.447448991999999990e+00 4.557367842693640370e+00 1.108983854999999963e+00
7.075081706999999831e+00 4.443077575640557164e+00 1.202506333999999955e+00
9.846539705999999725e+00 4.036029359651161386e+00 1.286466963999999935e+00
1.230993121999999929e+01 3.318739657016569033e+00 1.379830188999999985e+00
1.401106689000000038e+01 1.285376120638996866e+00 1.634600137000000064e+00
1.405841069999999959e+01 7.443132707055383213e-01 1.746812956000000083e+00
1.380713680999999937e+01 7.738539739733723000e-01 1.666208697000000072e+00
1.361953961999999940e+01 7.510692426009243361e-01 1.605456785999999969e+00
1.361991388000000036e+01 7.507623269276664235e-01 1.612065384000000101e+00
1.380810057999999962e+01 7.730439940472989546e-01 1.683089607999999959e+00
1.405978318999999921e+01 7.433171774945093180e-01 1.767134599000000028e+00
1.401261474999999912e+01 1.287635793435254694e+00 1.627696736000000088e+00
1.230968518000000067e+01 3.319860705812721413e+00 1.366107951000000043e+00
9.845798475000000494e+00 4.036230801851680816e+00 1.274103902000000010e+00
7.074123260000000357e+00 4.442742852519016239e+00 1.188917259999999976e+00
4.446547350000000343e+00 4.556404082917765663e+00 1.093956321999999926e+00
4.446632592000000272e+00 4.557055035831384160e+00 9.552646309000000224e-01
5.308783069000000410e+00 4.414383152509833153e+00 1.005161699000000075e+00
7.543759988999999777e+00 4.281096683473387010e+00 1.157718114999999992e+00
1.010580902999999964e+01 3.888237544702742188e+00 1.272256999999999971e+00
1.242185141999999942e+01 3.113130207258369531e+00 1.387474335000000059e+00
1.394124180999999929e+01 1.110152309052063968e+00 1.634513514000000001e+00
1.406139049999999990e+01 4.675492859480021024e-01 1.715591038999999984e+00
1.383575966999999984e+01 5.266796254048770054e-01 1.634965431999999996e+00
1.364850331000000061e+01 4.676505080394350866e-01 1.567778847999999892e+00
1.364862654000000042e+01 4.676287092125036016e-01 1.567912616000000092e+00
1.383604124999999918e+01 5.265520636255323073e-01 1.634062858999999923e+00
1.406169167999999914e+01 4.673937933779645504e-01 1.710589217000000106e+00
1.394120582999999947e+01 1.111390996668680797e+00 1.618976149999999947e+00
1.242113860000000081e+01 3.113552006001921058e+00 1.373317318000000009e+00
1.010484128999999953e+01 3.888172924044745127e+00 1.259011037000000055e+00
7.542721026999999800e+00 4.280607170557646057e+00 1.142253469999999993e+00
5.307997048999999912e+00 4.413640559990076540e+00 9.872274570000000304e-01
7.074042320000000217e+00 4.443098304671392107e+00 7.894927818000000430e-01
7.543070190999999980e+00 4.280996098233909031e+00 8.605077045000000258e-01
8.944940074999999879e+00 3.949781113334181359e+00 1.041889330000000058e+00
1.090613373000000053e+01 3.511156147605462241e+00 1.223067216000000013e+00
1.278922709999999974e+01 2.568902561034116960e+00 1.401017452000000052e+00
1.375720349000000020e+01 4.530717509545607036e-01 1.719998284000000099e+00
1.363763190999999964e+01 7.773636660343223870e-01 1.782546680000000050e+00
1.331715570999999976e+01 9.691378500256958572e-01 1.712090949999999889e+00
1.304836813999999912e+01 1.076909451086973446e+00 1.647272757999999948e+00
1.304839461999999983e+01 1.076890718812212322e+00 1.646461380000000085e+00
1.331716212999999982e+01 9.690922496615971271e-01 1.710145311000000001e+00
1.363745094000000080e+01 7.770569495200095878e-01 1.777972112000000049e+00
1.375643057999999996e+01 4.538827130287495515e-01 1.705253713999999921e+00
1.278835446999999981e+01 2.568738376638708409e+00 1.385799199000000037e+00
1.090532246999999977e+01 3.511001829796590812e+00 1.208292659999999907e+00
8.944326974999999180e+00 3.949599262920365117e+00 1.026087336000000017e+00
7.542797174999999577e+00 4.280973323838368927e+00 8.487791487000000412e-01
9.845517820999999614e+00 4.036379950680109907e+00 8.342676749999999863e-01
1.010486432999999984e+01 3.888342226846440930e+00 8.774684297000000521e-01
1.090552431000000055e+01 3.511027458405505453e+00 1.004413103999999946e+00
1.216799851999999937e+01 3.012831256362534571e+00 1.189200709000000078e+00
1.344307500000000033e+01 1.907750828070979399e+00 1.429597116999999917e+00
1.368886907000000086e+01 3.898009566886102006e-01 1.797913722999999964e+00
1.335645212000000015e+01 6.211492448553737056e-01 1.774890851999999963e+00
1.293370924999999971e+01 7.283533944285280892e-01 1.686140130999999931e+00
1.250675470999999916e+01 7.404406678954640331e-01 1.595915200999999950e+00
1.250699043999999915e+01 7.408181368214128426e-01 1.594247626999999889e+00
1.293395826999999976e+01 7.285935532146902149e-01 1.684878732000000046e+00
1.335662933999999957e+01 6.211945017421662829e-01 1.774140816999999926e+00
1.368872224999999965e+01 3.898464693676139681e-01 1.793284987000000053e+00
1.344246698999999978e+01 1.907521265053683912e+00 1.414875490000000013e+00
1.216769118000000027e+01 3.013073781675518426e+00 1.175508814000000068e+00
1.090536658000000081e+01 3.511251407585870954e+00 9.926955624000000089e-01
1.010480667000000032e+01 3.888450310963852630e+00 8.709587057000000021e-01
1.230917149000000066e+01 3.319751245602693857e+00 9.755016357000000360e-01
1.242091568000000024e+01 3.113606997816880995e+00 1.019928190999999984e+00
1.278823960999999976e+01 2.568727912359860532e+00 1.152369637000000058e+00
1.344229902000000010e+01 1.907198202409408516e+00 1.372532539000000051e+00
1.404574344999999980e+01 5.371789625070377827e-01 2.016491685000000089e+00
1.377040245999999968e+01 5.145644571302818715e-01 1.862723268999999959e+00
1.345506115000000058e+01 5.865971698024503578e-01 1.736216616999999962e+00
1.314525435999999914e+01 7.292201741757738942e-01 1.608749839999999987e+00
1.291177015000000061e+01 9.204165009919031970e-01 1.507049453999999900e+00
1.291201912000000007e+01 9.207477212139028033e-01 1.508466802999999912e+00
1.314575587000000034e+01 7.298020428339726529e-01 1.612943983999999942e+00
1.345571643999999978e+01 5.869042437486752251e-01 1.743655034999999964e+00
1.377121767999999946e+01 5.141266668887042313e-01 1.874588015999999913e+00
1.404695728000000088e+01 5.360229326928392934e-01 2.039489752000000156e+00
1.344289807000000003e+01 1.909029723523035571e+00 1.364186139999999936e+00
1.278853160000000067e+01 2.569608959284050531e+00 1.145092634999999914e+00
1.242101850000000063e+01 3.113922280111104168e+00 1.016514640000000025e+00
1.401217811000000069e+01 1.289729063916262186e+00 1.487801812999999918e+00
1.394124837000000028e+01 1.113126542265386432e+00 1.518700093000000084e+00
1.375651346999999980e+01 4.543907194249918735e-01 1.722549526000000109e+00
1.368838988000000079e+01 3.894268218444349450e-01 1.913862479999999922e+00
1.377045537000000053e+01 5.142826727778004869e-01 1.978946542000000086e+00
1.378079780000000021e+01 4.852768521055717543e-01 1.883218169999999914e+00
1.366182689999999944e+01 5.175957663957948540e-01 1.750564741000000035e+00
1.349117803999999943e+01 5.345987557125208012e-01 1.639149783999999999e+00
1.334636227000000019e+01 5.084987372049966092e-01 1.562685496999999923e+00
1.334667652000000082e+01 5.087659263054400416e-01 1.567116586000000034e+00
1.349183217999999940e+01 5.342599962671064073e-01 1.649220056999999962e+00
1.366271749000000035e+01 5.163893841466705714e-01 1.765691864999999972e+00
1.378197456000000010e+01 4.836704473598921750e-01 1.903583448000000011e+00
1.377189487999999962e+01 5.139309023929226061e-01 1.996721581999999939e+00
1.368977609999999956e+01 3.896225494591210592e-01 1.917898788000000021e+00
1.375747673999999954e+01 4.544152696092113586e-01 1.716814017999999997e+00
1.394174995000000017e+01 1.113645791196114399e+00 1.506922845999999927e+00
1.406055356999999972e+01 7.438655930939367389e-01 1.809692832000000084e+00
1.406264213000000041e+01 4.676852314331034766e-01 1.829017053000000059e+00
1.363771002000000010e+01 7.776330652967891055e-01 1.928868105999999916e+00
1.335631837000000033e+01 6.210235950692153395e-01 1.945830720000000014e+00
1.345531876000000082e+01 5.866515180596688639e-01 1.909750859000000078e+00
1.366221692999999959e+01 5.171816748227902050e-01 1.838353719000000108e+00
1.372809552000000011e+01 5.342393730180896583e-01 1.755090888000000016e+00
1.367410386999999972e+01 5.182127523588980766e-01 1.670969362999999985e+00
1.358607025000000057e+01 4.335549141163310694e-01 1.600066302999999968e+00
1.358642256999999987e+01 4.334305284571792760e-01 1.606192813000000053e+00
1.367477766000000017e+01 5.171522852513161794e-01 1.682847057999999896e+00
1.372894712999999989e+01 5.327350441561565786e-01 1.770325576000000067e+00
1.366323648999999918e+01 5.161466299472911023e-01 1.853146885999999993e+00
1.345658809000000034e+01 5.866680158375290333e-01 1.915608986000000069e+00
1.335769082000000019e+01 6.211333311183375727e-01 1.943209533999999961e+00
1.363869371999999913e+01 7.771743405339327504e-01 1.925903303999999983e+00
1.406325696000000036e+01 4.672183889288148428e-01 1.807282284000000017e+00
1.380935069000000048e+01 7.735413608562998755e-01 1.755529695999999973e+00
1.383738516999999923e+01 5.268128594995457048e-01 1.798789124000000017e+00
1.331756659999999926e+01 9.697650757369310481e-01 1.911154025000000090e+00
1.293373337000000056e+01 7.283589240337302595e-01 1.899249127000000037e+00
1.314577303999999991e+01 7.296832931121204346e-01 1.808583037000000004e+00
1.349191433000000018e+01 5.342285062971795506e-01 1.754547489999999987e+00
1.367449232999999964e+01 5.180083573998168767e-01 1.716246551000000009e+00
1.371607947000000038e+01 5.488149526695373925e-01 1.674626465000000008e+00
1.368784723999999997e+01 5.159081767149390485e-01 1.630400403000000109e+00
1.368817313999999996e+01 5.155577806580960987e-01 1.636318045999999971e+00
1.371664971999999949e+01 5.478506035241428318e-01 1.683534499999999934e+00
1.367517383000000031e+01 5.169741589620394651e-01 1.724217270000000024e+00
1.349266066999999936e+01 5.338551874885524295e-01 1.755625938999999969e+00
1.314667599999999936e+01 7.297848854522480666e-01 1.794859369000000093e+00
1.293495577999999924e+01 7.287429165386507535e-01 1.880069983999999916e+00
1.331846061000000070e+01 9.693542459407720191e-01 1.903753902999999914e+00
1.383794465999999979e+01 5.264586577780190346e-01 1.785799853000000104e+00
1.362159280999999922e+01 7.511908767545193433e-01 1.704932898999999891e+00
1.365028011999999968e+01 4.681110172525678181e-01 1.753214902000000075e+00
1.304904306000000069e+01 1.077663578844460179e+00 1.877654780999999939e+00
1.250695683000000002e+01 7.403171764469324012e-01 1.837527335999999956e+00
1.291247558999999967e+01 9.208130399128245935e-01 1.687612236999999960e+00
1.334725081999999929e+01 5.084964964793311504e-01 1.659787166000000092e+00
1.358661002000000018e+01 4.337583847742838006e-01 1.646015913000000053e+00
1.368782838999999996e+01 5.159413475801689630e-01 1.639589589000000069e+00
1.370632288999999915e+01 5.528628709107810124e-01 1.636498999999999926e+00
1.370654449000000064e+01 5.525214286321641355e-01 1.639495901999999949e+00
1.368822210999999989e+01 5.153153966094553562e-01 1.640791469999999919e+00
1.358715070000000047e+01 4.329796015910320484e-01 1.640784731999999968e+00
1.334787751000000000e+01 5.083444516068897912e-01 1.640916819999999943e+00
1.291299620000000026e+01 9.213908494696204654e-01 1.641470779999999907e+00
1.250749809000000035e+01 7.414777885781381750e-01 1.774616184000000096e+00
1.304963419000000080e+01 1.077587331350006394e+00 1.866040157999999893e+00
1.365071973999999955e+01 4.678118594145370124e-01 1.749638001999999970e+00
6.607447256999999574e+00 4.675507239792540126e+00 1.249812410000000096e+00
7.074755380000000038e+00 4.443259527638883988e+00 1.202915638999999981e+00
8.540657720000000452e+00 4.003084396440523385e+00 1.185570811000000058e+00
1.062860240000000012e+01 3.578634646189217783e+00 1.279637968000000070e+00
1.263495932999999916e+01 2.684430710012824406e+00 1.423399982000000064e+00
1.368995810999999918e+01 4.954947434782866478e-01 1.704180854999999939e+00
1.358277348999999923e+01 7.846133483862688385e-01 1.746857718000000004e+00
1.325916194000000026e+01 9.879828454567818330e-01 1.677994224999999950e+00
1.298926789999999976e+01 1.101431618858511374e+00 1.615749791000000046e+00
1.299002667000000066e+01 1.101253900701992361e+00 1.628581877000000011e+00
1.326085274999999974e+01 9.876579584780625920e-01 1.706653324999999999e+00
1.358475559999999938e+01 7.843834981504760329e-01 1.777772255999999995e+00
1.369159890999999973e+01 4.971832050534402692e-01 1.709808583999999909e+00
1.263426937999999922e+01 2.686497083131845542e+00 1.396472085000000085e+00
1.062702874000000008e+01 3.578587703821302757e+00 1.255917753999999942e+00
8.539009800000000538e+00 4.002343465103602504e+00 1.165255957999999925e+00
7.073766634000000053e+00 4.442932199930635484e+00 1.190201207000000094e+00
7.074020864000000408e+00 4.443048054134173697e+00 1.187696467999999950e+00
7.543533346000000250e+00 4.281200025297638767e+00 1.155396686000000006e+00
8.945579949000000752e+00 3.950063489518893967e+00 1.161141793999999949e+00
1.090663724999999928e+01 3.511166420135701571e+00 1.264971505999999968e+00
1.278933870000000006e+01 2.568095405412594179e+00 1.421450421999999936e+00
1.375623977999999958e+01 4.527699330270690825e-01 1.698537989999999942e+00
1.363655851999999946e+01 7.774491933279135125e-01 1.748338304000000010e+00
1.331626503999999933e+01 9.692686247920481168e-01 1.677746973999999947e+00
1.304791739999999933e+01 1.077000462689322813e+00 1.611375014000000050e+00
1.304867714999999961e+01 1.076834172583324367e+00 1.624238180000000087e+00
1.331796899000000067e+01 9.689395228990796971e-01 1.706955004999999970e+00
1.363853175999999934e+01 7.769106768820985831e-01 1.780692326000000048e+00
1.375747117999999958e+01 4.540853622361603059e-01 1.702384061000000059e+00
1.278830549999999988e+01 2.569611472315553424e+00 1.393784133999999897e+00
1.090489941000000051e+01 3.511011826946370817e+00 1.240379042000000043e+00
8.943788309000000325e+00 3.949349188438346037e+00 1.139633898000000034e+00
7.542367012999999787e+00 4.280728408974953325e+00 1.141595423000000054e+00
8.539345411999999413e+00 4.002680997579570743e+00 1.026810489999999909e+00
8.944860870999999491e+00 3.949840424855947330e+00 1.039061961000000034e+00
1.009982566000000048e+01 3.759137247525355718e+00 1.099740640999999908e+00
1.171354951000000000e+01 3.325103365358213825e+00 1.225863410999999958e+00
1.325665685999999965e+01 2.290414998908831379e+00 1.415100403999999923e+00
1.397198651000000069e+01 5.354397046324566034e-01 1.658767351000000057e+00
1.369117426000000037e+01 7.140700811002435033e-01 1.861920639000000044e+00
1.340193522000000037e+01 7.028819720989440967e-01 1.779326517999999968e+00
1.320053970999999926e+01 6.328863497123440318e-01 1.724226000000000036e+00
1.320116362999999993e+01 6.330395729679114680e-01 1.735266320000000029e+00
1.340347908999999937e+01 7.027885406462022200e-01 1.806806235999999899e+00
1.369312399000000013e+01 7.135293840265617415e-01 1.898267700999999974e+00
1.397186113999999968e+01 5.363667045423103907e-01 1.639387753999999919e+00
1.325557322999999954e+01 2.291170237570901769e+00 1.385997804000000055e+00
1.171208095000000071e+01 3.325011541434625961e+00 1.200258636000000045e+00
1.009846607999999968e+01 3.758795697136602776e+00 1.077688200999999957e+00
8.944034882000000408e+00 3.949581799889597011e+00 1.025153647000000001e+00
1.062714352999999967e+01 3.578656324977269598e+00 9.754098987000000553e-01
1.090550643999999991e+01 3.511068560132730276e+00 1.003067380999999925e+00
1.171291281999999967e+01 3.324948533906697978e+00 1.081248803000000036e+00
1.288918707000000019e+01 2.957854590052114929e+00 1.211663313999999936e+00
1.393145758000000001e+01 7.829298094572354483e-01 1.695467072000000019e+00
1.369907992000000085e+01 6.241132596468126348e-01 1.935295404000000108e+00
1.338397108999999929e+01 6.227665069183982993e-01 1.851846574999999939e+00
1.306740178000000085e+01 5.205381158588000545e-01 1.754734980999999916e+00
1.283227579999999968e+01 2.705843084667100551e-01 1.671575204000000037e+00
1.283281771999999954e+01 2.721320534611516573e-01 1.674873186999999986e+00
1.306872571000000072e+01 5.206538952947575849e-01 1.766993953999999922e+00
1.338568148000000058e+01 6.217847423824736097e-01 1.870821206000000014e+00
1.370084999000000003e+01 6.221572056553894559e-01 1.957494826000000021e+00
1.393132053999999975e+01 8.062363902268669946e-01 1.675216172000000059e+00
1.288833157999999912e+01 2.958101408986707703e+00 1.188673483999999947e+00
1.171218720999999974e+01 3.325039962736844767e+00 1.062761059999999924e+00
1.090510921999999994e+01 3.511138157502641466e+00 9.925692696000000259e-01
1.263396930000000040e+01 2.686153447774578318e+00 1.115707129000000020e+00
1.278833981999999914e+01 2.569182446514898466e+00 1.146102052999999898e+00
1.325571161000000053e+01 2.290621889904845165e+00 1.236359106999999957e+00
1.393076497999999930e+01 7.905149040589880549e-01 1.707151693999999997e+00
1.376141976999999983e+01 6.943978439394161706e-01 2.004850881999999945e+00
1.351587505000000000e+01 6.687518968143925102e-01 1.920132262000000090e+00
1.327049105999999945e+01 6.089851906209430288e-01 1.809554015000000016e+00
1.305915657000000074e+01 5.458326643223027075e-01 1.695532760000000083e+00
1.293671014999999969e+01 5.051705441731575430e-01 1.622848084999999996e+00
1.293731026999999933e+01 5.049381241639198103e-01 1.629943367999999948e+00
1.306067958999999945e+01 5.449987663995503606e-01 1.713667325000000075e+00
1.327251225000000012e+01 6.077225674696331570e-01 1.833367831999999975e+00
1.351808718999999925e+01 6.673750970545004879e-01 1.946708952000000048e+00
1.376354624999999920e+01 6.932250272257052259e-01 2.033406451999999920e+00
1.393192114000000004e+01 8.061501857899776580e-01 1.713041135000000104e+00
1.325567966999999925e+01 2.291464711666457710e+00 1.223095521999999935e+00
1.278828801999999953e+01 2.569624787788981735e+00 1.139361145999999936e+00
1.369133547000000029e+01 4.977778458880964263e-01 1.647240427999999923e+00
1.375718718000000074e+01 4.543172871943093605e-01 1.650796834000000102e+00
1.397176336000000063e+01 5.354051418743243085e-01 1.646272693000000009e+00
1.369937260000000023e+01 6.234461206235666353e-01 2.011587248000000105e+00
1.351612684999999914e+01 6.685603475244895622e-01 1.971283292999999937e+00
1.338685959999999930e+01 7.186777239880282053e-01 1.883115615999999992e+00
1.326860766999999974e+01 7.512821449958251296e-01 1.778626679999999904e+00
1.315765556000000025e+01 7.569959376298925902e-01 1.683599464999999906e+00
1.308209231000000017e+01 7.463398157926102172e-01 1.623391374999999970e+00
1.308271219000000052e+01 7.460185172935920317e-01 1.632392261999999983e+00
1.315915236000000021e+01 7.560199972709872318e-01 1.704497136999999940e+00
1.327058105000000054e+01 7.499876654903069317e-01 1.804402078999999937e+00
1.338906429000000031e+01 7.174632457756999759e-01 1.909353356000000002e+00
1.351828367999999969e+01 6.676660965516652002e-01 1.994442572999999941e+00
1.370116108999999938e+01 6.226727184665297177e-01 2.030567528999999816e+00
1.397254464999999968e+01 5.369453645068192893e-01 1.626771983999999893e+00
1.375758468999999984e+01 4.549079283725759315e-01 1.644292797999999944e+00
1.358500680999999943e+01 7.845415902707914002e-01 1.799527365999999962e+00
1.363842024999999936e+01 7.773078283812889788e-01 1.803431145000000013e+00
1.369219230000000032e+01 7.145045836828419761e-01 1.967423568999999928e+00
1.338442365000000045e+01 6.223886428259741699e-01 1.971985432999999954e+00
1.327102303999999933e+01 6.087400172691619371e-01 1.908879666999999891e+00
1.326896510999999990e+01 7.513293722284658527e-01 1.828278478999999956e+00
1.325658319999999968e+01 8.363950143504628176e-01 1.752839124000000082e+00
1.321343992000000078e+01 8.625923806499466995e-01 1.683969193999999892e+00
1.316924829000000052e+01 8.612808403452111294e-01 1.633287597000000035e+00
1.316985387999999979e+01 8.609587322780747343e-01 1.642716756000000000e+00
1.321480146000000033e+01 8.616987010653843759e-01 1.703506157000000076e+00
1.325830312999999983e+01 8.352407878500587302e-01 1.774799645999999953e+00
1.327085600999999926e+01 7.502094509487501339e-01 1.848002340999999937e+00
1.327292682999999940e+01 6.080832746314918102e-01 1.921498040999999990e+00
1.338612941000000056e+01 6.220195880868637506e-01 1.977759352999999942e+00
1.369339313000000047e+01 7.135408135626281068e-01 1.979639994000000014e+00
1.363894323000000064e+01 7.772710407772305263e-01 1.801647261000000055e+00
1.326153296999999931e+01 9.880184687289388368e-01 1.758065736000000046e+00
1.331828048999999936e+01 9.693528940864828414e-01 1.759802389999999939e+00
1.340293233000000050e+01 7.036479004865325848e-01 1.917274772999999932e+00
1.306788687000000060e+01 5.203722559292057737e-01 1.911143258999999928e+00
1.305989405999999953e+01 5.459661945538455408e-01 1.814030357999999898e+00
1.315825655000000083e+01 7.573504541110707144e-01 1.754499333999999910e+00
1.321369175999999968e+01 8.628795170996425012e-01 1.713116631999999973e+00
1.321664359000000033e+01 9.057661256459114130e-01 1.674727523000000051e+00
1.319796125000000053e+01 9.160053402561956215e-01 1.642105303999999988e+00
1.319852228000000061e+01 9.156711906380171628e-01 1.650751475000000079e+00
1.321776700999999932e+01 9.050043486988694763e-01 1.688599010999999983e+00
1.321506671999999938e+01 8.619213981349221898e-01 1.725209871999999978e+00
1.315974325000000000e+01 7.563253243736843823e-01 1.760297806000000076e+00
1.306135577000000048e+01 5.452303083353693403e-01 1.807563833999999980e+00
1.306928270000000047e+01 5.207589051709361483e-01 1.894053849999999928e+00
1.340408758999999961e+01 7.027746880780212368e-01 1.918183501999999985e+00
1.331880469999999939e+01 9.693487842513817121e-01 1.758210056000000021e+00
1.299128894000000045e+01 1.101746194816237701e+00 1.706679365999999920e+00
1.304967420000000011e+01 1.077337202292857343e+00 1.705304388999999921e+00
1.320120275999999926e+01 6.340416283009094878e-01 1.882388613999999905e+00
1.283244634999999967e+01 2.711761874120918736e-01 1.831985766000000071e+00
1.293711017000000041e+01 5.060696833904132497e-01 1.715140212999999969e+00
1.308238811999999918e+01 7.473413450146990655e-01 1.680825452000000109e+00
1.316926254000000007e+01 8.621588056554416735e-01 1.662399922000000085e+00
1.319777941999999982e+01 9.165127847283353058e-01 1.647516718000000102e+00
1.319654073999999966e+01 9.340254265301654035e-01 1.640021493999999969e+00
1.319694619999999929e+01 9.337343820581845977e-01 1.644793854000000000e+00
1.319854600000000033e+01 9.159911494371054674e-01 1.650220996000000051e+00
1.317034665000000082e+01 8.614023383835710534e-01 1.660273952000000053e+00
1.308369197000000028e+01 7.463838364669878045e-01 1.668949755000000090e+00
1.293839187999999929e+01 5.050622020108653798e-01 1.684506658000000101e+00
1.283331156000000028e+01 2.725501754849401492e-01 1.774571244000000103e+00
1.320217852999999941e+01 6.332263203625697612e-01 1.873831648999999988e+00
1.305008742000000055e+01 1.077489211887094012e+00 1.705580705000000030e+00
9.599760274999999510e+00 4.209426530405962374e+00 1.295096884999999975e+00
9.846159585000000547e+00 4.036259569020451465e+00 1.286211476000000076e+00
1.062837524999999950e+01 3.578697175563608113e+00 1.279345621000000044e+00
1.191353505999999918e+01 3.021630345634231940e+00 1.345498840999999945e+00
1.325933277999999937e+01 1.941984055651864161e+00 1.522531054999999967e+00
1.361667811999999955e+01 2.959822218025716101e-01 1.780311149000000093e+00
1.329285755999999985e+01 6.232559189830325641e-01 1.772918116999999905e+00
1.283677452999999957e+01 7.624533999471265755e-01 1.702923739000000047e+00
1.233928990000000070e+01 8.707690931138272195e-01 1.614334109999999933e+00
1.234057579000000082e+01 8.717939552523731317e-01 1.643047090000000043e+00
1.283844118000000023e+01 7.630109045093835807e-01 1.739362956999999987e+00
1.329449873000000082e+01 6.233074541432642723e-01 1.808709048000000097e+00
1.361786496999999940e+01 2.940791613290948403e-01 1.799287312999999999e+00
1.325800367000000080e+01 1.944184302349434734e+00 1.482201976000000032e+00
1.191142282999999935e+01 3.021312453269341169e+00 1.311709954999999983e+00
1.062676259000000023e+01 3.578650310502492715e+00 1.256718124000000048e+00
9.845381505000000644e+00 4.036471565112157656e+00 1.274768598999999947e+00
9.845512135999999970e+00 4.036221578413693223e+00 1.279315087000000073e+00
1.010534846000000009e+01 3.888191815964151754e+00 1.269135031000000025e+00
1.090644348999999913e+01 3.511124253742878398e+00 1.262828805000000054e+00
1.216906900000000036e+01 3.013077913090849602e+00 1.331494957000000090e+00
1.344362465999999934e+01 1.906547246237684234e+00 1.518064708999999901e+00
1.368818830999999925e+01 3.903907357005453882e-01 1.802262746000000027e+00
1.335571123999999976e+01 6.210350382977518624e-01 1.780756141999999986e+00
1.293303120999999933e+01 7.281716028173431665e-01 1.701123334999999903e+00
1.250625909999999941e+01 7.402635492496144609e-01 1.601789083999999974e+00
1.250729238999999993e+01 7.413079349123491424e-01 1.625417812000000017e+00
1.293469419000000009e+01 7.288691015512510640e-01 1.737485498000000073e+00
1.335753532999999926e+01 6.213882465219161544e-01 1.820142061999999950e+00
1.368966194999999963e+01 3.894892375311715949e-01 1.831056499000000004e+00
1.344216632999999916e+01 1.909122499601373590e+00 1.478530746999999979e+00
1.216681108999999950e+01 3.012832045396566905e+00 1.297717685999999926e+00
1.090459811000000023e+01 3.511005503150166351e+00 1.240308450999999978e+00
1.010436907999999967e+01 3.888320075896374295e+00 1.257772982000000095e+00
1.062703894999999932e+01 3.578384444752647831e+00 1.222811702000000000e+00
1.090570591000000000e+01 3.510886949571027760e+00 1.216123599999999971e+00
1.171337839999999986e+01 3.324912075875932516e+00 1.220904414999999910e+00
1.288980139999999963e+01 2.957966976681932092e+00 1.295791503000000011e+00
1.393126520000000035e+01 7.762601666191767391e-01 1.696538196999999970e+00
1.369881801999999915e+01 6.234293061582451001e-01 1.922444245999999968e+00
1.338371824999999937e+01 6.221130378047238230e-01 1.850537158999999932e+00
1.306718981999999940e+01 5.198938703301847486e-01 1.757538253999999966e+00
1.283212173000000078e+01 2.705178963024104100e-01 1.657681037999999996e+00
1.283277572000000077e+01 2.723810289286552333e-01 1.674056348999999999e+00
1.306892082999999971e+01 5.214223008372801393e-01 1.793996067999999999e+00
1.338601431999999924e+01 6.225845487580119464e-01 1.895330068000000034e+00
1.370124908000000019e+01 6.230956710245928454e-01 1.970488766999999974e+00
1.393182069000000034e+01 8.123313156499181176e-01 1.697434365999999972e+00
1.288782158999999972e+01 2.957939526580539713e+00 1.262833048999999930e+00
1.171172621999999919e+01 3.324838483974164927e+00 1.199100837999999891e+00
1.090477461000000048e+01 3.510879198655754152e+00 1.204948389999999980e+00
1.191166665999999985e+01 3.021040150822365877e+00 1.177173821000000009e+00
1.216766140000000007e+01 3.012502150719133631e+00 1.182528500000000093e+00
1.288900077000000088e+01 2.957495203163765574e+00 1.205768525999999952e+00
1.391055429999999937e+01 2.755244913692715070e+00 1.273385299999999942e+00
1.372102399000000084e+01 7.532567218744325999e-01 2.006603512999999950e+00
1.342384750000000082e+01 7.907243024763694894e-01 1.956639360000000050e+00
1.311408875999999957e+01 7.983226952040460844e-01 1.891628002999999891e+00
1.281262891999999987e+01 7.624189086857439124e-01 1.819345782000000078e+00
1.259169115000000083e+01 6.673084872546047874e-01 1.764137886999999960e+00
1.259257559999999998e+01 6.678517530275324132e-01 1.776331649000000068e+00
1.281473283000000052e+01 7.627690768958752532e-01 1.846627545999999898e+00
1.311674926000000063e+01 7.981280953337942519e-01 1.924486302000000038e+00
1.342663789999999935e+01 7.900752015915378790e-01 1.991277444000000063e+00
1.372361420000000010e+01 7.522906601758297951e-01 2.041486298999999782e+00
1.390914850999999963e+01 2.755413535065081465e+00 1.245511800000000058e+00
1.288785640999999949e+01 2.957612628446101066e+00 1.187326973000000008e+00
1.216701574999999913e+01 3.012554335937416283e+00 1.172818281000000074e+00
1.325788207999999990e+01 1.943859298329278174e+00 1.332705438999999936e+00
1.344232290999999968e+01 1.908108903794376143e+00 1.353719176000000024e+00
1.393110740999999919e+01 7.921491847689527965e-01 1.675828776999999992e+00
1.372120046999999943e+01 7.534492310410034754e-01 2.023842219000000053e+00
1.342650040000000011e+01 8.024119378837342165e-01 1.993737327999999920e+00
1.313755923000000081e+01 8.181200199408756868e-01 1.936382998000000022e+00
1.286314181000000012e+01 8.076371977938073821e-01 1.854416531999999895e+00
1.262086945000000071e+01 7.991031932078238587e-01 1.761927347000000088e+00
1.245805662999999974e+01 8.150270913984690724e-01 1.696157077999999929e+00
1.245901040999999942e+01 8.151798181113287800e-01 1.708523844999999985e+00
1.262312398000000080e+01 7.991649245400501700e-01 1.787830462999999925e+00
1.286601171000000043e+01 8.073113500739342863e-01 1.882941428000000084e+00
1.314060416000000053e+01 8.173866803635572165e-01 1.963815607999999990e+00
1.342934986999999936e+01 8.013770645919618962e-01 2.019480662999999954e+00
1.372354896999999951e+01 7.522371733847182940e-01 2.048464430000000114e+00
1.393164986000000027e+01 8.116325107949582396e-01 1.671909636999999949e+00
1.344213122999999932e+01 1.908852900467779001e+00 1.346955286999999890e+00
1.361775558000000075e+01 2.939872317840597771e-01 1.788125999000000022e+00
1.368902697999999951e+01 3.891542487247019455e-01 1.825482086999999920e+00
1.369942995999999980e+01 6.242254482023418261e-01 1.969957471999999932e+00
1.342413636999999937e+01 7.911766794804843128e-01 1.998685438999999953e+00
1.313769955000000067e+01 8.183881680108612278e-01 1.965353861999999951e+00
1.290997416000000086e+01 8.430216521869196011e-01 1.892527866000000003e+00
1.273086651999999930e+01 8.855100456910479645e-01 1.800429035000000066e+00
1.258558471999999995e+01 9.310801908124157755e-01 1.715307751999999963e+00
1.248580154999999969e+01 9.622570538241478344e-01 1.662249226999999996e+00
1.248668143999999991e+01 9.622086911073535198e-01 1.674178898000000082e+00
1.258765771999999927e+01 9.307512633410023328e-01 1.739748472000000046e+00
1.273358494000000007e+01 8.849101685678693041e-01 1.826756022000000090e+00
1.291298659999999998e+01 8.422377275198995594e-01 1.915723296999999992e+00
1.314062964000000022e+01 8.174120026001752137e-01 1.983826333999999969e+00
1.342661840999999967e+01 7.899845094336110929e-01 2.014467792000000035e+00
1.370111988000000025e+01 6.228570748695870796e-01 1.983447377000000067e+00
1.368961243000000039e+01 3.893329862383591577e-01 1.826239160000000084e+00
1.329452831000000046e+01 6.231823371197504624e-01 1.821431569000000028e+00
1.335692522999999987e+01 6.209969033706529418e-01 1.833336561000000087e+00
1.338435536000000070e+01 6.232810280016921611e-01 1.917938565000000040e+00
1.311438096999999914e+01 7.990946256368322009e-01 1.964935743999999929e+00
1.286337183000000017e+01 8.083630708154474487e-01 1.919272094000000095e+00
1.273098549000000013e+01 8.860558073286086689e-01 1.836284631999999917e+00
1.264728668000000056e+01 9.733174050421768975e-01 1.757551961000000107e+00
1.257145339000000028e+01 1.028087731175269859e+00 1.694112894000000091e+00
1.251125103000000038e+01 1.050967974181691522e+00 1.654230131999999909e+00
1.251206767000000042e+01 1.050847334460118798e+00 1.665282729000000073e+00
1.257329638999999943e+01 1.027608117566004786e+00 1.715337316999999917e+00
1.264966607999999937e+01 9.725541198628648853e-01 1.779647769000000102e+00
1.273366393000000052e+01 8.851659883580692556e-01 1.854416448999999911e+00
1.286612406999999969e+01 8.074998758000204724e-01 1.930490868999999998e+00
1.311687176999999949e+01 7.980719258061340637e-01 1.972438987999999949e+00
1.338609413000000004e+01 6.222319355961487553e-01 1.924977200000000055e+00
1.335763299999999987e+01 6.211913708297094328e-01 1.832490479999999922e+00
1.283861897999999968e+01 7.629929373351340693e-01 1.768053547000000059e+00
1.293433107000000071e+01 7.282460201070370953e-01 1.768922593999999959e+00
1.306766638999999941e+01 5.213960653032190251e-01 1.848011794999999902e+00
1.281274602999999956e+01 7.636051601451981918e-01 1.927357975999999917e+00
1.262104399000000043e+01 8.006431603403124653e-01 1.856036712999999949e+00
1.258562844000000069e+01 9.324314436904015402e-01 1.775724413000000057e+00
1.257134044000000017e+01 1.028950811175831648e+00 1.718878719000000110e+00
1.254061751999999963e+01 1.087326810847699665e+00 1.676658785000000096e+00
1.250706671999999919e+01 1.111221333895678232e+00 1.650943277000000098e+00
1.250781592999999958e+01 1.111031764763503960e+00 1.660575981000000034e+00
1.254215416000000083e+01 1.086807071971237049e+00 1.691956924000000084e+00
1.257327577000000041e+01 1.028245937895304385e+00 1.732878927000000013e+00
1.258779750000000064e+01 9.316437983186885985e-01 1.784710280999999954e+00
1.262334393999999982e+01 7.998768799982479694e-01 1.857123268000000049e+00
1.281505023000000065e+01 7.629445210577489034e-01 1.927254835999999916e+00
1.306930254000000069e+01 5.209559035632735924e-01 1.853804382000000084e+00
1.293497492000000015e+01 7.287973150534972078e-01 1.765757510999999891e+00
1.234104100000000059e+01 8.724147620347759702e-01 1.697269187999999929e+00
1.250747840999999916e+01 7.401181220636133817e-01 1.681908984999999968e+00
1.283232991000000034e+01 2.707889969378773909e-01 1.768508635000000107e+00
1.259127647000000039e+01 6.689241576093342134e-01 1.898177956000000055e+00
1.245757719000000030e+01 8.173652285988631805e-01 1.793839541000000093e+00
1.248512807000000002e+01 9.645092781795256975e-01 1.723489883999999916e+00
1.251039105000000085e+01 1.052971917271848801e+00 1.682364074999999959e+00
1.250628327999999989e+01 1.112658431404499826e+00 1.654426611000000102e+00
1.249199192999999930e+01 1.140363281872036394e+00 1.643557546000000036e+00
1.249253709999999984e+01 1.140139966669643901e+00 1.648977912999999962e+00
1.250732121999999968e+01 1.112314627872842632e+00 1.659247039999999895e+00
1.251182222999999993e+01 1.052608549040736863e+00 1.684356771000000030e+00
1.248682301000000017e+01 9.642571320593782414e-01 1.719188989000000056e+00
1.245936900999999963e+01 8.171817075743231795e-01 1.780687085000000058e+00
1.259306122999999999e+01 6.686812307537440825e-01 1.892246507999999938e+00
1.283341290999999984e+01 2.726553728045983394e-01 1.785994663000000093e+00
1.250763167999999936e+01 7.415253892372327682e-01 1.680658325000000008e+00
1.221516038999999942e+01 3.555407430874865771e+00 1.361946324000000041e+00
1.230956873999999956e+01 3.319021789495582908e+00 1.378747914000000074e+00
1.263465756000000084e+01 2.684633063645739171e+00 1.425083585999999958e+00
1.325917448000000043e+01 1.942185047169373791e+00 1.533048559999999894e+00
1.406001660000000086e+01 1.384799502182286313e+00 1.692181804000000067e+00
1.382588404000000004e+01 6.496623284385207864e-01 1.879091829999999907e+00
1.345818314999999998e+01 7.622805770914594659e-01 1.814020257999999997e+00
1.307690357999999975e+01 9.273781359942265823e-01 1.735197402000000055e+00
1.272486898999999916e+01 1.128805017396094623e+00 1.666288245999999917e+00
1.272488863000000059e+01 1.128056302777785236e+00 1.677967892000000072e+00
1.307710265999999955e+01 9.263130830030469332e-01 1.756097997999999993e+00
1.345855633999999945e+01 7.613717623585214422e-01 1.842558579000000085e+00
1.382632742999999920e+01 6.491757398573021476e-01 1.915862573999999929e+00
1.405827896999999993e+01 1.386108931936494759e+00 1.630525071000000104e+00
1.325778932000000054e+01 1.944331074019815642e+00 1.496895818000000045e+00
1.263390565999999993e+01 2.686686861543501781e+00 1.401198370999999998e+00
1.230928390000000050e+01 3.320149053622132307e+00 1.366507179999999932e+00
1.230904956000000006e+01 3.319228147372046411e+00 1.371261389999999913e+00
1.242110551999999934e+01 3.112738274472599542e+00 1.382846884000000109e+00
1.278885106000000071e+01 2.567795284878853224e+00 1.419531855000000009e+00
1.344335251000000042e+01 1.906534718838643006e+00 1.528834406999999951e+00
1.404566703999999966e+01 5.369092526068277582e-01 1.993343247000000096e+00
1.377033684999999963e+01 5.145170855234109109e-01 1.904469627999999970e+00
1.345510827000000020e+01 5.868847393454904582e-01 1.822040869999999924e+00
1.314544822000000046e+01 7.297558865107794945e-01 1.721275735999999945e+00
1.291199081999999976e+01 9.207854539095915447e-01 1.613299379000000089e+00
1.291203843000000084e+01 9.204772902162291492e-01 1.622235150000000070e+00
1.314584237000000044e+01 7.292882044031631095e-01 1.743233191999999931e+00
1.345594713000000020e+01 5.865801515133706179e-01 1.854633348999999987e+00
1.377153807000000008e+01 5.141821746136120419e-01 1.948378590999999993e+00
1.404720320000000022e+01 5.364520952213339688e-01 2.052406394000000134e+00
1.344188315999999972e+01 1.909237713749250220e+00 1.494445711000000010e+00
1.278784313999999966e+01 2.569713249120827658e+00 1.396937553999999970e+00
1.242063341999999970e+01 3.113783650594536656e+00 1.371548809999999952e+00
1.263353513999999933e+01 2.685124152391233032e+00 1.387930668000000090e+00
1.278820561999999939e+01 2.568066526036362429e+00 1.388695369999999985e+00
1.325596587000000071e+01 2.289673542578582577e+00 1.404147408000000041e+00
1.393120504000000004e+01 7.834066452276085002e-01 1.739564407999999895e+00
1.376138423999999993e+01 6.942652371737951800e-01 1.988566843000000084e+00
1.351592345000000073e+01 6.684849601736179148e-01 1.941118812000000027e+00
1.327066957000000080e+01 6.087454338953963706e-01 1.868634029000000085e+00
1.305944374000000074e+01 5.458415539980003839e-01 1.767973119000000093e+00
1.293687654999999914e+01 5.053841605578516250e-01 1.666099074999999985e+00
1.293712762000000005e+01 5.050414846641654298e-01 1.673315236999999955e+00
1.306038760000000032e+01 5.453134163357313824e-01 1.788431514000000000e+00
1.327233163000000005e+01 6.083315848235683054e-01 1.899395879000000065e+00
1.351805453000000057e+01 6.680271767098602265e-01 1.979373881999999973e+00
1.376365406999999941e+01 6.936384173979852630e-01 2.031056297000000121e+00
1.393156671000000024e+01 8.171467370450895551e-01 1.737129882999999930e+00
1.325491869000000023e+01 2.291042013454320792e+00 1.385434730999999919e+00
1.278765783999999961e+01 2.568832130271110348e+00 1.379931090999999999e+00
1.325728598999999974e+01 1.942539395982818107e+00 1.410853008999999991e+00
1.344188216999999952e+01 1.906883638351964949e+00 1.412702375000000066e+00
1.393078741999999970e+01 7.925266341051110386e-01 1.653621223999999890e+00
1.372114282999999979e+01 7.534254480368050011e-01 2.000216632999999966e+00
1.342647969999999980e+01 8.023657725759415493e-01 1.983754972999999922e+00
1.313761193999999932e+01 8.180543056456105466e-01 1.951936608000000017e+00
1.286329970999999972e+01 8.076316299068140303e-01 1.902002701000000018e+00
1.262111069000000008e+01 7.993077320796206919e-01 1.832529038999999971e+00
1.245816261999999952e+01 8.153374396526734680e-01 1.760915750999999974e+00
1.245872115999999963e+01 8.151102319096679150e-01 1.765952026999999980e+00
1.262271452000000060e+01 7.991156695176625524e-01 1.846557436999999968e+00
1.286570163999999927e+01 8.075116412681413447e-01 1.923050654000000081e+00
1.314044896000000051e+01 8.176846779649067365e-01 1.978208296999999893e+00
1.342935126999999973e+01 8.016235636343440607e-01 2.013347491999999850e+00
1.372366376999999993e+01 7.523736397858056257e-01 2.030646114000000058e+00
1.393083384000000002e+01 8.166218010939405580e-01 1.648048299999999911e+00
1.344142601000000070e+01 1.907465375669792129e+00 1.407812776999999960e+00
1.405752919999999939e+01 1.384664041286423952e+00 1.514736113999999967e+00
1.404565642999999930e+01 5.374873659986822982e-01 1.970240170999999929e+00
1.376133762999999988e+01 6.947182869948825834e-01 1.982229202999999940e+00
1.342641914000000014e+01 8.026727431531952561e-01 1.985108357999999962e+00
1.308351580000000070e+01 8.736758199869347763e-01 1.973106604000000042e+00
1.275588897999999993e+01 8.934638813046761330e-01 1.941385660999999985e+00
1.246096441000000077e+01 8.398434533470862107e-01 1.885516057000000023e+00
1.221763153999999929e+01 6.957885172760343018e-01 1.805675699000000023e+00
1.206357019000000008e+01 4.946206390638809292e-01 1.727311516000000102e+00
1.206434506999999989e+01 4.955644126463190080e-01 1.732586425999999902e+00
1.221970211999999911e+01 6.968487350247940526e-01 1.817975957000000031e+00
1.246390880000000045e+01 8.402199945712374163e-01 1.901254897999999915e+00
1.275926231999999949e+01 8.931487927227199641e-01 1.959297279999999919e+00
1.308685866999999980e+01 8.728230675820159989e-01 1.992699132999999900e+00
1.342931961000000030e+01 8.014622208625634681e-01 2.005738200000000138e+00
1.376348542000000030e+01 6.933243199199093931e-01 2.002324435999999874e+00
1.404683542999999979e+01 5.361198227940355832e-01 1.985347972000000016e+00
1.382628094999999924e+01 6.490603091225988219e-01 1.895158995999999929e+00
1.377034755000000033e+01 5.144567484191364670e-01 1.915962549000000070e+00
1.351573810000000009e+01 6.691487160559187464e-01 1.948084423000000065e+00
1.313735834999999952e+01 8.186859133386946707e-01 1.961918102999999913e+00
1.275568812999999935e+01 8.939398041869840439e-01 1.951631558999999960e+00
1.242743077000000085e+01 9.264064598185973720e-01 1.906183838000000019e+00
1.217644985999999996e+01 9.125946737974398593e-01 1.829296111999999974e+00
1.200734386999999970e+01 8.267451936072095497e-01 1.745201492000000076e+00
1.192064191000000051e+01 7.031068379517739775e-01 1.688401668000000022e+00
1.192141059000000070e+01 7.037522580878257106e-01 1.694222267000000004e+00
1.200944611000000073e+01 8.275470290223652103e-01 1.758819487000000015e+00
1.217951666000000088e+01 9.128221881764996271e-01 1.844840666999999934e+00
1.243103175000000071e+01 9.260584539354412836e-01 1.920336744000000095e+00
1.275930914999999999e+01 8.930850213125178794e-01 1.964279039000000004e+00
1.314052567000000060e+01 8.174550782040476138e-01 1.974864176000000082e+00
1.351810176000000041e+01 6.676958617055743783e-01 1.962347722999999933e+00
1.377155031999999935e+01 5.139677854545040558e-01 1.926877833999999901e+00
1.345860790999999956e+01 7.614090083010461862e-01 1.837245197000000108e+00
1.345504859000000053e+01 5.862580713092220286e-01 1.845269341999999924e+00
1.327026867000000010e+01 6.093454611738770010e-01 1.893926500000000068e+00
1.286271510999999990e+01 8.084462000021631622e-01 1.928996734000000046e+00
1.246038436000000083e+01 8.409404552102501818e-01 1.915048217999999913e+00
1.217604449999999972e+01 9.135691534130419011e-01 1.849161118999999909e+00
1.199436397000000021e+01 1.015594024602085144e+00 1.771744511999999938e+00
1.188113712000000000e+01 1.029293831576136853e+00 1.710592107000000084e+00
1.182894894999999913e+01 9.616973778209428891e-01 1.677004817000000036e+00
1.182972035000000055e+01 9.620360682037603084e-01 1.683121258999999981e+00
1.188316121999999986e+01 1.029452296818167190e+00 1.725307299000000016e+00
1.199720860999999950e+01 1.015331981683316620e+00 1.788709239999999978e+00
1.217943419999999932e+01 9.131307837719947473e-01 1.863537199999999894e+00
1.246397752000000025e+01 8.403712445928886998e-01 1.925038296999999954e+00
1.286597489000000039e+01 8.074499396660361761e-01 1.938515935999999940e+00
1.327269281999999961e+01 6.080168358184949717e-01 1.906269780999999996e+00
1.345618675999999958e+01 5.866142054795822069e-01 1.853339300000000023e+00
1.307721893999999985e+01 9.265305364292069079e-01 1.767166621999999965e+00
1.314529122000000072e+01 7.288191605436533660e-01 1.757343802000000066e+00
1.305887981000000053e+01 5.461480238977003410e-01 1.821273343999999961e+00
1.262013327999999923e+01 8.001309714165056874e-01 1.887487907999999992e+00
1.221647049000000074e+01 6.975432462738848649e-01 1.861873888000000088e+00
1.200621042000000038e+01 8.288875655790289843e-01 1.783930011000000038e+00
1.188027074000000027e+01 1.030741031497740323e+00 1.722403423999999905e+00
1.178987292999999958e+01 1.142465974798416495e+00 1.683119682999999922e+00
1.174745004000000037e+01 1.133505158000270407e+00 1.668177395000000063e+00
1.174822625000000009e+01 1.133633575034287855e+00 1.674402025000000016e+00
1.179167355000000050e+01 1.142272996411478614e+00 1.697064342000000003e+00
1.188262051999999969e+01 1.030408111424941930e+00 1.738510374000000080e+00
1.200895268999999921e+01 8.285423717696382973e-01 1.799549830999999989e+00
1.221956510000000051e+01 6.976778870479966033e-01 1.875196172999999966e+00
1.262319646000000084e+01 7.997287610573859951e-01 1.902634727999999997e+00
1.306116839999999968e+01 5.451448102862830325e-01 1.841932292999999943e+00
1.314629462000000082e+01 7.298182212602336572e-01 1.768455622999999921e+00
1.272512477000000075e+01 1.128641183198915154e+00 1.704886184000000027e+00
1.291199551000000056e+01 9.204453571118139665e-01 1.660492596000000098e+00
1.293655133999999940e+01 5.059653348437832543e-01 1.750173792000000006e+00
1.245699476000000061e+01 8.166740065388209402e-01 1.848234173999999896e+00
1.206160264999999931e+01 4.965367600059006903e-01 1.807183938000000101e+00
1.191835275000000038e+01 7.051292527469832372e-01 1.734030919999999920e+00
1.182666661999999924e+01 9.633962272273995930e-01 1.684982999000000037e+00
1.174558724999999981e+01 1.134914591913165793e+00 1.652396739999999919e+00
1.169707836000000079e+01 1.208463617468972018e+00 1.649989323000000008e+00
1.169771468999999975e+01 1.208346751804536767e+00 1.655138602999999931e+00
1.174684176000000058e+01 1.134627447353637963e+00 1.661444142999999984e+00
1.182837508999999976e+01 9.629034543409408231e-01 1.697350982999999980e+00
1.192025448999999959e+01 7.046710748098479193e-01 1.749423114000000057e+00
1.206360508000000031e+01 4.969056665951435137e-01 1.828457387999999906e+00
1.245925085999999915e+01 8.169734549113955024e-01 1.879359425999999944e+00
1.293829516999999996e+01 5.051439183872034056e-01 1.788943868000000048e+00
1.291265791000000007e+01 9.217954452604933957e-01 1.682728511999999954e+00
1.433906087999999990e+01 2.756249123136528034e+00 1.447088989999999908e+00
1.401120513999999950e+01 1.287543038759841885e+00 1.642263248999999981e+00
1.369010154999999962e+01 4.963328479729966491e-01 1.721831713000000041e+00
1.361685177000000024e+01 2.956405977093686799e-01 1.815423537999999892e+00
1.382615350999999926e+01 6.495499562308013619e-01 1.932285808999999910e+00
1.395127834000000000e+01 9.687580115291645477e-02 1.933848656999999971e+00
1.379475092999999930e+01 5.090032829388436708e-01 1.833162313999999959e+00
1.355069677000000006e+01 6.980289015607342717e-01 1.737133468999999986e+00
1.331064952000000012e+01 7.398077626737342705e-01 1.659426784999999960e+00
1.331047835000000035e+01 7.396468431247964492e-01 1.663866526999999929e+00
1.355046607000000058e+01 6.979947622138372720e-01 1.745983135999999991e+00
1.379460513999999982e+01 5.090153121362046562e-01 1.852242892000000030e+00
1.395134288000000033e+01 9.748691459809541437e-02 1.973552984999999982e+00
1.382653623999999937e+01 6.491091614683811573e-01 1.972364301999999903e+00
1.361795485999999933e+01 2.937179840097292605e-01 1.840638191999999895e+00
1.369167062000000001e+01 4.980762095307342263e-01 1.732992745000000001e+00
1.401270835000000048e+01 1.289856451228187817e+00 1.639460839000000059e+00
1.401134814999999989e+01 1.289120547287459395e+00 1.657135696000000102e+00
1.394039622999999928e+01 1.111572876178986036e+00 1.641046865000000077e+00
1.375605720000000076e+01 4.533072319144733076e-01 1.714657995999999907e+00
1.368838343000000002e+01 3.900463673848844626e-01 1.839604020999999978e+00
1.377062615000000001e+01 5.142890918741069850e-01 1.945400564000000054e+00
1.378097398000000062e+01 4.851850758327665991e-01 1.929312093000000061e+00
1.366211514999999999e+01 5.174157627393831671e-01 1.842553322000000104e+00
1.349156559000000044e+01 5.345082486670386102e-01 1.734183005000000000e+00
1.334666563000000039e+01 5.085891331819503147e-01 1.624820943000000018e+00
1.334661997999999983e+01 5.085381499143378781e-01 1.628606345999999983e+00
1.349163824999999939e+01 5.342856503853157246e-01 1.743784801000000106e+00
1.366251087999999925e+01 5.166913705758570119e-01 1.861065868000000068e+00
1.378176391000000045e+01 4.841548401406913227e-01 1.962032167999999910e+00
1.377169639999999973e+01 5.140969126112792109e-01 1.987141649000000010e+00
1.368970863000000016e+01 3.891811188393775045e-01 1.871381549999999949e+00
1.375746707000000058e+01 4.549362608962108645e-01 1.725934405000000060e+00
1.394131171000000080e+01 1.113800110181249803e+00 1.633013894999999938e+00
1.369030249000000055e+01 4.979556973701347866e-01 1.717723292000000068e+00
1.375628803000000033e+01 4.542898376547822026e-01 1.709425033999999899e+00
1.397111955999999999e+01 5.358136170662087805e-01 1.654028024999999902e+00
1.369928552999999916e+01 6.234539406731293143e-01 1.939863423999999892e+00
1.351614393999999919e+01 6.686214624647945914e-01 1.951484186000000065e+00
1.338700782999999994e+01 7.187304149123213692e-01 1.927056214000000045e+00
1.326890670999999955e+01 7.512976239974038517e-01 1.868416276999999903e+00
1.315804001000000056e+01 7.570400668838387359e-01 1.780893134000000044e+00
1.308230391000000026e+01 7.464828848935303185e-01 1.691677207999999988e+00
1.308246920999999929e+01 7.461937063929749980e-01 1.693211446000000064e+00
1.315863343000000008e+01 7.563417725248410273e-01 1.785840936999999906e+00
1.327003602999999998e+01 7.503918903239692462e-01 1.879444871000000017e+00
1.338866113999999996e+01 7.178701762747603521e-01 1.947809533999999898e+00
1.351817358999999996e+01 6.680566437902877297e-01 1.983127513999999980e+00
1.370140868999999917e+01 6.230002088456488840e-01 1.978800791000000059e+00
1.397168723999999962e+01 5.371190148088816896e-01 1.651980470000000034e+00
1.375651101000000054e+01 4.551862005289037949e-01 1.704548755000000027e+00
1.361668672000000058e+01 2.938706290562022594e-01 1.737720399000000082e+00
1.368824580999999974e+01 3.893457362209055139e-01 1.767055845000000014e+00
1.369922973999999982e+01 6.239274736957479695e-01 1.906672828000000042e+00
1.342403904999999931e+01 7.911577449507527504e-01 1.944433489999999987e+00
1.313765182999999936e+01 8.184064775513509860e-01 1.945947636000000092e+00
1.291003904999999996e+01 8.430959179684777149e-01 1.930184708000000082e+00
1.273108017999999930e+01 8.856522951219693018e-01 1.891605642999999892e+00
1.258588918000000056e+01 9.313178278772709096e-01 1.830826803999999974e+00
1.248591985000000015e+01 9.625770097600339081e-01 1.765483546000000015e+00
1.248627302000000050e+01 9.623745064339128685e-01 1.762720915000000055e+00
1.258696972999999986e+01 9.308287753575019696e-01 1.826631719000000098e+00
1.273290916000000017e+01 8.850564635335457231e-01 1.892077019000000027e+00
1.291252008999999923e+01 8.425433264498346508e-01 1.940013498999999975e+00
1.314048604000000076e+01 8.178238839896870838e-01 1.966059589000000107e+00
1.342673311000000069e+01 7.902703050760605530e-01 1.970180009999999982e+00
1.370099775000000086e+01 6.222361334633336183e-01 1.924249399000000027e+00
1.368862103999999924e+01 3.892604580062937192e-01 1.768712389999999912e+00
1.382557970000000047e+01 6.496210332577132540e-01 1.775572718000000050e+00
1.376999655999999916e+01 5.144766061021205372e-01 1.827623774999999950e+00
1.351566554000000053e+01 6.689980092606627737e-01 1.896322344999999965e+00
1.313730943999999923e+01 8.186782187698626867e-01 1.923357715000000079e+00
1.275563885000000042e+01 8.939564555267550672e-01 1.935488781999999963e+00
1.242742383000000039e+01 9.264612296750905918e-01 1.931568442999999968e+00
1.217651962000000054e+01 9.127470328245450570e-01 1.897762179999999965e+00
1.200744959000000023e+01 8.270163927715074026e-01 1.826907158000000031e+00
1.192061494000000010e+01 7.032141321866659522e-01 1.748466006999999989e+00
1.192108544000000059e+01 7.033135551439703148e-01 1.742672119000000075e+00
1.200891775000000017e+01 8.271424631491373081e-01 1.815094610999999913e+00
1.217900226999999980e+01 9.127212555802690641e-01 1.889536386999999928e+00
1.243069264000000018e+01 9.262157720226380508e-01 1.933219044999999969e+00
1.275919103999999926e+01 8.933287507279769057e-01 1.947478056000000013e+00
1.314054804999999959e+01 8.175749109795811265e-01 1.941369346000000107e+00
1.351805526999999962e+01 6.674381698729698886e-01 1.913222001000000061e+00
1.377107737000000043e+01 5.140263937720926934e-01 1.835066254000000008e+00
1.395114440999999950e+01 9.704067939551849764e-02 1.852654124000000069e+00
1.378029135000000061e+01 4.856362974003343713e-01 1.857197709999999891e+00
1.338618443999999919e+01 7.190416396267443888e-01 1.875090311999999981e+00
1.290921799000000014e+01 8.434396861015148739e-01 1.895750052999999991e+00
1.242682180999999986e+01 9.267489500926510138e-01 1.913426475000000071e+00
1.200071067999999919e+01 9.710846668090434841e-01 1.915217930999999929e+00
1.169946032000000002e+01 9.284257504672771555e-01 1.869616343999999986e+00
1.156502575000000022e+01 7.934137312654379048e-01 1.775941298000000002e+00
1.153649043000000063e+01 6.992031684400706881e-01 1.714004467000000087e+00
1.153701165999999922e+01 6.993236170720799061e-01 1.710208224000000055e+00
1.156669531999999911e+01 7.938924242289757682e-01 1.766130830999999901e+00
1.170244326000000079e+01 9.289461690794548199e-01 1.860966471000000011e+00
1.200461242999999989e+01 9.710656911900819033e-01 1.914961292000000093e+00
1.243088576999999972e+01 9.261550568597732846e-01 1.921303844999999955e+00
1.291282935999999992e+01 8.423220652486680393e-01 1.908834624999999896e+00
1.338892822000000038e+01 7.174955161798680647e-01 1.889920542999999897e+00
1.378184929999999930e+01 4.836393788104219604e-01 1.868637756000000039e+00
1.379482141000000084e+01 5.090334000961453942e-01 1.830727435000000014e+00
1.366153886000000028e+01 5.177903262412844043e-01 1.826607585999999950e+00
1.326792142000000041e+01 7.517385771811005979e-01 1.841712934000000024e+00
1.272982546000000070e+01 8.861193501103454828e-01 1.862811022000000039e+00
1.217517025999999980e+01 9.133052067070984714e-01 1.872296968999999978e+00
1.169839348000000001e+01 9.290024680218006425e-01 1.852306953000000034e+00
1.137193916000000016e+01 9.917988625210462095e-01 1.802734689000000001e+00
1.124533972999999953e+01 9.594363436873253326e-01 1.738396950000000052e+00
1.123888348999999920e+01 9.006670973881818476e-01 1.701471460999999907e+00
1.123947433999999923e+01 9.007803514317457294e-01 1.699935237999999904e+00
1.124718093999999979e+01 9.598239769132403953e-01 1.736476538000000014e+00
1.137506207999999930e+01 9.921563646928656111e-01 1.807115811000000072e+00
1.170236240999999922e+01 9.292940655211533452e-01 1.860948645999999984e+00
1.217931633999999974e+01 9.130420879852939597e-01 1.882800223000000051e+00
1.273350334000000039e+01 8.851469889223594345e-01 1.875934299000000083e+00
1.327071134000000008e+01 7.502570760187646792e-01 1.857596444999999985e+00
1.366306868000000030e+01 5.163457544769850527e-01 1.840568551999999913e+00
1.355087853999999936e+01 6.982475359190417619e-01 1.775084789999999968e+00
1.349122232999999937e+01 5.346759584823227440e-01 1.761955587000000101e+00
1.315717019000000043e+01 7.577278029543066395e-01 1.791900639999999933e+00
1.258439955999999960e+01 9.321898780126707251e-01 1.823238377000000021e+00
1.200541776999999932e+01 8.278435998227137160e-01 1.810348035999999938e+00
1.156287649000000073e+01 7.940114377165310433e-01 1.756874089999999944e+00
1.124360073000000071e+01 9.600174540994965700e-01 1.713121550000000104e+00
1.104600888999999952e+01 1.090090174987248695e+00 1.697437955000000054e+00
1.101657123999999932e+01 1.068424532425088058e+00 1.692564916000000030e+00
1.101722864999999985e+01 1.068544066797782133e+00 1.692780632000000063e+00
1.104788727000000037e+01 1.090327519370658083e+00 1.706894039000000030e+00
1.124617296000000088e+01 9.602812027459119992e-01 1.730189068000000052e+00
1.156603154000000089e+01 7.944715925694058045e-01 1.777472626000000000e+00
1.200898448999999957e+01 8.283301243017582305e-01 1.831915334000000062e+00
1.258772521000000033e+01 9.315354929980487197e-01 1.845040835999999906e+00
1.315968203999999986e+01 7.564190004703498227e-01 1.816444807000000106e+00
1.349252558000000057e+01 5.341447958163370036e-01 1.782712617000000055e+00
1.331122152999999919e+01 7.399866362877917103e-01 1.735863866999999949e+00
1.334687515000000069e+01 5.086849602586782648e-01 1.687516288999999947e+00
1.308192258999999957e+01 7.475428542957428535e-01 1.738539459999999925e+00
1.248456037000000052e+01 9.641252187684851149e-01 1.783258849000000090e+00
1.191817217000000007e+01 7.043426332645403853e-01 1.749989291999999974e+00
1.153363243999999987e+01 6.994663701975597503e-01 1.703614787000000019e+00
1.123605992999999970e+01 9.006676974155266580e-01 1.670103587999999917e+00
1.101414873999999955e+01 1.068478204685717081e+00 1.645885617000000023e+00
1.089941372999999913e+01 1.151090396333569243e+00 1.662915190000000099e+00
1.090007450999999961e+01 1.151127839754919613e+00 1.666847661999999897e+00
1.101557711999999967e+01 1.068599799343704637e+00 1.657027615000000065e+00
1.123807539999999960e+01 9.007048527435284058e-01 1.687470958000000021e+00
1.153588449999999987e+01 6.993469956859633685e-01 1.728141375999999951e+00
1.192045187999999989e+01 7.046060547957342379e-01 1.785031395000000076e+00
1.248685346000000074e+01 9.640039528483288489e-01 1.821403695000000100e+00
1.308371656999999999e+01 7.465448706081850849e-01 1.777534230000000104e+00
1.334779014000000075e+01 5.088079256870383649e-01 1.722218690000000052e+00
1.432258415999999990e+01 4.105606148320539717e-01 1.764412214000000034e+00
1.405945853999999962e+01 7.447809109931915472e-01 1.752616267999999922e+00
1.358337801999999961e+01 7.848294812267915255e-01 1.758921414000000016e+00
1.329321649000000072e+01 6.231951630546985754e-01 1.802235658000000074e+00
1.345854491000000053e+01 7.622984904829209762e-01 1.872597697000000005e+00
1.379508818999999953e+01 5.085720664949741066e-01 1.891472615999999940e+00
1.391825110999999993e+01 9.229970920886180347e-03 1.826359359000000016e+00
1.383323352000000028e+01 3.310228204528089524e-01 1.733850032999999957e+00
1.366543794000000034e+01 4.826021820928256822e-01 1.642938932000000074e+00
1.366521387999999959e+01 4.824026841330046889e-01 1.643193069999999922e+00
1.383300058999999926e+01 3.310417247990962153e-01 1.734717429000000033e+00
1.391805201000000025e+01 9.321756601039692461e-03 1.832955284000000074e+00
1.379490763999999992e+01 5.086393293029803919e-01 1.907779290999999988e+00
1.345884588999999920e+01 7.614275596674791036e-01 1.902220559000000089e+00
1.329477302999999999e+01 6.232549255987817061e-01 1.841799358000000053e+00
1.358530370000000076e+01 7.846285736298508340e-01 1.792880384000000049e+00
1.406080801999999963e+01 7.438100042386573962e-01 1.774574660999999942e+00
1.405992999999999959e+01 7.441008353539213527e-01 1.811731552999999995e+00
1.406163837000000072e+01 4.677185558095658946e-01 1.743054485999999903e+00
1.363711046000000060e+01 7.773701616968261563e-01 1.760767462000000005e+00
1.335612758999999983e+01 6.210015626240251718e-01 1.810529878000000092e+00
1.345550603000000045e+01 5.867932379780941288e-01 1.872626466999999906e+00
1.366238884999999925e+01 5.172528742195195983e-01 1.879904844999999991e+00
1.372829877000000032e+01 5.341320577368174893e-01 1.829319093999999923e+00
1.367440891999999941e+01 5.180504557184404391e-01 1.748632556000000005e+00
1.358631701999999919e+01 4.337072834608182714e-01 1.652971541000000100e+00
1.358624572000000086e+01 4.334084524269431471e-01 1.652200059999999970e+00
1.367443871999999949e+01 5.175780131765013170e-01 1.747618923000000102e+00
1.372853351000000011e+01 5.333016708485369684e-01 1.832220979999999999e+00
1.366275800000000018e+01 5.165161672281568528e-01 1.892256329999999931e+00
1.345619003000000014e+01 5.866538060069572680e-01 1.900030781999999974e+00
1.335771878999999984e+01 6.213744693307771128e-01 1.850154228000000067e+00
1.363900115000000035e+01 7.771819009944241907e-01 1.795841377999999988e+00
1.406289748999999922e+01 4.675055862286917052e-01 1.746266861000000059e+00
1.358415637999999959e+01 7.846752981298554808e-01 1.786820550999999924e+00
1.363765500000000053e+01 7.772692050789661300e-01 1.785292440000000092e+00
1.369204520999999986e+01 7.144269524333822785e-01 1.860761034000000036e+00
1.338430710999999995e+01 6.223051541812426590e-01 1.863563907999999936e+00
1.327101339000000024e+01 6.090017965082263895e-01 1.881192398999999904e+00
1.326903929000000026e+01 7.515487406374399271e-01 1.870822033000000051e+00
1.325679285999999912e+01 8.364734598968877055e-01 1.838201589000000080e+00
1.321376663999999934e+01 8.626132501376032602e-01 1.786274313999999919e+00
1.316943866999999990e+01 8.613707221723124752e-01 1.725248828000000012e+00
1.316953172000000016e+01 8.611391147731287665e-01 1.721145493999999943e+00
1.321416963999999972e+01 8.620517891023656842e-01 1.778286105000000061e+00
1.325759318000000064e+01 8.356228445719361408e-01 1.832429311000000061e+00
1.327021638999999986e+01 7.504837937247113011e-01 1.873325380999999901e+00
1.327256689000000023e+01 6.083605455714968802e-01 1.898362469999999913e+00
1.338622688000000061e+01 6.226196178240137602e-01 1.896031615000000059e+00
1.369359636999999985e+01 7.137696385034675295e-01 1.886931369000000025e+00
1.363813582999999952e+01 7.773696532540551596e-01 1.785365477000000034e+00
1.329356515999999999e+01 6.230705660028994508e-01 1.737618021000000068e+00
1.335620544000000010e+01 6.210560769553260529e-01 1.745634222999999929e+00
1.338415746000000084e+01 6.229639341168931033e-01 1.820807459000000073e+00
1.311426134000000054e+01 7.991119109597896175e-01 1.871732337999999940e+00
1.286324323999999919e+01 8.085147314570825250e-01 1.884174374999999957e+00
1.273094522000000062e+01 8.862455681921215245e-01 1.875965485000000044e+00
1.264741586000000062e+01 9.734732648502367747e-01 1.853832252999999985e+00
1.257172238000000064e+01 1.028250440227602036e+00 1.820332526999999923e+00
1.251137345000000067e+01 1.051210334075938668e+00 1.781108133999999898e+00
1.251159389000000033e+01 1.051047448548299235e+00 1.771017298999999934e+00
1.257248232999999971e+01 1.027795532157671277e+00 1.801481021999999932e+00
1.264879061000000071e+01 9.727427984559559038e-01 1.836983132000000074e+00
1.273293216000000072e+01 8.853706693707207309e-01 1.868684175000000058e+00
1.286575054999999956e+01 8.078828093297805157e-01 1.892410871000000050e+00
1.311687073999999953e+01 7.984698409608819158e-01 1.892158379000000057e+00
1.338591315000000037e+01 6.219731372928470892e-01 1.834987302999999903e+00
1.335678723000000012e+01 6.212000090760757542e-01 1.749359592000000019e+00
1.345791290999999923e+01 7.617782464912786766e-01 1.680049579999999931e+00
1.345467445999999967e+01 5.864579713408941686e-01 1.708993806999999920e+00
1.327023924000000044e+01 6.090798314716666662e-01 1.788394462999999934e+00
1.286266288000000024e+01 8.084940429368965287e-01 1.840175638999999919e+00
1.246024021000000026e+01 8.410345498514468776e-01 1.874420240999999931e+00
1.217591825999999955e+01 9.136661134927536176e-01 1.889380582999999891e+00
1.199437628999999994e+01 1.015752922740769559e+00 1.876410571999999943e+00
1.188126882999999978e+01 1.029516312921049170e+00 1.832043649999999912e+00
1.182894690000000004e+01 9.618170358788702412e-01 1.769451359999999918e+00
1.182926141000000086e+01 9.617414039694116568e-01 1.755416760999999992e+00
1.188233864999999945e+01 1.029291907147219742e+00 1.801526444999999921e+00
1.199634168000000045e+01 1.015275137261467453e+00 1.847598134000000059e+00
1.217877393000000019e+01 9.131879175054627984e-01 1.874422059000000029e+00
1.246368108000000063e+01 8.407077358439315473e-01 1.878809970000000051e+00
1.286594230000000039e+01 8.076628236232727964e-01 1.856689290000000048e+00
1.327259090000000086e+01 6.076935254608680781e-01 1.802983924999999932e+00
1.345564521999999918e+01 5.868846591110031818e-01 1.714321014000000032e+00
1.379454007000000004e+01 5.095103355186186844e-01 1.721349341999999893e+00
1.366146862000000084e+01 5.176100157115879341e-01 1.743978459999999897e+00
1.326798037000000008e+01 7.516665598753654587e-01 1.781438634999999993e+00
1.272984871999999967e+01 8.861865604035321642e-01 1.812580571999999890e+00
1.217511344999999956e+01 9.133686583344668986e-01 1.851158512999999894e+00
1.169828588000000025e+01 9.289930584989870566e-01 1.895420958999999961e+00
1.137185576000000076e+01 9.918752353358237794e-01 1.900705655999999966e+00
1.124536462999999920e+01 9.595031004531175967e-01 1.807335176000000043e+00
1.123888192000000075e+01 9.006296043583940092e-01 1.735205407999999894e+00
1.123927242999999976e+01 9.005826409470121252e-01 1.724705281999999951e+00
1.124666610999999961e+01 9.594923810408434450e-01 1.773895296999999927e+00
1.137446489999999955e+01 9.918871982828240119e-01 1.862774673000000103e+00
1.170200737000000046e+01 9.292734949796843669e-01 1.879854523000000110e+00
1.217917556999999995e+01 9.132180359111613521e-01 1.855626167999999909e+00
1.273347028999999964e+01 8.852348705528385597e-01 1.826309363000000019e+00
1.327066663999999996e+01 7.501531745104469406e-01 1.795004325999999928e+00
1.366287215999999916e+01 5.163498725122761535e-01 1.750829747000000047e+00
1.391837804999999939e+01 8.818336382851054214e-03 1.768726129999999896e+00
1.372771803999999918e+01 5.349390517622190089e-01 1.768949246999999891e+00
1.325573368999999957e+01 8.369769314078389089e-01 1.778359728000000084e+00
1.264603783999999997e+01 9.737551582335529643e-01 1.794477601000000089e+00
1.199287774000000084e+01 1.015785126380187586e+00 1.818316312999999962e+00
1.137060145000000055e+01 9.916559630805146242e-01 1.851402720999999918e+00
1.087986644999999974e+01 9.290768510378547562e-01 1.877558993000000065e+00
1.072554283999999925e+01 9.444349664489988250e-01 1.775455814999999937e+00
1.074492537999999975e+01 9.232572663344582597e-01 1.722746058000000025e+00
1.074539037000000086e+01 9.232700763470906846e-01 1.715879264000000015e+00
1.072704919000000068e+01 9.445509338060045224e-01 1.750451457000000044e+00
1.088316249000000013e+01 9.301148263581735520e-01 1.852343129000000088e+00
1.137475526999999964e+01 9.922715463615561227e-01 1.849890569000000040e+00
1.199700011000000011e+01 1.015525501363185201e+00 1.827220711000000053e+00
1.264961330999999944e+01 9.727789303320776293e-01 1.807819046999999957e+00
1.325841458000000017e+01 8.354775223181842847e-01 1.792159046999999950e+00
1.372921329999999962e+01 5.329410629004532884e-01 1.778612196000000090e+00
1.383367722999999927e+01 3.310312533356528086e-01 1.754882330000000046e+00
1.367418243999999916e+01 5.188158396568245401e-01 1.746253838999999974e+00
1.321290106000000009e+01 8.634415498491431196e-01 1.757179129000000062e+00
1.257023904999999964e+01 1.029064152832232626e+00 1.770208736999999921e+00
1.187921668999999980e+01 1.030152596184961133e+00 1.764392210000000016e+00
1.124302838999999921e+01 9.594580202715649042e-01 1.732538354999999974e+00
1.072341727000000056e+01 9.439626343045055545e-01 1.703570068999999965e+00
1.038779212000000030e+01 9.358794641154635219e-01 1.724292359999999968e+00
1.037765586000000084e+01 9.547673055810566023e-01 1.718231218999999976e+00
1.037818316000000074e+01 9.548600713720263311e-01 1.713866616000000009e+00
1.038954022000000066e+01 9.365924779706205072e-01 1.723100663999999949e+00
1.072598606000000032e+01 9.448197002932241517e-01 1.717176990000000014e+00
1.124628397000000035e+01 9.603343164012092537e-01 1.750316796999999980e+00
1.188272730999999993e+01 1.030278764173388373e+00 1.783080482999999994e+00
1.257335982999999935e+01 1.028265896333797391e+00 1.788942690999999918e+00
1.321523692999999966e+01 8.621276643347136615e-01 1.776450204000000088e+00
1.367545658999999958e+01 5.172248836426567298e-01 1.762548341000000018e+00
1.366622364999999917e+01 4.819298746985100634e-01 1.724372822000000083e+00
1.358661488000000084e+01 4.340535138841291607e-01 1.688318639000000010e+00
1.316903553999999943e+01 8.624633379639173869e-01 1.718993119999999930e+00
1.251004228000000040e+01 1.052681906723762717e+00 1.735232217000000077e+00
1.182660710000000037e+01 9.627686108284347899e-01 1.701847292999999928e+00
1.123613905999999929e+01 9.005870393451028688e-01 1.671415601000000084e+00
1.074218446000000071e+01 9.227924682926244015e-01 1.654551335999999928e+00
1.037520941999999913e+01 9.542799959903875973e-01 1.643811139000000088e+00
1.018448985000000029e+01 9.661549162574775140e-01 1.683548851000000068e+00
1.018508701999999921e+01 9.663790508513984134e-01 1.684974632000000083e+00
1.037657064999999967e+01 9.550298752558261661e-01 1.653642438000000103e+00
1.074412734000000036e+01 9.235058182420925466e-01 1.670050811000000079e+00
1.123833117999999942e+01 9.008831267206073301e-01 1.693023334999999907e+00
1.182879941999999929e+01 9.628134081739221362e-01 1.731384543000000109e+00
1.251206838999999960e+01 1.052317864493097499e+00 1.766602380999999999e+00
1.317057849999999952e+01 8.615782956207640453e-01 1.750116111000000085e+00
1.358744476000000034e+01 4.332285712979512260e-01 1.720444212000000084e+00
1.406005457999999919e+01 3.511689234563112882e-01 1.675641847999999934e+00
1.380841696999999968e+01 7.743535260303929801e-01 1.662219464000000091e+00
1.325995879999999971e+01 9.884375895839860870e-01 1.678928291999999933e+00
1.283717968000000020e+01 7.626100149644804427e-01 1.724697772000000073e+00
1.307733452000000085e+01 9.275111452460287342e-01 1.803280459000000002e+00
1.355122697000000009e+01 6.977589996655407800e-01 1.821547798000000107e+00
1.383352419000000033e+01 3.303818463641262637e-01 1.784482104999999930e+00
1.390820405999999920e+01 1.227784689067093656e-02 1.732483140999999893e+00
1.385460825000000007e+01 2.106721797008451191e-01 1.671284396999999977e+00
1.385430518999999983e+01 2.106591332918635873e-01 1.663557833000000041e+00
1.390793672999999941e+01 1.236561735680371046e-02 1.724324337000000096e+00
1.383327361000000089e+01 3.304300285169801121e-01 1.779183042000000103e+00
1.355095458000000086e+01 6.977552974327076996e-01 1.823706410000000000e+00
1.307745599999999975e+01 9.264919765658339301e-01 1.821813071000000006e+00
1.283875264999999999e+01 7.631910569409923184e-01 1.762754890000000074e+00
1.326160145999999962e+01 9.881491052157266308e-01 1.709074267999999952e+00
1.380936385999999949e+01 7.735622094957291806e-01 1.679773892000000046e+00
1.380886491999999954e+01 7.737280406437722080e-01 1.738123193000000066e+00
1.383660498000000061e+01 5.267311069473610274e-01 1.666358945999999897e+00
1.331704410000000038e+01 9.696311784544286994e-01 1.678731299999999926e+00
1.293349882000000051e+01 7.282731595560180127e-01 1.722550975999999956e+00
1.314591423000000070e+01 7.297788177411558275e-01 1.777231347999999933e+00
1.349201086000000060e+01 5.342591840927263247e-01 1.786457465000000022e+00
1.367458985999999932e+01 5.180371156391515575e-01 1.767707327000000106e+00
1.371628164000000005e+01 5.487140045103281460e-01 1.739823566999999960e+00
1.368802718999999968e+01 5.159759473386703599e-01 1.699539652999999984e+00
1.368787565000000050e+01 5.156686931965254184e-01 1.691858037999999897e+00
1.371624272000000033e+01 5.482772733818962463e-01 1.729041284000000012e+00
1.367468945999999974e+01 5.173918050594782381e-01 1.759431009000000046e+00
1.349209586999999999e+01 5.340700092704487867e-01 1.785043654000000091e+00
1.314614803999999992e+01 7.296021686940549200e-01 1.790706456999999974e+00
1.293485985000000049e+01 7.290131456311153002e-01 1.757684923000000010e+00
1.331862635999999966e+01 9.694855918488018975e-01 1.709240893999999900e+00
1.383763854999999943e+01 5.266293131634385283e-01 1.671862583000000013e+00
1.326083498999999932e+01 9.882092733268776907e-01 1.727310573000000016e+00
1.331764298000000046e+01 9.694281067096078841e-01 1.723544721999999974e+00
1.340285487000000053e+01 7.034886924307977019e-01 1.773627507000000048e+00
1.306776589999999949e+01 5.202160654998021494e-01 1.762029271999999924e+00
1.305984388999999979e+01 5.461811734156918341e-01 1.770286535999999966e+00
1.315823929999999997e+01 7.575474755957026796e-01 1.766121582000000023e+00
1.321378089999999972e+01 8.629723099453594504e-01 1.761659533000000000e+00
1.321687681999999953e+01 9.057809493281794300e-01 1.756895132999999998e+00
1.319813813000000025e+01 9.160325257787417241e-01 1.749678907999999922e+00
1.319812710999999972e+01 9.158315683922753081e-01 1.738193166999999928e+00
1.321712819000000039e+01 9.053171349302433502e-01 1.738896548000000042e+00
1.321435720000000025e+01 8.622282588231326983e-01 1.746131187000000029e+00
1.315901906000000032e+01 7.565379277579958872e-01 1.756723567999999958e+00
1.306076477000000047e+01 5.453446546527794814e-01 1.772525523000000103e+00
1.306910633999999938e+01 5.215155323693611011e-01 1.784322702000000094e+00
1.340406096000000069e+01 7.031185258041650066e-01 1.791837601999999974e+00
1.331813207999999982e+01 9.695574144202447897e-01 1.725172240000000023e+00
1.283772386999999959e+01 7.628506599728487325e-01 1.663836856000000086e+00
1.293364077999999928e+01 7.283341996180117128e-01 1.658717712999999927e+00
1.306753802999999969e+01 5.209596752586580504e-01 1.722279031000000016e+00
1.281264799000000032e+01 7.636722008553831209e-01 1.786668251000000041e+00
1.262082591999999970e+01 8.008909522521784341e-01 1.788172507000000078e+00
1.258547495000000005e+01 9.326893618746000536e-01 1.778510363000000094e+00
1.257136262000000038e+01 1.029095729961863936e+00 1.776842022999999937e+00
1.254082471000000076e+01 1.087405198276672813e+00 1.780443189000000093e+00
1.250722084000000045e+01 1.111348212950250769e+00 1.788192278999999996e+00
1.250731034000000008e+01 1.111193355977685426e+00 1.768929635999999972e+00
1.254135931000000070e+01 1.086990903369540851e+00 1.751534748000000086e+00
1.257241368000000037e+01 1.028385284579393044e+00 1.751460620000000024e+00
1.258697796999999952e+01 9.316801341850162732e-01 1.761228282000000034e+00
1.262275640000000010e+01 7.999169145205311526e-01 1.785199745999999976e+00
1.281484979999999929e+01 7.633082121211940407e-01 1.800767809000000108e+00
1.306903510999999973e+01 5.208142582994638170e-01 1.733596321999999912e+00
1.293420835999999952e+01 7.287357863445655948e-01 1.664664442000000077e+00
1.307664306999999937e+01 9.268736832897794820e-01 1.571854591999999995e+00
1.314505203999999949e+01 7.293053101012161310e-01 1.592155927000000082e+00
1.305903099000000012e+01 5.459059753607882204e-01 1.682842925000000101e+00
1.262015889000000080e+01 8.004230513232103439e-01 1.749528790999999917e+00
1.221620788000000069e+01 6.976489840141174570e-01 1.787246289000000044e+00
1.200596432999999941e+01 8.287738641151322083e-01 1.803597691000000003e+00
1.188022684999999967e+01 1.030720532563320857e+00 1.812906021000000090e+00
1.179001979999999961e+01 1.142572442253491083e+00 1.812281384999999911e+00
1.174753051000000070e+01 1.133617480381352349e+00 1.782947284000000021e+00
1.174770881000000067e+01 1.133484984273814167e+00 1.758317364999999910e+00
1.179081917000000068e+01 1.142262991724264820e+00 1.769367571999999944e+00
1.188177849999999935e+01 1.030168418655198703e+00 1.777278509999999923e+00
1.200825917000000054e+01 8.282006997691979677e-01 1.781441242999999952e+00
1.221919175999999929e+01 6.977390000876252385e-01 1.785991716999999923e+00
1.262307344999999970e+01 7.999067795402576841e-01 1.764274451999999993e+00
1.306100314999999945e+01 5.449833746549630487e-01 1.694658097999999891e+00
1.314581727999999927e+01 7.301467521517917003e-01 1.597333107999999946e+00
1.355061442000000049e+01 6.984547895172414922e-01 1.621985309999999902e+00
1.349124063999999912e+01 5.344812046356487434e-01 1.642742090000000044e+00
1.315738522999999915e+01 7.576257090870776034e-01 1.694691186000000016e+00
1.258452703999999933e+01 9.324249757814356832e-01 1.736224943000000076e+00
1.200535174000000005e+01 8.279422910645489742e-01 1.785584011999999943e+00
1.156280806000000005e+01 7.936488180918123136e-01 1.833929265999999947e+00
1.124362988999999935e+01 9.597706269647043875e-01 1.866061772999999979e+00
1.104607393000000037e+01 1.090183681647430625e+00 1.853473815000000080e+00
1.101663079000000067e+01 1.068415051678982097e+00 1.752441058000000051e+00
1.101689118000000001e+01 1.068338904621380481e+00 1.732642223000000037e+00
1.104711690999999973e+01 1.090064682151734132e+00 1.794373785000000110e+00
1.124563361000000050e+01 9.598245977027062281e-01 1.828567494999999932e+00
1.156567697999999922e+01 7.942897317087743714e-01 1.816180963999999953e+00
1.200882234000000004e+01 8.284385111111337574e-01 1.787629455999999895e+00
1.258763392000000003e+01 9.315681506980204585e-01 1.748804173999999989e+00
1.315957187999999967e+01 7.563717672181572427e-01 1.705068771999999955e+00
1.349228826999999953e+01 5.342658844893783954e-01 1.646679009999999943e+00
1.383357351000000079e+01 3.312195963976183877e-01 1.682830615000000085e+00
1.367421809000000010e+01 5.185702548298344317e-01 1.693985545999999953e+00
1.321303484999999966e+01 8.633793111913748985e-01 1.715094826999999933e+00
1.257034735999999953e+01 1.029143965417064210e+00 1.739842628999999974e+00
1.187925989999999921e+01 1.030192759431406202e+00 1.785601229999999928e+00
1.124308633000000057e+01 9.593270611247567414e-01 1.852697931000000020e+00
1.072353902000000048e+01 9.439276972406475119e-01 1.914216503000000014e+00
1.038777355000000036e+01 9.358900565092811430e-01 1.899619482000000081e+00
1.037770614000000080e+01 9.547649884203296411e-01 1.741696144000000057e+00
1.037802802000000035e+01 9.547697631576533839e-01 1.727932256999999971e+00
1.038904785000000075e+01 9.360956607779696848e-01 1.824944421999999955e+00
1.072588786000000027e+01 9.445062693893819805e-01 1.885057532000000036e+00
1.124624829000000048e+01 9.602129560113695783e-01 1.843274279999999932e+00
1.188269855000000064e+01 1.030230505933890761e+00 1.790176114000000096e+00
1.257332247999999986e+01 1.028261344301195868e+00 1.750158139999999918e+00
1.321519984999999942e+01 8.621247597242592819e-01 1.723999995000000007e+00
1.367538389000000087e+01 5.171958334965433002e-01 1.697963354000000091e+00
1.390872077999999945e+01 1.200688861434542724e-02 1.709990810000000083e+00
1.371622411999999969e+01 5.495205718917349769e-01 1.711663887000000051e+00
1.321627215000000000e+01 9.064473128917018840e-01 1.720556465999999896e+00
1.253975978000000069e+01 1.087879960886903863e+00 1.734229524000000078e+00
1.178861827000000062e+01 1.142793854919783580e+00 1.754777272999999971e+00
1.104451897000000038e+01 1.090083122430701490e+00 1.784572789000000048e+00
1.038633921999999998e+01 9.354307324179244043e-01 1.824169732999999960e+00
9.916291280999999458e+00 6.936457050397911717e-01 1.864390334999999954e+00
9.896313693999999828e+00 8.019555825742087363e-01 1.743219668999999916e+00
9.896676599999999269e+00 8.020682352044044006e-01 1.733575848000000086e+00
9.917986360000000445e+00 6.951549719206215894e-01 1.812141277000000050e+00
1.038906844000000085e+01 9.367839852277504153e-01 1.820176819000000057e+00
1.104759304999999969e+01 1.090613857040867218e+00 1.790335680999999957e+00
1.179159472000000086e+01 1.142596007399039992e+00 1.764587453000000083e+00
1.254230410999999989e+01 1.087147914693778805e+00 1.745378768999999997e+00
1.321815022000000006e+01 9.053463066293184758e-01 1.730781338999999974e+00
1.371724653000000060e+01 5.481168151362437735e-01 1.718219053000000107e+00
1.385519391999999961e+01 2.105637449537838546e-01 1.681262626999999954e+00
1.368824153000000088e+01 5.165034946089432921e-01 1.679168358999999944e+00
1.319781378999999966e+01 9.168927202802710230e-01 1.699213295000000068e+00
1.250615054999999920e+01 1.112512916293610044e+00 1.704371212000000080e+00
1.174562599000000063e+01 1.134442536565017257e+00 1.675216848000000036e+00
1.101431299999999958e+01 1.068419099203853362e+00 1.650044078999999941e+00
1.037531217000000083e+01 9.543477306962722118e-01 1.644228757000000041e+00
9.894057908000000623e+00 8.013709405439849442e-01 1.646158199999999905e+00
9.639402657999999846e+00 6.580696175147648930e-01 1.709127979000000019e+00
9.639838056000000321e+00 6.584592000274431811e-01 1.705406696999999916e+00
9.895060080000000369e+00 8.024348885364364081e-01 1.652804190999999978e+00
1.037676500000000068e+01 9.552099780471585699e-01 1.654903207000000043e+00
1.101600645999999983e+01 1.068847441032177992e+00 1.664742492000000018e+00
1.174738083000000088e+01 1.134511691512489540e+00 1.693876029999999977e+00
1.250772274000000017e+01 1.112120646529148438e+00 1.723323592000000071e+00
1.319897527000000004e+01 9.162067318708148056e-01 1.717614736000000031e+00
1.368886733000000078e+01 5.156950678614039552e-01 1.697093028999999920e+00
1.388469732000000079e+01 1.462669856417202763e-01 1.623772479000000102e+00
1.362094270000000051e+01 7.516874067161921635e-01 1.594096576999999959e+00
1.299017579999999938e+01 1.102091111188890693e+00 1.605757190000000056e+00
1.233963433999999992e+01 8.714315081674989250e-01 1.618173091000000063e+00
1.272554839000000015e+01 1.129117712734372114e+00 1.759280925000000106e+00
1.331161628999999991e+01 7.394959758934050997e-01 1.775953869999999934e+00
1.366617834000000009e+01 4.809020956415727133e-01 1.734733049999999999e+00
1.385455508999999985e+01 2.102785436523775808e-01 1.684295413999999935e+00
1.389865396999999980e+01 5.966378500446508498e-03 1.685170429000000025e+00
1.389831691000000014e+01 6.013598700833454845e-03 1.672162603000000081e+00
1.385424416000000036e+01 2.102772935518463504e-01 1.671428447000000039e+00
1.366593632000000014e+01 4.807022543556354610e-01 1.726365096000000099e+00
1.331141764999999921e+01 7.393317209611808272e-01 1.773777879999999918e+00
1.272551278999999980e+01 1.128410212416506742e+00 1.766783854999999903e+00
1.234083404999999978e+01 8.725032768444176412e-01 1.646660242000000052e+00
1.299091175999999948e+01 1.101934316912376310e+00 1.619009931999999985e+00
1.362130999000000031e+01 7.513877436183146186e-01 1.600883245999999982e+00
1.362124797000000065e+01 7.512378862330078011e-01 1.679289277000000080e+00
1.364985500000000052e+01 4.678858629325467477e-01 1.601768523999999916e+00
1.304881181000000012e+01 1.077584174400126216e+00 1.601147641999999927e+00
1.250676355000000051e+01 7.401117612064403994e-01 1.606592027999999894e+00
1.291262526999999949e+01 9.208802209432463970e-01 1.670408432999999970e+00
1.334736784000000043e+01 5.083058866904429651e-01 1.675217390999999889e+00
1.358667664999999936e+01 4.336447377628006583e-01 1.658355937999999918e+00
1.368795414999999949e+01 5.159136289847456869e-01 1.661737406999999944e+00
1.370650209000000075e+01 5.528345258061063694e-01 1.693528093000000068e+00
1.370625126000000016e+01 5.526501535469499071e-01 1.678211314999999981e+00
1.368793978999999972e+01 5.153933227035661924e-01 1.649954753999999912e+00
1.358675026999999957e+01 4.331169441733090375e-01 1.650467263999999989e+00
1.334735573999999936e+01 5.084248022460734484e-01 1.671375032000000038e+00
1.291249003999999978e+01 9.210795414993830921e-01 1.673167134000000056e+00
1.250728010999999995e+01 7.414871283733075469e-01 1.628937054000000106e+00
1.304948830000000015e+01 1.077658932731109465e+00 1.614616760999999956e+00
1.365046010999999915e+01 4.679533602096161427e-01 1.604208179000000012e+00
1.299085827000000037e+01 1.101844593927804539e+00 1.672190542000000057e+00
1.304930182999999921e+01 1.077424854225001116e+00 1.665724291999999940e+00
1.320129735999999987e+01 6.337939837768636897e-01 1.711613642999999962e+00
1.283250972999999995e+01 2.708133507379160698e-01 1.644213173000000028e+00
1.293731617999999983e+01 5.059303855861866372e-01 1.644868097999999890e+00
1.308255806999999926e+01 7.472621398271536153e-01 1.641549989000000043e+00
1.316940497000000043e+01 8.620946533747219087e-01 1.644772483999999979e+00
1.319794964999999998e+01 9.164816244286247970e-01 1.660029734999999951e+00
1.319673358999999913e+01 9.340292211457860150e-01 1.713289934999999931e+00
1.319659629000000045e+01 9.338251807677611094e-01 1.691397248999999992e+00
1.319818292000000071e+01 9.161223785479696291e-01 1.645125206999999978e+00
1.316986364000000087e+01 8.615418526601624771e-01 1.634393876000000079e+00
1.308305615000000088e+01 7.465394646918713795e-01 1.634442261000000007e+00
1.293769464000000013e+01 5.052012618951672307e-01 1.641690453999999910e+00
1.283285631000000038e+01 2.727205223675344681e-01 1.652049053000000045e+00
1.320181262000000011e+01 6.335202654525599053e-01 1.718459380000000092e+00
1.304961894000000022e+01 1.077530921557823040e+00 1.667001101999999957e+00
1.234034671999999944e+01 8.721877420520021129e-01 1.603753103999999929e+00
1.250682778999999911e+01 7.402826851359317617e-01 1.572225567000000046e+00
1.283225979999999922e+01 2.711134220495670655e-01 1.646827008000000037e+00
1.259135408000000034e+01 6.690529009673119587e-01 1.712559149000000058e+00
1.245759660000000046e+01 8.178132723906715862e-01 1.672363400999999916e+00
1.248518138000000022e+01 9.648326716561063110e-01 1.654490792000000043e+00
1.251050084000000062e+01 1.053088234051748451e+00 1.660206859000000090e+00
1.250645987000000048e+01 1.112668384588143766e+00 1.679819780000000096e+00
1.249218862000000030e+01 1.140380044367484969e+00 1.739924006999999939e+00
1.249215446000000007e+01 1.140194358247847317e+00 1.707543994999999981e+00
1.250690739000000029e+01 1.112305594203724768e+00 1.657548629000000107e+00
1.251131977000000006e+01 1.052480997858253220e+00 1.644531026999999979e+00
1.248622164000000012e+01 9.639342815246225715e-01 1.643480272999999992e+00
1.245876398999999957e+01 8.166232041155028210e-01 1.667363152000000071e+00
1.259264912000000081e+01 6.686433482370955916e-01 1.717934537000000095e+00
1.283316051000000080e+01 2.724754454519105473e-01 1.652915692999999964e+00
1.250722807000000003e+01 7.410184898477796267e-01 1.579884067999999919e+00
1.272477254000000002e+01 1.128884979971972458e+00 1.467617130999999908e+00
1.291194218999999954e+01 9.211372252332928889e-01 1.503653587999999930e+00
1.293684634999999972e+01 5.058376196180689455e-01 1.621866180999999907e+00
1.245714463000000016e+01 8.173214123012830790e-01 1.686616324000000056e+00
1.206138100000000080e+01 4.963474022445601430e-01 1.696947949999999983e+00
1.191830702999999936e+01 7.046624677248742863e-01 1.705956476999999971e+00
1.182682450999999979e+01 9.629704896251293222e-01 1.725360047999999979e+00
1.174583102000000068e+01 1.134663277524946556e+00 1.744453486999999914e+00
1.169727581999999977e+01 1.208487547148038965e+00 1.774835347000000008e+00
1.169732568999999955e+01 1.208334918796068358e+00 1.728374961999999959e+00
1.174649454999999953e+01 1.134443676682038271e+00 1.717534048999999952e+00
1.182800229999999964e+01 9.627099100510876362e-01 1.707694371000000100e+00
1.191994455000000031e+01 7.043243124565682356e-01 1.694564342000000057e+00
1.206347202999999979e+01 4.965687239949190812e-01 1.695001116999999891e+00
1.245900025999999983e+01 8.166250336794040887e-01 1.694009461000000050e+00
1.293793729000000070e+01 5.052445800907487961e-01 1.626952079999999912e+00
1.291229414000000020e+01 9.217789478495890254e-01 1.507194904999999974e+00
1.331099992999999948e+01 7.401267409454933555e-01 1.546427962999999961e+00
1.334698196999999986e+01 5.086616029533120864e-01 1.569857051000000059e+00
1.308223850999999982e+01 7.474042182946042390e-01 1.638731436000000041e+00
1.248476703000000043e+01 9.645692330319596275e-01 1.688409135999999977e+00
1.191818255999999998e+01 7.040819667934518078e-01 1.743048917999999947e+00
1.153390143000000023e+01 6.988888635124125281e-01 1.785611349000000070e+00
1.123651116999999999e+01 9.003083519359535991e-01 1.815856901999999939e+00
1.101459537000000033e+01 1.068269201192652673e+00 1.837480358999999952e+00
1.089960826000000083e+01 1.151114247776794164e+00 1.819444733000000092e+00
1.089972150999999911e+01 1.151010541566278800e+00 1.755911742000000109e+00
1.101535782999999924e+01 1.068387049601332572e+00 1.816376570000000079e+00
1.123778622000000027e+01 9.005977783280110227e-01 1.803520427999999898e+00
1.153567785000000079e+01 6.994712333364320189e-01 1.778640014000000047e+00
1.192045594000000008e+01 7.047370272299794403e-01 1.743465921000000085e+00
1.248669304000000047e+01 9.636183950142941379e-01 1.694686611999999926e+00
1.308342543999999918e+01 7.466085261114508986e-01 1.643115362000000079e+00
1.334747394999999948e+01 5.090887382497896185e-01 1.571743850000000053e+00
1.366608468000000087e+01 4.821761959443183754e-01 1.604769668999999954e+00
1.358669401000000043e+01 4.337735549260783863e-01 1.624486027999999971e+00
1.316927079000000056e+01 8.623473017192313517e-01 1.665883455999999985e+00
1.251024048999999927e+01 1.052859120822025041e+00 1.707492277999999919e+00
1.182678302999999964e+01 9.624874717722249340e-01 1.778989064999999981e+00
1.123655858000000052e+01 9.002597846532615078e-01 1.839412338999999896e+00
1.074275455999999984e+01 9.227406015490291491e-01 1.884246016999999940e+00
1.037575973000000040e+01 9.543449903841652038e-01 1.919884563000000099e+00
1.018467468999999959e+01 9.661471928964825429e-01 1.870079991000000108e+00
1.018482803999999931e+01 9.661121174490636676e-01 1.788141433000000058e+00
1.037650969000000067e+01 9.547000633900358801e-01 1.905231807999999916e+00
1.074397040999999930e+01 9.232765561363864837e-01 1.875941255000000085e+00
1.123822305000000021e+01 9.009650296312724516e-01 1.835024345999999973e+00
1.182884707000000013e+01 9.629322187967725988e-01 1.779727250999999955e+00
1.251202699999999979e+01 1.052071458194758558e+00 1.712144260000000084e+00
1.317045755000000007e+01 8.616144760953854398e-01 1.669219280999999944e+00
1.358731822000000022e+01 4.333988665401966589e-01 1.625596019999999919e+00
1.385518818999999979e+01 2.106450293392707618e-01 1.667039646999999958e+00
1.368830434000000018e+01 5.163270175106582371e-01 1.673803651000000059e+00
1.319796093000000070e+01 9.168227775677142422e-01 1.689969244999999898e+00
1.250630265999999935e+01 1.112530371824459463e+00 1.722043642999999902e+00
1.174581363000000067e+01 1.134262752474895386e+00 1.792872620000000028e+00
1.101466283000000068e+01 1.068246395421076356e+00 1.868140204999999998e+00
1.037578371999999938e+01 9.544005086431528451e-01 1.931477311999999946e+00
9.894549387999999723e+00 8.015719827763356786e-01 1.985676038000000032e+00
9.639567225000000406e+00 6.578862144507047205e-01 1.915091512000000051e+00
9.639735370000000358e+00 6.579437157804299829e-01 1.817040718999999971e+00
9.895213973000000607e+00 8.020702266625336918e-01 1.975192783000000007e+00
1.037684490000000004e+01 9.549600909807021143e-01 1.925520663999999993e+00
1.101608930999999991e+01 1.068821960916952252e+00 1.865157484999999893e+00
1.174749693000000050e+01 1.134481850738277231e+00 1.793740405000000093e+00
1.250777118000000065e+01 1.112000804519336583e+00 1.725623934999999998e+00
1.319899473000000079e+01 9.162286411964926103e-01 1.692515924999999921e+00
1.368890296999999912e+01 5.156977569508611747e-01 1.674334911999999953e+00
1.389933328000000046e+01 5.910141132469817933e-03 1.677428453000000097e+00
1.370690285000000053e+01 5.533038625520565468e-01 1.681621527999999977e+00
1.319676212999999976e+01 9.345169561164767824e-01 1.692938862999999960e+00
1.249184447999999925e+01 1.140802113154239628e+00 1.708135498000000085e+00
1.169659835999999942e+01 1.208799906086519549e+00 1.729713500999999987e+00
1.089866508999999972e+01 1.151260018387933570e+00 1.760796001000000111e+00
1.018356634999999955e+01 9.660213134680936120e-01 1.801083352000000026e+00
9.638429743999999744e+00 6.572150180667084562e-01 1.844220490999999962e+00
9.345381915999999123e+00 2.618687845616126109e-01 1.865418747999999960e+00
9.345613875999999820e+00 2.624657573551764100e-01 1.789691213000000003e+00
9.639136196000000822e+00 6.580723708394654592e-01 1.842228551000000047e+00
1.018457081999999936e+01 9.665587940825353108e-01 1.803934088999999963e+00
1.089978722999999938e+01 1.151461822669930690e+00 1.765570365999999947e+00
1.169767743999999965e+01 1.208725722909656852e+00 1.735189038999999989e+00
1.249276054999999985e+01 1.140532741843033770e+00 1.713532692000000024e+00
1.319743251000000051e+01 9.341169271890426007e-01 1.697516628000000027e+00
1.370726357999999934e+01 5.528051060753820245e-01 1.684424496999999965e+00
