3.368562295000000262e+01 0.000000000000000000e+00 2.150634977999999808e+00
3.372558802999999727e+01 1.191767067717105222e-01 2.143493337999999859e+00
3.384502523999999823e+01 2.366717228708646314e-01 2.122939038999999806e+00
3.404283777999999927e+01 3.526149061141220509e-01 2.086825522999999905e+00
3.431789892999999836e+01 4.664619291436221116e-01 2.031536530999999979e+00
3.466662242999999677e+01 5.688682667027891160e-01 1.953420375999999958e+00
3.507037777000000034e+01 6.196313532374415622e-01 1.854027906000000003e+00
3.546667446000000012e+01 5.284356766035581687e-01 1.750258147999999903e+00
3.572887289999999894e+01 2.167514264797721080e-01 1.679508267000000110e+00
3.371786851000000240e+01 1.191000280000611977e-01 8.733580749999999560e-01
3.384427843999999652e+01 3.417574635070548816e-01 1.569016366999999912e+00
3.404076030000000230e+01 5.095434149943984803e-01 1.667222122000000084e+00
3.430125469000000038e+01 6.676348648768316574e-01 1.763753603999999919e+00
3.461897403999999767e+01 8.053657765395965118e-01 1.842524811000000096e+00
3.498478588999999772e+01 9.038573449625308953e-01 1.884382701999999910e+00
3.537907990000000069e+01 9.298159425639518361e-01 1.877520971000000038e+00
3.574837126999999981e+01 8.416580941303062335e-01 1.832649508000000038e+00
3.598664984999999916e+01 6.749169166997410763e-01 1.789354179000000045e+00
3.383742129000000176e+01 2.368834785001217302e-01 8.799813930000000006e-01
3.403979358000000133e+01 5.101017993525679417e-01 1.514471259000000014e+00
3.432788467999999682e+01 6.731268783026809199e-01 1.638853295999999959e+00
3.467597485000000290e+01 8.212800264749220425e-01 1.741405931999999934e+00
3.507074934999999982e+01 9.419181481571901049e-01 1.827148592999999988e+00
3.549210508000000175e+01 1.016042179874532492e+00 1.888613252999999936e+00
3.590797455999999954e+01 1.016203994989248516e+00 1.919739217000000053e+00
3.626337439999999646e+01 9.226511570006070695e-01 1.923213806999999997e+00
3.647686413000000272e+01 7.917536751186130539e-01 1.915364019999999945e+00
3.403542699999999854e+01 3.529814993330837036e-01 8.949388848999999535e-01
3.429934125999999850e+01 6.686531166634485102e-01 1.472037913000000087e+00
3.467518854000000061e+01 8.214101681767550511e-01 1.629633971000000070e+00
3.510487436999999744e+01 9.484919891697247696e-01 1.743908051000000015e+00
3.556824990999999869e+01 1.036222748516079761e+00 1.836937234999999946e+00
3.603623630999999961e+01 1.066077882122765441e+00 1.909057768999999904e+00
3.646749298000000294e+01 1.020037620132457690e+00 1.959307898999999908e+00
3.680750725000000045e+01 9.023496703392768215e-01 1.989028138999999973e+00
3.699751529000000261e+01 7.831771351413071569e-01 2.002113077000000185e+00
3.431075857999999812e+01 4.669550874666808515e-01 9.179968591999999594e-01
3.461610423999999853e+01 8.067979089664405468e-01 1.426432010999999944e+00
3.506916873000000123e+01 9.421622268698350844e-01 1.619980959999999914e+00
3.556748266999999686e+01 1.036261239185405802e+00 1.748642212000000029e+00
3.608319883000000061e+01 1.081384398721029649e+00 1.849650570999999966e+00
3.658104651000000018e+01 1.063874065960055182e+00 1.929197990000000029e+00
3.701499943999999687e+01 9.774096603901096803e-01 1.989658922999999913e+00
3.733459964000000042e+01 8.455467140521417679e-01 2.032244851000000185e+00
3.750185805000000272e+01 7.403324580177861325e-01 2.055244350000000164e+00
3.465982148999999879e+01 5.694582135061473371e-01 9.470694266000000416e-01
3.498104673999999648e+01 9.055160932745908164e-01 1.378191366000000029e+00
3.548972778000000261e+01 1.016398820478658704e+00 1.607642044000000103e+00
3.603466965999999871e+01 1.066128505487995426e+00 1.753674790000000039e+00
3.658021538999999933e+01 1.063845797503267132e+00 1.863368472999999970e+00
3.708991212000000104e+01 1.004863813279299745e+00 1.946723769999999964e+00
3.751854801999999722e+01 8.921447391393205750e-01 2.008740217000000161e+00
3.782016911000000192e+01 7.585089493537343630e-01 2.053116467999999806e+00
3.797025603000000160e+01 6.691940310079785847e-01 2.078130902999999918e+00
3.506395238999999719e+01 6.202359616065318271e-01 9.745559497000000349e-01
3.537468044999999961e+01 9.314654660054234592e-01 1.331817135999999957e+00
3.590485961000000259e+01 1.016678966782158300e+00 1.593406059999999957e+00
3.646512183000000107e+01 1.020127625911022573e+00 1.760425026000000059e+00
3.701326355999999862e+01 9.773802851280184445e-01 1.880063389000000029e+00
3.751755190000000084e+01 8.921460757534213082e-01 1.963976103999999889e+00
3.793878962000000143e+01 7.668456169510409204e-01 2.019636799000000149e+00
3.823292794999999700e+01 6.312160455405505521e-01 2.056304980999999810e+00
3.837636709000000224e+01 5.492324139138095029e-01 2.077501460000000133e+00
3.546058717999999743e+01 5.289043358330329792e-01 9.901128339000000445e-01
3.574359179999999725e+01 8.432379686025792687e-01 1.292418435000000088e+00
3.625968740999999795e+01 9.233098487761376427e-01 1.579492330000000111e+00
3.680444657999999691e+01 9.026101678888545088e-01 1.769231012000000103e+00
3.733202748000000071e+01 8.456994572649687569e-01 1.899681302999999932e+00
3.781815951000000098e+01 7.587669417063728217e-01 1.983243171000000027e+00
3.823175664000000040e+01 6.316470994905886149e-01 2.029701070999999857e+00
3.852942074999999988e+01 4.741187742077434542e-01 2.053369012000000104e+00
3.867775447000000355e+01 3.635216311711878534e-01 2.066277440999999992e+00
3.572298795999999754e+01 2.169284790483307912e-01 9.926454093000000034e-01
3.598174208999999735e+01 6.765925622344018953e-01 1.267647887000000084e+00
3.647289303000000160e+01 7.926543062387578775e-01 1.570238785999999998e+00
3.699407938000000229e+01 7.836927356880185602e-01 1.776428327999999945e+00
3.749880525999999747e+01 7.407618809379089564e-01 1.914718826000000096e+00
3.796762129999999758e+01 6.697982295323454682e-01 1.998511901000000091e+00
3.837437815999999913e+01 5.502745780642803730e-01 2.039640476000000202e+00
3.867677388999999977e+01 3.648646430235611970e-01 2.054261524999999811e+00
3.883291873999999666e+01 1.621064667581587349e-01 2.059579214000000214e+00
3.371955555000000260e+01 1.207733275277712015e-01 2.123137943000000138e+00
3.384444622000000180e+01 3.414997713749662878e-01 2.062310451000000100e+00
3.404067801000000060e+01 5.091965826369023729e-01 1.981880394000000045e+00
3.430092149000000035e+01 6.672555369489432398e-01 1.890220344000000052e+00
3.461844071000000156e+01 8.049713030999772201e-01 1.800178711999999903e+00
3.498414641000000103e+01 9.034355873975850049e-01 1.717875655999999918e+00
3.537844182999999987e+01 9.293520627018867497e-01 1.642142859000000010e+00
3.574781584000000123e+01 8.411213705015160302e-01 1.573816115999999932e+00
3.598620987999999699e+01 6.742251524223732417e-01 1.528885832000000056e+00
3.598629351999999670e+01 6.741867872345502777e-01 1.530154138000000108e+00
3.574808336000000253e+01 8.410317849157126213e-01 1.577543021999999961e+00
3.537890887999999734e+01 9.292598130967547609e-01 1.648182307999999985e+00
3.498478695000000016e+01 9.033726099961102429e-01 1.726095407000000082e+00
3.461919695999999647e+01 8.049428894609200746e-01 1.810470937999999919e+00
3.430173487999999793e+01 6.672546659527157642e-01 1.902507092000000011e+00
3.404150823999999886e+01 5.092097559228700998e-01 1.996084192000000090e+00
3.384527508000000040e+01 3.415125415046437740e-01 2.078279017999999922e+00
3.384140353000000090e+01 3.429194230191625614e-01 1.546224524000000100e+00
3.396029802999999703e+01 4.715409734702329936e-01 1.722086592999999999e+00
3.418060146999999915e+01 6.141141323109271521e-01 1.772390872999999978e+00
3.446489300999999728e+01 7.477365153879408366e-01 1.786121902999999955e+00
3.480272709999999847e+01 8.609119967549765384e-01 1.783844167000000036e+00
3.518091809999999953e+01 9.356616604641150303e-01 1.766772223999999891e+00
3.557535741000000229e+01 9.411599459433366288e-01 1.733056139999999967e+00
3.593274336000000346e+01 8.430290364347138299e-01 1.688367688999999894e+00
3.615776615000000049e+01 6.843414318837383048e-01 1.654148850999999976e+00
3.615779950000000298e+01 6.842958728174474148e-01 1.655250024000000098e+00
3.593287130000000218e+01 8.428999632364135852e-01 1.691507604000000109e+00
3.557561514999999730e+01 9.410074593398274345e-01 1.737925366000000027e+00
3.518129498999999782e+01 9.355493967713959247e-01 1.773164493999999980e+00
3.480317921999999697e+01 8.608563835495626204e-01 1.791720836000000094e+00
3.446537581999999844e+01 7.477205678346272588e-01 1.795550251999999958e+00
3.418108508000000256e+01 6.141116122512494391e-01 1.783434391999999979e+00
3.396075380999999993e+01 4.715364955896710897e-01 1.734497028999999912e+00
3.403786309000000188e+01 5.112980405322458122e-01 1.503578639999999966e+00
3.417960357999999843e+01 6.149495706632032155e-01 1.610531957000000070e+00
3.445477677000000227e+01 7.380631665361607752e-01 1.685321489999999978e+00
3.479738084000000242e+01 8.524454571345698728e-01 1.744047031000000025e+00
3.518710640999999839e+01 9.422089573796774697e-01 1.793279064000000034e+00
3.560097690999999998e+01 9.860635864042731624e-01 1.827685012000000109e+00
3.600484551000000266e+01 9.575068328215470270e-01 1.842675929999999962e+00
3.634463586999999762e+01 8.421957081409414680e-01 1.840363493999999989e+00
3.654583611000000332e+01 7.009883848052755884e-01 1.832798098999999903e+00
3.654582549999999941e+01 7.009583886082727533e-01 1.833738101000000009e+00
3.634464232999999922e+01 8.420834443377113177e-01 1.842946272999999913e+00
3.600492772999999858e+01 9.573532735635102986e-01 1.846450925000000076e+00
3.560114927000000051e+01 9.859442060915740713e-01 1.832376562999999958e+00
3.518734752999999671e+01 9.421560018886764309e-01 1.798900525999999944e+00
3.479766751999999741e+01 8.524511281266582419e-01 1.750821715000000056e+00
3.445510047999999870e+01 7.381009564334461981e-01 1.693541270000000099e+00
3.417994961000000131e+01 6.149874060102236140e-01 1.619946415999999889e+00
3.429835684999999756e+01 6.699161991464577248e-01 1.466965716999999891e+00
3.446340494999999748e+01 7.488756466412354040e-01 1.558956691999999977e+00
3.479674207000000052e+01 8.526708646303923222e-01 1.656499374000000024e+00
3.520234959999999802e+01 9.464189155109953289e-01 1.740087684999999995e+00
3.564641514000000200e+01 1.008019560157032313e+00 1.812508406000000072e+00
3.609517914999999988e+01 1.014773195874966394e+00 1.870812885000000092e+00
3.650543524999999789e+01 9.496411590904294542e-01 1.913148744999999984e+00
3.682467491999999964e+01 8.222546538753072731e-01 1.939901493999999893e+00
3.700085145999999980e+01 7.033888064206688107e-01 1.952978668000000084e+00
3.700081953000000112e+01 7.033846130505417849e-01 1.953868340000000092e+00
3.682462427000000105e+01 8.221935994321176722e-01 1.942309166999999892e+00
3.650544080000000235e+01 9.495284110582768999e-01 1.916541781999999916e+00
3.609526874000000163e+01 1.014679236464129719e+00 1.874816264999999982e+00
3.564657396999999861e+01 1.007981875666514426e+00 1.817086639000000003e+00
3.520255977000000058e+01 9.464338364147898419e-01 1.745494705999999896e+00
3.479700314000000105e+01 8.527194468803820371e-01 1.663132977000000068e+00
3.446370498999999654e+01 7.489373268339786227e-01 1.566576949999999968e+00
3.461599818999999911e+01 8.081499268709397832e-01 1.425575140999999935e+00
3.480081703999999831e+01 8.622704047942005845e-01 1.519499571999999965e+00
3.518584409000000335e+01 9.424912424380808007e-01 1.640816617000000033e+00
3.564574616000000162e+01 1.008031070601643764e+00 1.743632150999999908e+00
3.613228383999999949e+01 1.033839716031901057e+00 1.830209785000000089e+00
3.660320793000000350e+01 1.001755195574219881e+00 1.901084487000000101e+00
3.701046833000000191e+01 9.083491147911194608e-01 1.957112860999999926e+00
3.730642802999999930e+01 7.827417865479278092e-01 1.998339112000000029e+00
3.745943813000000233e+01 6.906280536383641033e-01 2.021623371000000002e+00
3.745939898000000312e+01 6.906422810785657340e-01 2.022532351999999811e+00
3.730635963999999660e+01 7.827240107752200249e-01 2.000809473999999977e+00
3.701045605000000194e+01 9.082735939680541826e-01 1.960562783999999947e+00
3.660328587000000056e+01 1.001688351397032051e+00 1.905017178999999894e+00
3.613243489999999980e+01 1.033826239122745516e+00 1.834473970999999981e+00
3.564594834999999762e+01 1.008068476538436453e+00 1.748416071999999932e+00
3.518609541000000007e+01 9.425641087255028916e-01 1.646493887000000100e+00
3.480109935000000121e+01 8.623714039956934529e-01 1.525765239000000051e+00
3.498165022999999962e+01 9.070562379762394656e-01 1.380560419000000039e+00
3.517856857999999676e+01 9.372005354320905868e-01 1.482477081999999946e+00
3.559905521999999678e+01 9.863343197098153325e-01 1.628292843999999961e+00
3.609376406999999887e+01 1.014720040224970754e+00 1.749355173999999957e+00
3.660241225000000043e+01 1.001677789225417614e+00 1.846911629999999915e+00
3.707949362000000093e+01 9.385541334206818354e-01 1.923650287000000070e+00
3.747752499999999998e+01 8.335518127131579247e-01 1.982688771999999933e+00
3.775403046000000273e+01 7.238659406715028943e-01 2.026327810000000174e+00
3.789026722999999919e+01 6.591354100221680223e-01 2.051639205999999938e+00
3.789022812000000329e+01 6.591619504032263377e-01 2.052613613000000115e+00
3.775396574999999899e+01 7.238771810115574024e-01 2.029009623999999956e+00
3.747752936999999918e+01 8.334926395182377101e-01 1.986461859999999913e+00
3.707960480999999930e+01 9.384922667742219282e-01 1.927895641000000104e+00
3.660260654999999730e+01 1.001675437727157725e+00 1.851340031999999969e+00
3.609400911000000178e+01 1.014781301639688271e+00 1.754038812999999974e+00
3.559933834000000275e+01 9.864458348711407920e-01 1.633492597999999907e+00
3.517885471000000308e+01 9.373575830551403865e-01 1.487747402999999968e+00
3.537576321000000235e+01 9.332898088661780722e-01 1.336384194000000081e+00
3.557257720999999862e+01 9.428636363952127564e-01 1.446707844000000076e+00
3.600227344000000329e+01 9.577697991773975739e-01 1.617211272999999894e+00
3.650323775999999754e+01 9.495488175018220733e-01 1.757967690999999943e+00
3.700877717000000189e+01 9.082442847357252713e-01 1.865851155000000094e+00
3.747654481000000004e+01 8.335512053307364555e-01 1.943847563999999917e+00
3.786435110000000037e+01 7.353917426651772615e-01 1.997307468999999891e+00
3.813191319999999962e+01 6.466374757413061447e-01 2.033772756999999931e+00
3.826163246000000129e+01 6.031903045520758955e-01 2.055266313000000178e+00
3.826159545000000151e+01 6.032288473515721172e-01 2.056343934000000040e+00
3.813185914000000309e+01 6.466655317653519086e-01 2.036766902000000101e+00
3.786438443000000120e+01 7.353135027505439680e-01 2.001551807999999877e+00
3.747670693999999969e+01 8.334434807358884756e-01 1.948620191999999918e+00
3.700903904999999838e+01 9.082038231140632245e-01 1.870747903000000045e+00
3.650355498999999782e+01 9.496031310632927491e-01 1.762932935999999895e+00
3.600261532999999758e+01 9.579157245566037870e-01 1.622342374000000031e+00
3.557288176000000135e+01 9.430849199332357324e-01 1.451364858999999896e+00
3.574493343999999695e+01 8.454385132467060471e-01 1.298190680000000041e+00
3.592962230999999917e+01 8.449893330944865388e-01 1.414787194999999942e+00
3.634153324999999768e+01 8.425519977067253974e-01 1.608139079000000082e+00
3.682179914000000309e+01 8.222690110050084877e-01 1.769177811999999905e+00
3.730391485999999901e+01 7.828050508216464198e-01 1.887093136000000060e+00
3.775207670000000348e+01 7.241047138328526867e-01 1.964601242999999942e+00
3.813081680999999890e+01 6.469605022842304098e-01 2.009286369999999877e+00
3.839970701000000020e+01 5.723367091852474831e-01 2.033813217000000062e+00
3.853285498999999703e+01 5.356839418922969553e-01 2.047735292000000040e+00
3.853281642000000318e+01 5.357406287018235957e-01 2.048931183000000100e+00
3.839965201999999778e+01 5.723783396528724365e-01 2.037132511999999895e+00
3.813085805000000050e+01 6.468376542537560558e-01 2.013988456999999954e+00
3.775226294000000138e+01 7.239030195644697852e-01 1.969912378000000075e+00
3.730422108999999864e+01 7.826602241848977792e-01 1.892549108999999952e+00
3.682217504999999846e+01 8.222544502664210775e-01 1.774612075999999927e+00
3.634192872999999935e+01 8.427001317538648228e-01 1.613471563000000053e+00
3.592994482999999661e+01 8.452720630368515398e-01 1.419171165000000068e+00
3.598318901999999753e+01 6.793391624457303379e-01 1.273913886000000106e+00
3.615446984999999813e+01 6.867507537985546584e-01 1.394128339000000105e+00
3.654246058999999747e+01 7.015421988152942268e-01 1.602734647999999984e+00
3.699761299000000037e+01 7.036076110048776755e-01 1.778066442999999941e+00
3.745646934999999900e+01 6.909284041788168462e-01 1.902826981999999889e+00
3.788774032999999974e+01 6.596265892108995610e-01 1.980098711999999983e+00
3.825981781000000126e+01 6.038253571184788449e-01 2.019356900000000010e+00
3.853202712000000218e+01 5.361265884490897804e-01 2.035559093999999902e+00
3.867089809000000145e+01 4.957020598384927479e-01 2.043081169999999780e+00
3.867084922000000091e+01 4.957829307401419028e-01 2.044356697000000000e+00
3.853194122000000021e+01 5.362004703354796842e-01 2.039078987999999981e+00
3.825981370000000226e+01 6.036968027433197159e-01 2.024332196000000028e+00
3.788788224000000326e+01 6.593684894284225217e-01 1.985754534000000016e+00
3.745674831000000182e+01 6.906908419302579816e-01 1.908681421999999905e+00
3.699798374000000223e+01 7.035078254430946476e-01 1.783882828999999948e+00
3.654286247999999659e+01 7.016715183854920213e-01 1.608302617999999962e+00
3.615478972999999741e+01 6.870973132289693863e-01 1.398452448000000015e+00
3.383905260000000226e+01 2.368679613610085444e-01 2.101682198999999862e+00
3.403991647000000142e+01 5.096298720943019944e-01 1.980028560999999909e+00
3.432768322999999810e+01 6.726583771158481939e-01 1.875691001000000080e+00
3.467548739000000069e+01 8.208326686425281293e-01 1.765909388000000080e+00
3.507002898999999729e+01 9.415286270773259858e-01 1.659459016000000009e+00
3.549122786000000218e+01 1.015711489127513412e+00 1.563104693000000101e+00
3.590702661000000262e+01 1.015897170263723615e+00 1.481160105000000060e+00
3.626243957999999878e+01 9.223107876962794993e-01 1.418589635000000015e+00
3.647601255000000009e+01 7.913096586473586935e-01 1.383857813999999964e+00
3.647610055999999901e+01 7.912374295392660128e-01 1.385113733000000069e+00
3.626271000999999927e+01 9.221220094767879072e-01 1.422031355000000108e+00
3.590748432000000179e+01 1.015651630007198269e+00 1.486176582999999995e+00
3.549185299999999899e+01 1.015484328070458853e+00 1.569332675000000066e+00
3.507077574000000197e+01 9.413718761239117105e-01 1.666922038000000050e+00
3.467630146999999852e+01 8.207552531696289400e-01 1.774889160999999937e+00
3.432852031000000181e+01 6.726374621329362924e-01 1.886547812999999962e+00
3.404075006000000059e+01 5.096378590529092589e-01 1.993005434999999936e+00
3.403806438000000156e+01 5.111654250627846174e-01 1.654823538999999899e+00
3.417972321999999963e+01 6.147735117396015969e-01 1.769791037999999928e+00
3.445474208000000260e+01 7.378559018646879686e-01 1.785459139000000084e+00
3.479716640000000183e+01 8.522140594982259287e-01 1.742316562999999929e+00
3.518672466000000298e+01 9.419575431709438229e-01 1.678908802000000033e+00
3.560046531999999786e+01 9.857882687750891826e-01 1.611052903000000036e+00
3.600425469999999706e+01 9.571926326820610065e-01 1.547416641000000093e+00
3.634402163000000030e+01 8.418200368725412552e-01 1.495826861000000063e+00
3.654525174999999848e+01 7.005273186443583544e-01 1.466404848999999899e+00
3.654530851999999896e+01 7.004752250605003061e-01 1.467719382000000072e+00
3.634421265999999662e+01 8.416612188807487405e-01 1.499398205000000095e+00
3.600460810999999950e+01 9.569711831767699906e-01 1.552529121000000067e+00
3.560097077999999726e+01 9.855841452894112953e-01 1.617238903000000061e+00
3.518733263000000022e+01 9.418196324676952891e-01 1.686102723999999942e+00
3.479781269000000066e+01 8.521408179240740344e-01 1.750685209000000020e+00
3.445536458000000124e+01 7.378167205257947225e-01 1.795101451000000070e+00
3.418023913999999763e+01 6.147626253037317134e-01 1.779902284999999917e+00
3.432630609000000277e+01 6.746904595508342872e-01 1.632578478000000111e+00
3.445412211000000013e+01 7.388436214251872247e-01 1.683113553999999956e+00
3.473231999000000059e+01 8.270110781874528971e-01 1.720445986999999954e+00
3.508312815000000029e+01 9.022281272350091141e-01 1.727096541000000096e+00
3.547640897000000137e+01 9.457186773719720163e-01 1.717935023999999977e+00
3.588269153000000244e+01 9.347891866396826899e-01 1.700091414000000078e+00
3.626308467999999863e+01 8.489064525996795618e-01 1.678331234999999921e+00
3.656713303000000082e+01 6.906167304745709501e-01 1.658085730000000035e+00
3.673912023999999832e+01 5.324425473360392402e-01 1.646131491000000002e+00
3.673913504000000074e+01 5.324037496682814119e-01 1.647594296000000069e+00
3.656721136000000172e+01 6.904755482645944520e-01 1.662011861000000090e+00
3.626328233000000267e+01 8.486937569890028454e-01 1.683782281000000047e+00
3.588302213000000052e+01 9.345894506485921127e-01 1.706368437000000071e+00
3.547683861000000149e+01 9.455867265676020095e-01 1.724816034000000053e+00
3.508360379999999878e+01 9.021683913364875185e-01 1.734646644999999987e+00
3.473278754999999762e+01 8.269992629644640214e-01 1.728612457999999963e+00
3.445449629000000158e+01 7.388675485621885031e-01 1.690604290000000010e+00
3.467464577999999875e+01 8.230020546239966706e-01 1.627042144000000023e+00
3.479654771999999952e+01 8.534951775353816217e-01 1.655604727999999914e+00
3.508283621000000352e+01 9.025889633071167983e-01 1.696864264000000011e+00
3.545044762999999932e+01 9.398998050777792601e-01 1.728967461999999955e+00
3.585589648999999923e+01 9.420625104629113400e-01 1.754283908999999975e+00
3.625927636000000120e+01 8.862539312888174647e-01 1.774498552999999923e+00
3.661547955000000343e+01 7.636797819890737138e-01 1.790981772000000083e+00
3.687982536999999894e+01 6.009200987006801942e-01 1.804261867999999991e+00
3.701948426999999953e+01 4.731853355483752743e-01 1.812883000000000022e+00
3.701946671000000322e+01 4.731585332083232953e-01 1.814500800000000025e+00
3.687981618999999966e+01 6.008022572918679804e-01 1.808605615000000055e+00
3.661555857999999830e+01 7.634834168697250956e-01 1.796942032000000022e+00
3.625948223999999698e+01 8.860633872600944816e-01 1.781134905999999907e+00
3.585621249999999804e+01 9.419402868447256383e-01 1.761191729000000095e+00
3.545083094000000301e+01 9.398554283709543711e-01 1.736126419000000087e+00
3.508323450000000321e+01 9.025968571350764247e-01 1.704155612000000097e+00
3.479686282000000119e+01 8.535242741100365071e-01 1.661624578000000074e+00
3.506960941999999903e+01 9.437369429196675874e-01 1.620756901000000028e+00
3.518620251000000110e+01 9.433867414126324569e-01 1.641721803999999896e+00
3.547586958000000124e+01 9.461823587254286627e-01 1.686978175999999996e+00
3.585551502999999940e+01 9.421009718726160997e-01 1.735845072000000044e+00
3.626871454999999855e+01 9.072014504072665186e-01 1.782688478999999937e+00
3.666553715999999952e+01 8.246731276546512834e-01 1.826073223000000079e+00
3.699711783000000054e+01 7.054002735380942024e-01 1.865886933999999941e+00
3.722628349000000014e+01 5.961850377439186222e-01 1.899752759000000069e+00
3.733942572000000126e+01 5.409643493121648605e-01 1.920979275999999958e+00
3.733939047999999872e+01 5.409555186999984722e-01 1.922736022000000045e+00
3.722622650999999649e+01 5.961174186401121400e-01 1.904534345999999934e+00
3.699713555000000298e+01 7.052488288705568431e-01 1.872525653000000068e+00
3.666568692999999968e+01 8.245104907818299189e-01 1.833412811000000087e+00
3.626898941000000320e+01 9.071034726479647592e-01 1.790082747000000030e+00
3.585587377000000231e+01 9.420862634423526893e-01 1.743108979000000058e+00
3.547625356000000352e+01 9.462231646681420472e-01 1.693878121000000014e+00
3.518649729999999920e+01 9.434281405420774647e-01 1.646861432999999986e+00
3.549106249999999818e+01 1.017972263867751526e+00 1.611788159000000054e+00
3.559997477999999660e+01 9.873612119438182066e-01 1.631300917999999989e+00
3.588184910999999744e+01 9.352757493167208613e-01 1.682799099999999992e+00
3.625838412000000233e+01 8.861762034489476525e-01 1.745580235999999896e+00
3.666493636999999950e+01 8.245264869571817812e-01 1.807060219000000023e+00
3.704641958999999929e+01 7.440301229917473114e-01 1.862510735000000084e+00
3.735464334000000264e+01 6.704846660053804808e-01 1.911122560999999997e+00
3.755876772999999957e+01 6.403350960051483742e-01 1.950945246000000077e+00
3.765534500999999779e+01 6.435991686520262656e-01 1.975390618000000043e+00
3.765530188999999694e+01 6.436002568330092544e-01 1.977290725000000027e+00
3.755869135999999742e+01 6.403066113597658537e-01 1.956211141999999903e+00
3.735464501999999953e+01 6.703734201107246493e-01 1.918603019999999937e+00
3.704657234999999815e+01 7.438839035446160874e-01 1.870880289000000030e+00
3.666523584000000113e+01 8.244463787937277299e-01 1.815403461999999912e+00
3.625878012999999811e+01 8.862001640824791471e-01 1.753461299999999889e+00
3.588226622999999904e+01 9.353665333986741492e-01 1.689782742000000004e+00
3.560027817000000283e+01 9.874263003832033370e-01 1.636012239999999895e+00
3.590695978000000110e+01 1.018323828057975389e+00 1.600773648999999965e+00
3.600370706000000354e+01 9.590074277320858043e-01 1.622390135000000067e+00
3.626189639999999770e+01 8.494681445020241251e-01 1.683319841000000094e+00
3.661400241999999849e+01 7.634602483253071226e-01 1.760085219999999895e+00
3.699578128999999649e+01 7.050943089689852838e-01 1.832723086999999973e+00
3.735383108999999990e+01 6.703681305428571546e-01 1.892560994000000107e+00
3.764365267000000159e+01 6.717551698760914070e-01 1.939036913999999889e+00
3.783607575999999995e+01 7.077401265186905599e-01 1.974011790000000044e+00
3.792698321000000306e+01 7.418677975144178927e-01 1.995200392999999961e+00
3.792693541999999951e+01 7.418723146012582426e-01 1.997261423000000091e+00
3.783599154000000198e+01 7.077269405859492046e-01 1.979803540999999889e+00
3.764366110999999648e+01 6.716526842231784755e-01 1.947435218000000079e+00
3.735402148000000011e+01 6.701885540253462725e-01 1.902137909999999987e+00
3.699614945999999804e+01 7.049763615863513522e-01 1.842339608999999934e+00
3.661448191000000207e+01 7.634970116070504131e-01 1.769012298999999899e+00
3.626238396000000108e+01 8.496103040666204143e-01 1.690827161000000078e+00
3.600404136000000221e+01 9.591010348521826767e-01 1.627059519999999981e+00
3.626237234999999970e+01 9.250998412060648102e-01 1.589509948999999978e+00
3.634337887000000222e+01 8.440690828013301950e-01 1.615185617000000073e+00
3.656564426999999995e+01 6.914151276337952012e-01 1.687625818000000111e+00
3.687783713999999691e+01 6.006134461509077260e-01 1.778102456000000053e+00
3.722427880000000044e+01 5.957930783085600979e-01 1.859323607000000100e+00
3.755717467000000198e+01 6.401768292521871073e-01 1.919376332999999990e+00
3.783522771999999890e+01 7.076800986591872400e-01 1.958940216000000012e+00
3.802659746999999868e+01 7.780256994743710575e-01 1.984574030999999961e+00
3.811967692000000341e+01 8.229085278341076171e-01 1.999723640000000024e+00
3.811962266999999827e+01 8.229139508928416946e-01 2.001937580999999966e+00
3.802650091000000288e+01 7.780133537644565722e-01 1.990833634999999990e+00
3.783523585999999739e+01 7.075639200279539853e-01 1.968126787000000100e+00
3.755739367000000328e+01 6.399283142788300127e-01 1.930038906000000054e+00
3.722470986999999809e+01 5.955570736472678428e-01 1.870204009999999917e+00
3.687840151000000333e+01 6.005883683269919171e-01 1.788208022999999924e+00
3.656620827999999790e+01 6.915782480703971391e-01 1.695886736999999922e+00
3.634375096000000127e+01 8.441807218497017207e-01 1.620061792000000001e+00
3.647590361999999686e+01 7.945955245477868134e-01 1.581803022999999975e+00
3.654454160000000229e+01 7.033341593129243119e-01 1.610896609999999951e+00
3.673747982999999806e+01 5.335978684567987962e-01 1.691980159000000095e+00
3.701723633000000291e+01 4.728204025463897398e-01 1.791625368999999912e+00
3.733707119999999691e+01 5.405099865446232332e-01 1.877723368000000059e+00
3.765332261999999730e+01 6.433716612619764241e-01 1.936984983999999965e+00
3.792563121999999964e+01 7.416990134259034972e-01 1.971432180999999950e+00
3.811912807000000214e+01 8.227820856199926647e-01 1.990405573000000095e+00
3.821577752999999689e+01 8.697150240461556381e-01 2.001051503999999870e+00
3.821571271999999908e+01 8.697200445790779222e-01 2.003358597000000074e+00
3.811900322999999702e+01 8.227661317805490260e-01 1.996936652000000034e+00
3.792560441999999910e+01 7.415709557978079625e-01 1.981067716999999950e+00
3.765351624000000186e+01 6.430806235786485914e-01 1.948295278000000019e+00
3.733750052999999980e+01 5.401669423281504345e-01 1.889417109999999900e+00
3.701782378000000051e+01 4.726924543517728172e-01 1.802550942000000100e+00
3.673807462999999984e+01 5.337574261941452347e-01 1.700819874000000009e+00
3.654493079000000222e+01 7.034534023704369643e-01 1.615990945999999928e+00
3.403699942000000078e+01 3.528780460717023115e-01 2.065279149999999841e+00
3.429940409999999673e+01 6.680333498867777609e-01 1.886043394999999956e+00
3.467485465000000033e+01 8.209154595609212679e-01 1.764512360999999974e+00
3.510423749000000271e+01 9.480650005243885792e-01 1.648777909000000097e+00
3.556737949000000043e+01 1.035877266668068453e+00 1.541166199999999931e+00
3.603520222000000217e+01 1.065798824594836880e+00 1.446967456999999957e+00
3.646635993999999670e+01 1.019789283361022036e+00 1.371639913999999960e+00
3.680634409000000318e+01 9.021009107208285416e-01 1.320656193999999894e+00
3.699640321999999770e+01 7.828807847777341511e-01 1.296591328999999959e+00
3.699648064000000147e+01 7.828169236330209113e-01 1.297610103000000015e+00
3.680657012000000350e+01 9.019257525401886966e-01 1.323325834000000034e+00
3.646673539999999747e+01 1.019525262155243528e+00 1.375217472000000107e+00
3.603573441000000344e+01 1.065505859889023910e+00 1.451015992999999948e+00
3.556805245000000326e+01 1.035631901429556301e+00 1.545765202999999977e+00
3.510500787000000145e+01 9.479072804670503061e-01 1.654374044000000099e+00
3.467567205000000286e+01 8.208400871099800211e-01 1.771698487999999960e+00
3.430022379999999771e+01 6.680296324442891454e-01 1.895257602000000041e+00
3.429873869000000042e+01 6.696645908020369964e-01 1.754238439999999954e+00
3.446357223999999775e+01 7.486229456714533770e-01 1.782379045000000106e+00
3.479661757000000222e+01 8.523831797615244454e-01 1.741119625000000060e+00
3.520194950999999861e+01 9.461072731441617645e-01 1.659064126999999944e+00
3.564578140999999789e+01 1.007701968173695395e+00 1.567702554000000026e+00
3.609436361000000204e+01 1.014445318115265948e+00 1.481695299999999937e+00
3.650449236000000042e+01 9.492847262790674590e-01 1.410491420999999912e+00
3.682367093999999952e+01 8.218590025996413972e-01 1.361417912000000063e+00
3.699986978999999820e+01 7.029396648581860418e-01 1.337980597999999910e+00
3.699992805000000118e+01 7.028954375578440050e-01 1.339144469000000059e+00
3.682385144999999937e+01 8.217139619214779422e-01 1.364474318999999936e+00
3.650481285000000042e+01 9.490424099473430131e-01 1.414576644999999910e+00
3.609483397000000338e+01 1.014170037084932696e+00 1.486237258999999922e+00
3.564637766999999968e+01 1.007472590987644523e+00 1.572665608000000104e+00
3.520261468000000349e+01 9.459603705602664947e-01 1.664768629000000111e+00
3.479727495000000204e+01 8.523055718995645735e-01 1.747877316000000070e+00
3.446410026000000215e+01 7.485961962630811595e-01 1.789496452000000071e+00
3.467479045000000326e+01 8.229487674486691828e-01 1.736766382999999969e+00
3.479663524000000052e+01 8.534365433529487177e-01 1.741723955000000101e+00
3.508280698000000086e+01 9.025066567531296879e-01 1.726411299000000010e+00
3.545028319000000039e+01 9.397867979093189605e-01 1.682524890000000051e+00
3.585559906999999669e+01 9.419023184201534837e-01 1.623596350999999993e+00
3.625885926000000126e+01 8.860170050325062441e-01 1.562128141999999942e+00
3.661496458999999959e+01 7.633277869442629537e-01 1.508635112999999972e+00
3.687925070000000005e+01 6.004167623252238961e-01 1.471122527999999985e+00
3.701890649999999994e+01 4.725299135551688234e-01 1.453250472999999987e+00
3.701893712999999764e+01 4.725122289833505462e-01 1.454792831000000009e+00
3.687935875000000152e+01 6.003181097733867322e-01 1.475200923999999914e+00
3.661518481000000236e+01 7.631236989912442148e-01 1.514078411000000068e+00
3.625921079999999819e+01 8.857664202209952764e-01 1.567990033999999921e+00
3.585606134999999739e+01 9.416839465993349645e-01 1.629528488000000053e+00
3.545080044000000186e+01 9.396418637868683144e-01 1.688588878000000015e+00
3.508330137000000093e+01 9.024335956202438336e-01 1.732577475000000033e+00
3.479698882000000282e+01 8.534196796126474194e-01 1.746801779000000110e+00
3.510479544999999746e+01 9.500763598127867082e-01 1.742481060000000026e+00
3.520235235999999901e+01 9.474987101019984870e-01 1.739718708999999919e+00
3.545045712999999665e+01 9.402829548768716350e-01 1.729101114000000106e+00
3.578172098999999662e+01 9.169016855178011571e-01 1.706845406000000009e+00
3.614537296000000310e+01 8.521801412996897751e-01 1.677411297999999995e+00
3.649407199000000190e+01 7.240279440591950166e-01 1.647881817000000026e+00
3.678196936999999878e+01 5.352359412370559788e-01 1.625177389999999944e+00
3.697715483000000347e+01 3.279072764655147632e-01 1.612805639999999929e+00
3.707175059000000061e+01 1.706764601047775221e-01 1.609276292999999969e+00
3.707175458999999762e+01 1.706591874557741306e-01 1.611279716999999945e+00
3.697719110999999970e+01 3.278151915686448592e-01 1.618161716999999999e+00
3.678208965999999691e+01 5.350505075709702796e-01 1.632383319000000110e+00
3.649431136999999836e+01 7.237980197149798123e-01 1.655518284000000007e+00
3.614572335999999808e+01 8.519759760116628611e-01 1.684707385999999918e+00
3.578213537999999971e+01 9.167644921852603490e-01 1.713571530999999926e+00
3.545085945999999666e+01 9.402125574920361384e-01 1.735026898000000095e+00
3.520262696000000346e+01 9.474711516974565484e-01 1.743766638999999952e+00
3.556842106999999942e+01 1.037762952469532207e+00 1.750436853000000070e+00
3.564654987000000119e+01 1.009196736035233855e+00 1.745714597000000090e+00
3.585592609999999780e+01 9.426330543196387302e-01 1.737176441999999987e+00
3.614539953999999966e+01 8.523585874171506482e-01 1.727556990000000070e+00
3.646179825000000108e+01 7.266410210273878123e-01 1.720012990999999936e+00
3.675274609000000225e+01 5.599824539329546491e-01 1.718715261999999910e+00
3.697462239000000039e+01 3.933092559070933691e-01 1.726713501999999956e+00
3.710893722000000139e+01 3.160162722977679084e-01 1.741486536999999890e+00
3.716669978000000185e+01 3.260725388155077398e-01 1.754273543000000046e+00
3.716668509000000142e+01 3.260394793820347026e-01 1.756671380000000005e+00
3.710892343999999810e+01 3.159218896645079599e-01 1.748015086999999967e+00
3.697467658000000057e+01 3.931520463640774676e-01 1.735712606000000102e+00
3.675292009999999721e+01 5.597934416565433224e-01 1.728357976000000074e+00
3.646209446999999670e+01 7.264766805368766400e-01 1.729034125000000088e+00
3.614577272999999735e+01 8.522519529073333544e-01 1.735340789999999966e+00
3.585629322999999857e+01 9.425755289795817449e-01 1.743294772999999909e+00
3.564679175999999927e+01 1.009163631690812801e+00 1.749335504000000041e+00
3.603656210999999843e+01 1.067584827283453830e+00 1.759031234999999915e+00
3.609537372999999860e+01 1.016012562576356526e+00 1.754401697000000038e+00
3.625924358999999697e+01 8.869606226435112761e-01 1.748523218999999962e+00
3.649396375999999975e+01 7.242677225988510825e-01 1.748057688000000054e+00
3.675250410999999673e+01 5.598482677165712573e-01 1.756417311000000092e+00
3.698514623999999884e+01 4.474158261018559846e-01 1.774894458999999980e+00
3.715438542999999783e+01 4.674773494235545668e-01 1.802489419000000037e+00
3.725010620999999844e+01 5.733573248238452713e-01 1.832697228000000012e+00
3.728831413000000339e+01 6.510049454736478447e-01 1.853916748000000059e+00
3.728828931999999696e+01 6.509735377718091076e-01 1.856595522999999970e+00
3.725006726000000157e+01 5.732856085563411419e-01 1.840158061999999983e+00
3.715441454999999848e+01 4.673828868547818538e-01 1.813141325999999998e+00
3.698531215999999944e+01 4.472874186508647432e-01 1.786667124000000051e+00
3.675281411000000276e+01 5.597401298730162456e-01 1.767525975999999943e+00
3.649436186999999876e+01 7.242112947674441692e-01 1.757357601999999908e+00
3.625962790999999896e+01 8.869258468212206648e-01 1.755297263999999968e+00
3.609561640999999810e+01 1.015979328220108835e+00 1.758031219000000034e+00
3.646791355999999951e+01 1.021601025698710918e+00 1.769578048000000070e+00
3.650563629999999904e+01 9.510365369410427316e-01 1.766305891000000017e+00
3.661533536000000311e+01 7.646566916245360890e-01 1.764942593000000004e+00
3.678163751999999675e+01 5.355972978051973810e-01 1.773118702000000102e+00
3.697398345999999947e+01 3.926859947100799220e-01 1.793242275999999968e+00
3.715390621000000237e+01 4.669570441313656284e-01 1.822544952000000107e+00
3.729010699999999900e+01 6.528975974363984136e-01 1.856391420000000014e+00
3.737130551999999994e+01 8.156096097003201484e-01 1.888123779999999918e+00
3.740581952000000143e+01 9.031723827862072618e-01 1.908891024000000103e+00
3.740578926999999965e+01 9.031383625240781976e-01 1.911765727999999998e+00
3.737125604999999950e+01 8.155332443574864199e-01 1.896291041000000011e+00
3.729013734000000113e+01 6.528161945733869098e-01 1.868455771999999904e+00
3.715410416999999654e+01 4.668637194101115107e-01 1.836386999999999992e+00
3.697435989000000234e+01 3.926053494984662051e-01 1.806639182999999926e+00
3.678211615000000023e+01 5.355764811979055739e-01 1.784295795000000018e+00
3.661578264999999988e+01 7.646306853462649933e-01 1.772767677000000042e+00
3.650590769000000080e+01 9.509978011962733069e-01 1.770268575000000011e+00
3.680802288999999661e+01 9.040842099256571895e-01 1.781848633000000071e+00
3.682489731999999805e+01 8.239516276668801265e-01 1.780573119999999898e+00
3.687960705999999789e+01 6.023908749797771689e-01 1.784804314999999919e+00
3.697663366999999823e+01 3.285264273198112983e-01 1.800893625999999914e+00
3.710793293999999776e+01 3.144933618836041611e-01 1.828862071999999950e+00
3.724915113000000133e+01 5.723441293980006117e-01 1.861870002000000079e+00
3.737078500999999875e+01 8.151756321241679926e-01 1.893358227000000005e+00
3.745315212999999943e+01 9.834892796722040087e-01 1.919312831000000052e+00
3.749235451999999924e+01 1.066492091353966609e+00 1.935667204000000030e+00
3.749231936000000331e+01 1.066452458632376921e+00 1.938674328000000058e+00
3.745309326000000283e+01 9.833963462396708710e-01 1.927966247999999938e+00
3.737081682000000171e+01 8.150743680881470388e-01 1.906458025999999917e+00
3.724938058000000041e+01 5.722433898619836423e-01 1.877388795999999971e+00
3.710837939000000318e+01 3.143888970817453887e-01 1.844316156000000095e+00
3.697720449999999914e+01 3.284743270140293436e-01 1.813917899000000000e+00
3.688013428000000005e+01 6.023189194308672390e-01 1.793794378999999939e+00
3.682521150000000176e+01 8.238823233673618907e-01 1.785015798000000098e+00
3.699813544999999948e+01 7.850737212147878008e-01 1.791215361999999978e+00
3.700113918000000268e+01 7.053770966012585797e-01 1.791386541000000054e+00
3.701927648000000204e+01 4.751800636974552461e-01 1.799506424999999910e+00
3.707115959000000061e+01 1.716926228125354448e-01 1.820406426999999994e+00
3.716552310000000148e+01 3.239810555765603728e-01 1.852083091999999986e+00
3.728711115000000120e+01 6.497105714621863592e-01 1.885294875999999897e+00
3.740500588999999820e+01 9.024842454248037660e-01 1.913122714000000002e+00
3.749204085000000219e+01 1.066238074197374708e+00 1.933943449000000037e+00
3.753606710999999763e+01 1.144474958618273197e+00 1.946829901999999946e+00
3.753602490000000103e+01 1.144428719019408458e+00 1.949906211999999917e+00
3.749196315999999740e+01 1.066125066545155597e+00 1.942847779000000052e+00
3.740501548999999670e+01 9.023535913991442836e-01 1.926770627000000013e+00
3.728732976999999948e+01 6.495844579415903652e-01 1.901761755999999970e+00
3.716598398000000003e+01 3.238553373987645423e-01 1.868788976000000046e+00
3.707176900999999702e+01 1.715398106376024578e-01 1.834621660000000043e+00
3.701984738000000164e+01 4.750351343835803597e-01 1.809292066999999893e+00
3.700148092999999960e+01 7.052650731617464697e-01 1.796186178999999994e+00
3.431224256000000139e+01 4.667919915304047929e-01 2.009516999000000137e+00
3.461614348999999891e+01 8.060496278380583357e-01 1.793375243999999924e+00
3.506873697000000334e+01 9.416724502832035659e-01 1.656695765999999903e+00
3.556673614000000327e+01 1.035876907362035748e+00 1.540222141000000100e+00
3.608222282999999919e+01 1.081086760794273571e+00 1.436404715999999970e+00
3.657990520999999973e+01 1.063631988310657750e+00 1.347969089000000009e+00
3.701374040999999693e+01 9.771943461772681916e-01 1.281225486999999941e+00
3.733328189000000208e+01 8.453542368447327648e-01 1.242676295000000097e+00
3.750056966999999730e+01 7.401224378525750325e-01 1.229503878000000050e+00
3.750063358999999963e+01 7.400654406831105314e-01 1.230309010000000036e+00
3.733345260000000110e+01 8.452044158726249590e-01 1.244721395000000008e+00
3.701400997999999731e+01 9.769489925095858895e-01 1.283742584000000075e+00
3.658030714000000216e+01 1.063315204687783844e+00 1.350435103999999997e+00
3.608277566999999664e+01 1.080775700004998008e+00 1.438828734000000109e+00
3.556741539000000074e+01 1.035635133579763556e+00 1.543038563999999946e+00
3.506949302000000301e+01 9.415213927524299642e-01 1.660552269999999941e+00
3.461691095999999845e+01 8.060235534879213182e-01 1.798755547000000066e+00
3.461653725000000037e+01 8.077731333016212600e-01 1.833205234000000017e+00
3.480102438000000120e+01 8.619650960555925723e-01 1.778990236000000058e+00
3.518564286000000152e+01 9.421668418742195072e-01 1.676717720999999939e+00
3.564521240999999918e+01 1.007700526767173033e+00 1.566936982999999950e+00
3.613148755000000278e+01 1.033516982661278893e+00 1.462619338999999963e+00
3.660220481000000348e+01 1.001429324885342531e+00 1.371428550999999940e+00
3.700930596999999977e+01 9.080134094269313172e-01 1.301451458000000061e+00
3.730517509999999959e+01 7.824137217605969807e-01 1.259648241000000057e+00
3.745819671000000284e+01 6.902912612986016327e-01 1.243956174000000026e+00
3.745824848000000173e+01 6.902533995403224987e-01 1.244916606999999953e+00
3.730531974000000162e+01 7.822946054611930045e-01 1.262121563000000002e+00
3.700954655000000315e+01 9.077924378488000379e-01 1.304568567000000012e+00
3.660257107999999704e+01 1.001132113033955662e+00 1.374540431000000007e+00
3.613198899999999725e+01 1.033220916088785080e+00 1.465624722000000046e+00
3.564581336999999905e+01 1.007470253392657167e+00 1.570164969999999993e+00
3.518626763999999696e+01 9.420219537996460391e-01 1.680599796000000090e+00
3.480152858000000293e+01 8.618963263775261119e-01 1.783171958000000057e+00
3.506986873999999688e+01 9.436137332860349280e-01 1.822754943999999933e+00
3.518637156999999860e+01 9.433013565254404487e-01 1.790831502999999936e+00
3.547582829000000260e+01 9.460739449444109939e-01 1.716876083000000053e+00
3.585523674000000227e+01 9.419303942242528427e-01 1.623268074000000061e+00
3.626821017999999697e+01 9.069411437030311385e-01 1.524785339999999989e+00
3.666482746999999875e+01 8.242929620620059739e-01 1.433465543000000064e+00
3.699623394000000332e+01 7.048846163903751405e-01 1.360541253999999922e+00
3.722528865000000309e+01 5.955602968105102590e-01 1.314067647999999977e+00
3.733841750999999931e+01 5.402869172626699745e-01 1.294051674999999957e+00
3.733845317000000108e+01 5.402781383005315075e-01 1.295433907000000051e+00
3.722539343999999772e+01 5.955007878981706249e-01 1.317720891000000005e+00
3.699641770000000207e+01 7.047226077406982814e-01 1.365336404000000003e+00
3.666511463999999876e+01 8.240399196351013700e-01 1.438381169999999987e+00
3.626860526000000107e+01 9.066673911029713429e-01 1.529367436000000025e+00
3.585570111999999909e+01 9.417023059082459957e-01 1.627541702000000035e+00
3.547628052999999682e+01 9.459188855836134779e-01 1.720895198000000015e+00
3.518668150999999966e+01 9.432189062101741239e-01 1.793860014999999919e+00
3.556852300999999983e+01 1.037702819729638071e+00 1.835700697000000048e+00
3.564663631999999893e+01 1.009167230438069662e+00 1.812369899999999978e+00
3.585593940999999774e+01 9.426145444833187170e-01 1.754644754999999945e+00
3.614530505999999832e+01 8.523098813164134979e-01 1.677721507000000001e+00
3.646157926000000060e+01 7.265063095826822526e-01 1.593943896999999943e+00
3.675239674000000178e+01 5.596739455463369817e-01 1.514998792999999955e+00
3.697415226999999760e+01 3.926771501504233708e-01 1.451807120000000006e+00
3.710838356000000005e+01 3.150280946797061610e-01 1.410906138999999948e+00
3.716612405000000052e+01 3.250196398981755608e-01 1.392583152999999907e+00
3.716614512999999675e+01 3.250367152533480963e-01 1.394561724999999974e+00
3.710844913999999761e+01 3.150367059019966720e-01 1.416241254000000005e+00
3.697427539000000252e+01 3.925791280929069593e-01 1.459020897000000039e+00
3.675259932000000163e+01 5.594660786607255076e-01 1.522516763000000051e+00
3.646186810999999750e+01 7.262554240607844713e-01 1.600748620999999927e+00
3.614565027999999813e+01 8.520826374817521698e-01 1.683412891999999994e+00
3.585627032000000014e+01 9.424464402053783774e-01 1.759029495000000054e+00
3.564684963999999923e+01 1.009071274355622716e+00 1.814947483000000084e+00
3.608448518000000149e+01 1.082721306963997376e+00 1.851617727000000047e+00
3.613342526999999649e+01 1.035028558383694008e+00 1.832788147999999895e+00
3.626944704999999658e+01 9.080164361143419072e-01 1.784968652999999961e+00
3.646209359000000205e+01 7.269989402110967891e-01 1.721279669999999928e+00
3.666716387999999682e+01 5.035574675363646557e-01 1.655344823999999937e+00
3.683724607999999989e+01 2.581469255772458338e-01 1.599254412000000070e+00
3.694081531999999868e+01 1.319147156702745460e-01 1.561230859999999998e+00
3.697999267000000145e+01 2.634777009554542526e-01 1.542152696999999906e+00
3.698519852999999813e+01 3.552316659643631191e-01 1.536664191000000068e+00
3.698520929000000024e+01 3.552230130970779887e-01 1.539280793999999952e+00
3.698003064000000251e+01 2.634646689063611102e-01 1.549317111999999996e+00
3.694089804000000044e+01 1.318680935157585110e-01 1.571155099000000055e+00
3.683739633999999796e+01 2.579907269641002476e-01 1.609784131000000063e+00
3.666739017999999817e+01 5.033563531646014777e-01 1.664778537999999974e+00
3.646237048999999786e+01 7.267952047790247061e-01 1.728704578000000103e+00
3.626971059000000253e+01 9.078455052007392556e-01 1.790041387999999900e+00
3.613358981999999742e+01 1.034924317665686377e+00 1.835371016000000077e+00
3.658246680999999967e+01 1.065122407289470274e+00 1.869073355000000047e+00
3.660446710000000081e+01 1.002953224113005248e+00 1.852878135999999953e+00
3.666641658000000348e+01 8.257210339198645110e-01 1.811940525000000024e+00
3.675323010999999696e+01 5.606967821369156502e-01 1.759084682999999982e+00
3.683751258000000206e+01 2.584542015292726203e-01 1.710377714000000049e+00
3.688907713999999771e+01 1.807279835035722204e-01 1.679146369999999999e+00
3.689430621999999715e+01 4.240296834938005466e-01 1.670402608000000066e+00
3.686799711999999829e+01 6.121849549500930632e-01 1.678027197000000026e+00
3.684239078000000234e+01 7.046185851583166571e-01 1.688802056999999968e+00
3.684239609000000115e+01 7.045836541623579086e-01 1.691944847999999890e+00
3.686802377000000064e+01 6.121142768946435941e-01 1.686790784999999904e+00
3.689438119999999799e+01 4.239977029328589331e-01 1.682905969999999973e+00
3.688922738000000123e+01 1.807821432440773479e-01 1.692785626000000043e+00
3.683774173999999846e+01 2.583663867595780150e-01 1.722709594999999982e+00
3.675350336000000340e+01 5.605316834073938992e-01 1.768563697000000046e+00
3.666666587000000277e+01 8.255494770650086966e-01 1.818055517999999982e+00
3.660461657999999829e+01 1.002841860634396509e+00 1.855791852999999936e+00
3.701649623000000133e+01 9.786689760222155865e-01 1.890021812999999939e+00
3.701177383000000276e+01 9.096545611366808615e-01 1.875776144999999895e+00
3.699806238000000036e+01 7.067902131084764505e-01 1.840765573999999960e+00
3.697519439999999946e+01 3.945472349454386962e-01 1.797696060000000040e+00
3.694119246999999717e+01 1.315903597689082327e-01 1.763718173000000000e+00
3.689433526999999913e+01 4.232054753682656933e-01 1.751847359999999965e+00
3.683896802000000292e+01 7.263106777866057406e-01 1.762806029999999913e+00
3.678801153999999940e+01 9.291251773506608025e-01 1.784972307999999952e+00
3.675734669999999937e+01 1.026449190790168498e+00 1.802861001999999990e+00
3.675734995999999910e+01 1.026401673858392538e+00 1.806331761999999896e+00
3.678803849999999898e+01 9.290202319600878722e-01 1.794863915000000087e+00
3.683905960999999962e+01 7.262433875765608171e-01 1.777432321000000037e+00
3.689452690000000246e+01 4.232803533332539780e-01 1.768382311000000096e+00
3.694148017999999922e+01 1.318240016016370142e-01 1.778981764999999937e+00
3.697552330999999981e+01 3.943885207446707897e-01 1.809408984000000054e+00
3.699834830000000352e+01 7.065873324071260120e-01 1.848185168000000100e+00
3.701193905000000228e+01 9.095240009239277112e-01 1.879242324000000020e+00
3.733619809000000345e+01 8.469069930709950400e-01 1.913716640000000080e+00
3.730780536000000325e+01 7.842518665630534569e-01 1.900832137000000088e+00
3.722731430000000330e+01 5.979575210201488744e-01 1.870447812000000098e+00
3.710960500000000195e+01 3.176396455305409705e-01 1.835098198999999930e+00
3.698043818000000016e+01 2.624806595233853956e-01 1.811438386000000067e+00
3.686796343000000320e+01 6.107326010077861467e-01 1.810257822999999933e+00
3.678788488000000001e+01 9.284667101943755441e-01 1.827782852999999985e+00
3.673987575999999677e+01 1.134108224730370651e+00 1.850625535000000044e+00
3.671778049000000266e+01 1.229538228072320827e+00 1.866871171000000107e+00
3.671778211000000169e+01 1.229481748791209306e+00 1.870502748999999909e+00
3.673990334999999874e+01 1.133974706118483056e+00 1.861164822000000107e+00
3.678799312000000299e+01 9.283595582954041747e-01 1.843870971999999941e+00
3.686819916999999691e+01 6.107888145265740754e-01 1.829075637000000087e+00
3.698079438999999979e+01 2.627374483339626754e-01 1.829196905000000095e+00
3.711001015000000081e+01 3.174521152830825366e-01 1.848814716999999996e+00
3.722766477999999779e+01 5.976672407343376348e-01 1.879137306999999923e+00
3.730800753999999841e+01 7.840702041223209795e-01 1.904896538000000028e+00
3.750357733999999965e+01 7.417414900111181097e-01 1.931354542000000007e+00
3.746092451999999895e+01 6.922610347567018652e-01 1.918995422999999922e+00
3.734057434000000342e+01 5.429081135467638264e-01 1.890811183999999923e+00
3.716748144999999681e+01 3.276053227146034641e-01 1.859467036000000073e+00
3.698571246000000201e+01 3.540478031735367903e-01 1.840820064000000089e+00
3.684232619000000142e+01 7.028275074593548499e-01 1.843393717000000098e+00
3.675712725999999719e+01 1.025460043936358812e+00 1.860743013000000001e+00
3.671766783000000345e+01 1.229223099451766554e+00 1.880205791000000071e+00
3.670361936999999841e+01 1.321005836319832483e+00 1.893474627000000021e+00
3.670361704999999830e+01 1.320942142379133655e+00 1.897168651000000095e+00
3.671768606999999918e+01 1.229065670483042494e+00 1.891029072000000033e+00
3.675722839000000164e+01 1.025314061069945604e+00 1.877565974999999998e+00
3.684256724000000105e+01 7.028549149641281080e-01 1.863485411000000092e+00
3.698609179000000324e+01 3.543017162848731139e-01 1.860046647999999969e+00
3.716792535999999814e+01 3.274450133480925063e-01 1.874393728999999897e+00
3.734096912999999773e+01 5.425466329702240964e-01 1.900298320999999957e+00
3.746115745000000175e+01 6.920203090246743738e-01 1.923452683999999913e+00
3.466118448000000285e+01 5.692453374655329634e-01 1.930715525000000099e+00
3.498111863999999827e+01 9.046639297555263415e-01 1.708387002000000043e+00
3.548925170999999779e+01 1.015909408411016290e+00 1.559024878000000003e+00
3.603385967999999906e+01 1.065766981370070310e+00 1.445491523000000056e+00
3.657917051999999813e+01 1.063563718004164826e+00 1.347825730000000055e+00
3.708869440000000139e+01 1.004626377526966596e+00 1.263827217000000003e+00
3.751719742000000224e+01 8.919382852744983659e-01 1.199866898000000015e+00
3.781874075999999718e+01 7.583474307295027250e-01 1.166864039000000020e+00
3.796883902999999805e+01 6.690262030919290615e-01 1.161060390999999914e+00
3.796888430999999997e+01 6.689711671896434453e-01 1.161694970000000104e+00
3.781884798000000103e+01 7.582220811089351864e-01 1.168452454000000085e+00
3.751735845000000324e+01 8.917401592111997566e-01 1.201694092000000103e+00
3.708896143999999850e+01 1.004344520450608291e+00 1.265329429999999977e+00
3.657958224000000058e+01 1.063249553473569087e+00 1.348899918999999947e+00
3.603440743000000168e+01 1.065480087347606908e+00 1.446432484000000018e+00
3.548989464000000282e+01 1.015690688013517251e+00 1.560371313999999954e+00
3.498177685999999653e+01 9.046093692443599732e-01 1.710576751000000062e+00
3.498229720999999870e+01 9.065789557404804189e-01 1.873687550999999951e+00
3.517882291000000095e+01 9.368540275013467200e-01 1.760384041000000011e+00
3.559881533000000076e+01 9.859806960914109242e-01 1.607824458000000067e+00
3.609315098999999805e+01 1.014370300130991165e+00 1.480472902999999896e+00
3.660151426000000185e+01 1.001336412384178809e+00 1.371325161999999986e+00
3.707836683000000022e+01 9.382145542105360114e-01 1.278455224000000001e+00
3.747621357999999958e+01 8.332341722282509133e-01 1.207911401000000051e+00
3.775260815000000036e+01 7.236109083703238243e-01 1.169332537000000061e+00
3.788884698999999756e+01 6.589029195915074855e-01 1.159044492000000037e+00
3.788888622000000339e+01 6.588682951286936040e-01 1.159812824000000075e+00
3.775270628999999900e+01 7.235181027575657842e-01 1.171298978999999907e+00
3.747636689000000132e+01 8.330673903823623272e-01 1.210295933999999907e+00
3.707861640000000136e+01 9.379645958707413245e-01 1.280597430999999897e+00
3.660188912000000272e+01 1.001048498184444746e+00 1.373025807999999959e+00
3.609363531000000336e+01 1.014103239322345473e+00 1.481943046999999902e+00
3.559934726000000182e+01 9.857766353105671397e-01 1.609465193999999988e+00
3.517925935000000237e+01 9.367349250558066887e-01 1.762188695999999943e+00
3.549139409000000001e+01 1.017763712053807668e+00 1.883339971000000057e+00
3.560021439999999870e+01 9.872509663950923553e-01 1.824453934999999971e+00
3.588181483999999699e+01 9.351503393769594608e-01 1.698454370999999963e+00
3.625803494000000171e+01 8.859399027754842892e-01 1.561569685999999901e+00
3.666428991000000082e+01 8.241576767566477502e-01 1.433514575000000013e+00
3.704550414999999930e+01 7.435473966339569696e-01 1.322263218000000018e+00
3.735350197000000350e+01 6.699584930391888626e-01 1.236834757000000007e+00
3.755748662999999965e+01 6.398483831410725076e-01 1.185420560000000068e+00
3.765404576000000247e+01 6.431529892379029834e-01 1.165334520000000040e+00
3.765407768000000033e+01 6.431436810056904152e-01 1.166460614000000007e+00
3.755757091000000258e+01 6.398101312670668728e-01 1.188422300999999903e+00
3.735363362999999737e+01 6.698611682096100584e-01 1.240785178000000100e+00
3.704570637999999860e+01 7.433663761012306859e-01 1.326218627999999899e+00
3.666458075999999977e+01 8.239167012562617076e-01 1.436952787999999925e+00
3.625839461000000341e+01 8.856911871093532396e-01 1.564411663000000008e+00
3.588217551000000327e+01 9.349377177377151682e-01 1.700778351000000077e+00
3.560045834000000298e+01 9.871106004930578770e-01 1.825998243999999993e+00
3.603671630000000192e+01 1.067448601289711974e+00 1.906989044999999994e+00
3.609552791000000127e+01 1.015942216395191666e+00 1.870046338999999946e+00
3.625928790999999762e+01 8.869326245927187102e-01 1.774595267000000032e+00
3.649381770000000103e+01 7.241742974388725163e-01 1.648323388999999972e+00
3.675212402999999739e+01 5.595463375355893554e-01 1.515399858000000100e+00
3.698452044999999799e+01 4.468124138396193934e-01 1.393814864000000098e+00
3.715354195999999831e+01 4.667332461513871711e-01 1.297856882999999906e+00
3.724912242999999989e+01 5.726465965375411304e-01 1.235962830999999928e+00
3.728729531999999836e+01 6.503428796911177034e-01 1.207862299999999944e+00
3.728732297999999901e+01 6.503463354790081086e-01 1.209511830999999926e+00
3.724919641000000325e+01 5.726505925650674511e-01 1.240492861999999974e+00
3.715365059999999886e+01 4.667167348055650256e-01 1.304143148999999946e+00
3.698466824999999858e+01 4.467145298103176732e-01 1.400471256999999969e+00
3.675232032000000260e+01 5.593482159368233786e-01 1.521334868000000062e+00
3.649405007000000012e+01 7.239315615063269815e-01 1.652972880999999949e+00
3.625950909000000166e+01 8.867096092114283845e-01 1.777771454000000029e+00
3.609566695000000180e+01 1.015802525474232221e+00 1.871672645000000079e+00
3.658250933000000060e+01 1.065047099226420491e+00 1.930261656999999964e+00
3.660452792000000244e+01 1.002900179344628162e+00 1.903064281000000024e+00
3.666645016999999740e+01 8.257014653846063146e-01 1.828391214999999903e+00
3.675318691999999743e+01 5.606865254126643938e-01 1.720690379999999964e+00
3.683734931000000046e+01 2.583149612747002721e-01 1.600363814999999912e+00
3.688876968000000289e+01 1.801562760130561713e-01 1.488046393999999939e+00
3.689386214000000308e+01 4.235371575551412637e-01 1.399082158999999992e+00
3.686745797999999752e+01 6.116517781579455804e-01 1.340513354000000046e+00
3.684181738000000195e+01 7.040640184673151447e-01 1.312993164999999962e+00
3.684184528000000114e+01 7.040622143122581278e-01 1.315301100999999973e+00
3.686753209999999825e+01 6.116462558710142883e-01 1.346942327000000050e+00
3.689396315999999842e+01 4.235384027060634660e-01 1.408220054000000054e+00
3.688888605000000354e+01 1.801523432933432867e-01 1.497931606999999943e+00
3.683748068999999958e+01 2.581477026107109607e-01 1.609177437999999905e+00
3.675332835999999759e+01 5.604651469701692479e-01 1.727331716999999989e+00
3.666657785999999675e+01 8.254865953203723850e-01 1.832574042999999930e+00
3.660460539000000324e+01 1.002766203146927326e+00 1.905014455999999967e+00
3.709231305000000134e+01 1.005972187253542316e+00 1.951581197000000101e+00
3.708175868000000008e+01 9.397366525589265773e-01 1.929174675999999922e+00
3.704826659999999805e+01 7.454137690579928366e-01 1.867896382999999938e+00
3.698638635999999735e+01 4.489739618175561664e-01 1.779168878999999981e+00
3.688965908000000127e+01 1.819910905139973945e-01 1.681458518999999985e+00
3.675870513999999645e+01 3.702083448007114086e-01 1.594773286999999984e+00
3.661099566000000038e+01 6.257203906972029772e-01 1.532440030999999925e+00
3.648057838999999802e+01 7.819025955467837630e-01 1.497000158000000081e+00
3.640405355000000043e+01 8.469453769613544125e-01 1.483501997999999933e+00
3.640408699999999698e+01 8.469261465666263478e-01 1.486564946000000109e+00
3.648066896000000270e+01 7.818536173641417175e-01 1.505568675999999995e+00
3.661111900000000219e+01 6.256733563213258131e-01 1.544696065999999979e+00
3.675883559999999761e+01 3.702094705441946743e-01 1.608073767999999903e+00
3.688978097999999761e+01 1.819446029545437604e-01 1.693240062000000101e+00
3.698649204000000168e+01 4.487887832330336169e-01 1.787886915000000077e+00
3.704834744000000057e+01 7.452115320845750235e-01 1.873263651000000030e+00
3.708180329999999714e+01 9.396068565264800165e-01 1.931635607000000032e+00
3.752097820000000183e+01 8.932698368454561333e-01 1.973440313000000002e+00
3.747983205999999967e+01 8.347941419790771977e-01 1.953747334000000002e+00
3.735667361000000142e+01 6.720008026438597515e-01 1.901782531999999915e+00
3.715601208999999727e+01 4.690220028811707409e-01 1.829765002999999890e+00
3.689545826999999889e+01 4.244433690610655563e-01 1.755787001999999930e+00
3.661170306999999724e+01 6.254737614424413783e-01 1.698346069999999930e+00
3.635383505000000071e+01 8.561675715037935230e-01 1.668493183000000046e+00
3.616448617000000354e+01 1.013270530565532734e+00 1.663156893000000025e+00
3.606643650000000179e+01 1.086213695571329296e+00 1.668361455999999965e+00
3.606647827999999834e+01 1.086172785094910553e+00 1.672099710999999989e+00
3.616460494999999753e+01 1.013175085050263657e+00 1.673712810000000051e+00
3.635400646000000080e+01 8.560863813460721783e-01 1.683732339999999938e+00
3.661188717999999653e+01 6.254632569830168576e-01 1.714885138999999947e+00
3.689562042000000019e+01 4.244324464377413064e-01 1.770336343000000090e+00
3.715613597000000112e+01 4.688503043887820021e-01 1.840498018999999985e+00
3.735675523999999825e+01 6.717834246600182802e-01 1.908444223999999911e+00
3.747987211000000229e+01 8.346541697468670140e-01 1.956847626000000062e+00
3.782265959000000066e+01 7.597265034960889452e-01 1.997363973999999986e+00
3.775640135999999814e+01 7.252244950398475387e-01 1.978890845000000009e+00
3.756096335000000153e+01 6.418121177170496017e-01 1.932379869000000028e+00
3.725204730000000097e+01 5.744735338259703283e-01 1.871985017999999945e+00
3.686958472999999969e+01 6.122599217754262080e-01 1.815845528000000098e+00
3.648177575999999789e+01 7.812904340549227111e-01 1.780217087999999892e+00
3.616490366000000023e+01 1.012637865697888495e+00 1.772187825000000050e+00
3.596149748999999929e+01 1.203850998244461623e+00 1.782706931000000106e+00
3.586786100999999860e+01 1.300666357145237706e+00 1.795025494000000110e+00
3.586790795000000287e+01 1.300605737572505527e+00 1.799159399999999964e+00
3.596163837000000285e+01 1.203708900237120849e+00 1.794599009999999994e+00
3.616512060000000162e+01 1.012527104157041613e+00 1.789723941999999957e+00
3.648201640999999995e+01 7.812873703493371513e-01 1.799350341000000020e+00
3.686979842000000218e+01 6.122522381347212939e-01 1.832580002000000041e+00
3.725221469000000241e+01 5.743006537227021147e-01 1.884362598000000055e+00
3.756108016000000305e+01 6.415447998823138320e-01 1.940199237999999937e+00
3.775646256999999650e+01 7.250399994996632458e-01 1.982611931000000105e+00
3.797284806999999773e+01 6.704172152492278158e-01 2.015662236999999912e+00
3.789274822000000142e+01 6.605013470893885685e-01 1.997217822000000087e+00
3.765770195000000342e+01 6.449270507817989051e-01 1.952385604000000052e+00
3.729048534999999731e+01 6.518816247431108435e-01 1.897233468999999895e+00
3.684425205000000147e+01 7.046215716908299509e-01 1.850039455999999971e+00
3.640551434000000341e+01 8.461587542817867735e-01 1.825024758000000080e+00
3.606703138000000308e+01 1.085170581323888550e+00 1.825194586000000063e+00
3.586799958000000288e+01 1.300248476972501344e+00 1.837976921000000097e+00
3.578387249000000025e+01 1.406969196766318708e+00 1.849219971999999990e+00
3.578391819000000140e+01 1.406896875053674778e+00 1.853500471999999899e+00
3.586814144000000226e+01 1.300072081604851215e+00 1.850465027000000040e+00
3.606725886000000258e+01 1.085027701515733689e+00 1.843950401000000072e+00
3.640577145999999686e+01 8.461552626634643026e-01 1.845621391999999972e+00
3.684448374000000115e+01 7.046245720070282159e-01 1.867990483000000035e+00
3.729067750000000103e+01 6.517254036980920651e-01 1.910537471000000043e+00
3.765785083000000100e+01 6.446283702217644462e-01 1.960888229000000038e+00
3.789283478000000116e+01 6.602605917195084606e-01 2.001319430000000121e+00
3.506517282000000080e+01 6.200076961613572024e-01 1.830519381000000001e+00
3.537483100000000036e+01 9.305476888775537914e-01 1.629996162999999942e+00
3.590439085999999946e+01 1.016149958154917599e+00 1.475794660000000036e+00
3.646428197000000182e+01 1.019738358389777222e+00 1.370001529000000051e+00
3.701216459999999842e+01 9.770674459920412058e-01 1.281702869999999939e+00
3.751626264000000077e+01 8.918814649791034777e-01 1.200948509999999914e+00
3.793735617000000104e+01 7.666235624291877215e-01 1.130779586999999919e+00
3.823140598999999895e+01 6.310533189752461913e-01 1.089114522000000029e+00
3.837483818999999841e+01 5.490663396632170512e-01 1.082010981999999899e+00
3.837486067999999761e+01 5.490202053573460805e-01 1.082496254999999907e+00
3.823145321999999879e+01 6.309687581501918219e-01 1.090322443000000030e+00
3.793743936999999988e+01 7.664927979389042356e-01 1.132109591000000082e+00
3.751643522999999902e+01 8.916808399842366395e-01 1.201906901999999944e+00
3.701245408999999853e+01 9.768221450071603584e-01 1.282130879999999973e+00
3.646468179000000021e+01 1.019477679134909831e+00 1.370017057999999954e+00
3.590487393000000083e+01 1.015910821893665883e+00 1.475730458999999994e+00
3.537532056999999952e+01 9.304664422771359300e-01 1.630219811999999990e+00
3.537645492000000047e+01 9.327702925958109015e-01 1.864570577000000062e+00
3.557288539000000327e+01 9.424856098312502928e-01 1.724558720999999961e+00
3.600203428999999744e+01 9.573653101925737596e-01 1.543002774999999938e+00
3.650258420000000115e+01 9.491414380522060767e-01 1.409059574000000037e+00
3.700780711000000167e+01 9.078453931071914784e-01 1.301890433999999930e+00
3.747531905999999680e+01 8.331744381648127362e-01 1.208897569999999977e+00
3.786292057000000000e+01 7.350841807572155995e-01 1.131757209000000097e+00
3.813036074000000042e+01 6.464452679854993944e-01 1.085316119000000024e+00
3.826007519000000201e+01 6.030380178740805119e-01 1.073097503000000064e+00
3.826009859999999918e+01 6.030099019797789950e-01 1.073677983999999919e+00
3.813041653999999880e+01 6.463816542859688319e-01 1.086799359000000020e+00
3.786301521000000037e+01 7.349788407905644139e-01 1.133518486999999908e+00
3.747549096000000191e+01 8.330106859980908052e-01 1.210382429999999898e+00
3.700807640000000021e+01 9.076387628374643635e-01 1.302865785000000054e+00
3.650293990000000122e+01 9.489171705282729574e-01 1.409582166000000081e+00
3.600243354999999923e+01 9.571577066324891137e-01 1.543332185999999995e+00
3.557321340000000021e+01 9.423420611744179887e-01 1.724900534000000096e+00
3.590731854999999939e+01 1.018041921779603731e+00 1.912688130000000042e+00
3.600399833000000172e+01 9.588677603888244860e-01 1.837820827000000046e+00
3.626187831000000017e+01 8.493107082113134920e-01 1.675668136999999946e+00
3.661360596000000101e+01 7.631173588590079992e-01 1.507799837000000087e+00
3.699502524999999764e+01 7.045909967274935903e-01 1.360973894000000017e+00
3.735275624999999877e+01 6.698293104820773891e-01 1.237611889999999937e+00
3.764232219000000157e+01 6.713140452671451097e-01 1.142135560000000050e+00
3.783459810000000090e+01 7.074238529364164085e-01 1.083734315000000059e+00
3.792549060999999710e+01 7.416075700049337138e-01 1.061263199000000101e+00
3.792551483999999817e+01 7.415973489305429656e-01 1.062090798000000058e+00
3.783466133999999670e+01 7.073943105444142621e-01 1.085959923000000105e+00
3.764242085000000060e+01 6.712644488275723020e-01 1.145096536999999914e+00
3.735290659999999718e+01 6.697428571249737228e-01 1.240583371999999907e+00
3.699523709000000338e+01 7.044545051154832427e-01 1.363477658000000092e+00
3.661386381999999884e+01 7.629374424064265803e-01 1.509661096000000091e+00
3.626213374000000300e+01 8.491141786046769724e-01 1.676915055000000043e+00
3.600416719999999771e+01 9.587174544548561217e-01 1.838485128000000079e+00
3.646807222000000337e+01 1.021399640914766316e+00 1.955463318999999922e+00
3.650582589999999783e+01 9.509124600414335937e-01 1.910766191000000003e+00
3.661540154000000058e+01 7.646112247729329736e-01 1.790056625000000068e+00
3.678144913999999943e+01 5.354441296523339000e-01 1.625344928999999938e+00
3.697346758999999849e+01 3.921604936185211221e-01 1.452553197000000074e+00
3.715305754999999976e+01 4.663232734326159812e-01 1.298541009000000024e+00
3.728898748000000296e+01 6.523784382448687413e-01 1.180635689999999904e+00
3.737003031999999791e+01 8.151626376967897603e-01 1.106980206000000022e+00
3.740451356999999888e+01 9.027701602049886809e-01 1.074456024000000065e+00
3.740454016999999709e+01 9.027655858002168188e-01 1.075637903999999923e+00
3.737010114000000272e+01 8.151503122525414202e-01 1.110285847999999964e+00
3.728908701000000292e+01 6.523715413777997352e-01 1.185369133000000019e+00
3.715317844999999863e+01 4.663276134302264953e-01 1.303723511999999918e+00
3.697360679999999888e+01 3.921006332177364162e-01 1.457253788999999911e+00
3.678159544999999753e+01 5.352814204680953480e-01 1.628944991000000009e+00
3.661552953999999716e+01 7.644246699786167998e-01 1.792335707999999972e+00
3.650590206999999765e+01 9.507888479408439508e-01 1.911820046000000106e+00
3.701652486999999780e+01 9.785318013556120187e-01 1.988728072000000013e+00
3.701184982000000190e+01 9.095292000196812943e-01 1.957307600999999897e+00
3.699810750999999698e+01 7.067355203854744916e-01 1.867129019999999917e+00
3.697511138000000130e+01 3.945961628765453644e-01 1.728555204000000067e+00
3.694089010999999800e+01 1.315051520206832192e-01 1.562975736999999921e+00
3.689376925999999912e+01 4.228779112671992024e-01 1.400087105000000109e+00
3.683816698999999772e+01 7.258820206268175035e-01 1.267274460999999963e+00
3.678706143000000139e+01 9.286423278611199983e-01 1.179283752999999990e+00
3.675634697000000273e+01 1.025968318645423150e+00 1.137707884999999974e+00
3.675637959000000166e+01 1.025959016182280026e+00 1.139365237000000031e+00
3.678714788999999996e+01 9.286171055262574248e-01 1.184013954999999951e+00
3.683827863999999863e+01 7.258565652690950332e-01 1.274269096000000046e+00
3.689387494000000345e+01 4.228822822208965770e-01 1.407953336000000055e+00
3.694097150999999712e+01 1.314737940670921701e-01 1.570138738000000034e+00
3.697516646999999779e+01 3.944508900913184513e-01 1.733923501999999894e+00
3.699814157000000137e+01 7.065857602678544680e-01 1.870423334999999909e+00
3.701186649999999645e+01 9.094346887890639719e-01 1.958800228000000088e+00
3.752095080000000138e+01 8.932094108409467381e-01 2.011414076999999967e+00
3.747983070000000083e+01 8.347150521988403460e-01 1.986306037000000080e+00
3.735667200000000321e+01 6.719547007383581683e-01 1.915473532000000034e+00
3.715596905000000305e+01 4.690865431514198991e-01 1.806960804000000032e+00
3.689532496000000350e+01 4.245800457515415682e-01 1.674047140000000100e+00
3.661143978999999860e+01 6.254509219132849962e-01 1.534381653000000068e+00
3.635343200999999880e+01 8.559562786783216914e-01 1.409192766000000097e+00
3.616397343999999947e+01 1.012922573183046016e+00 1.318464773999999951e+00
3.606587037999999978e+01 1.085807556551970032e+00 1.273134712000000057e+00
3.606591756000000260e+01 1.085787307864280793e+00 1.275495924999999975e+00
3.616409775000000337e+01 1.012867120838159218e+00 1.325190839000000009e+00
3.635358544000000336e+01 8.558819522131252411e-01 1.419027444999999998e+00
3.661156396999999885e+01 6.253742887148453500e-01 1.545166977000000053e+00
3.689538532000000259e+01 4.244908489863203349e-01 1.683573253999999908e+00
3.715596999000000267e+01 4.689758769838145436e-01 1.813970426000000025e+00
3.735664315999999729e+01 6.718482195504208443e-01 1.919796347999999986e+00
3.747980565999999669e+01 8.346468170323187996e-01 1.988304897999999987e+00
3.794219558999999720e+01 7.679426168164833477e-01 2.027024061000000099e+00
3.786768108999999782e+01 7.365391095014091061e-01 2.005434541000000070e+00
3.764675830000000190e+01 6.730561547906763753e-01 1.947443433999999973e+00
3.729279229000000129e+01 6.541740678412309995e-01 1.864270665999999910e+00
3.684098282000000069e+01 7.271694267151771474e-01 1.769030665999999918e+00
3.635491496000000211e+01 8.564662762971148036e-01 1.671898828000000004e+00
3.591842925000000264e+01 9.891761467783712902e-01 1.582959218999999917e+00
3.560554447999999894e+01 1.088365709662019176e+00 1.517153081000000014e+00
3.544873722999999899e+01 1.135824039332995916e+00 1.485553035999999993e+00
3.544881098999999836e+01 1.135793636719838462e+00 1.488945844999999935e+00
3.560573678000000086e+01 1.088288771338208782e+00 1.526605511999999942e+00
3.591865768000000259e+01 9.890765629256522695e-01 1.596117291999999965e+00
3.635508726999999851e+01 8.563449587175159250e-01 1.685470170999999961e+00
3.684105564000000044e+01 7.270331755950222297e-01 1.780537341000000051e+00
3.729277626999999740e+01 6.540515412179215282e-01 1.872720143000000004e+00
3.764669677999999919e+01 6.729671498876867997e-01 1.952814186999999979e+00
3.786762997000000297e+01 7.364900976031439894e-01 2.008014907000000182e+00
3.823632030000000270e+01 6.324656537531518907e-01 2.042287747000000042e+00
3.813526403000000187e+01 6.478307066282070759e-01 2.022263098999999897e+00
3.783936487999999798e+01 7.086906424798756765e-01 1.971473645000000108e+00
3.737441949000000108e+01 8.162982258278427272e-01 1.904560589999999998e+00
3.679074353000000031e+01 9.296077373812970945e-01 1.836539093000000067e+00
3.616657048999999802e+01 1.013498130629001404e+00 1.777135423999999908e+00
3.560676634000000007e+01 1.088343509958272115e+00 1.732341589000000015e+00
3.521442151000000109e+01 1.194704438920454637e+00 1.707994392000000028e+00
3.502774608000000001e+01 1.277940817724198430e+00 1.702527611000000052e+00
3.502784766999999988e+01 1.277884543695654518e+00 1.706975389999999981e+00
3.521468727999999970e+01 1.194595936807240077e+00 1.720218208999999998e+00
3.560707143999999857e+01 1.088238438079998094e+00 1.748552332999999903e+00
3.616678853999999887e+01 1.013355189122435718e+00 1.792853975000000100e+00
3.679083622000000275e+01 9.294454880228738558e-01 1.849440167000000024e+00
3.737440766999999653e+01 8.161525238160936002e-01 1.914106324000000026e+00
3.783929804000000274e+01 7.085841838447209939e-01 1.977762137000000031e+00
3.813520668000000313e+01 6.477746370780111951e-01 2.025407920000000139e+00
3.837979895000000141e+01 5.505228348217200418e-01 2.055810504000000094e+00
3.826505935000000136e+01 6.043230079662761378e-01 2.035595895000000155e+00
3.793043349999999947e+01 7.425767683126648366e-01 1.986617553000000092e+00
3.740920265999999827e+01 9.036173462168037851e-01 1.926388087999999943e+00
3.676047151000000213e+01 1.026792266755616190e+00 1.871069655000000109e+00
3.606904984999999897e+01 1.086397345604968923e+00 1.831137266000000041e+00
3.545060186999999985e+01 1.135618650506494909e+00 1.811727365999999950e+00
3.502835809999999839e+01 1.277436146644425286e+00 1.810160258000000022e+00
3.483918082999999655e+01 1.406139596993472018e+00 1.815162970999999903e+00
3.483929129999999930e+01 1.406052111132070292e+00 1.820151175999999982e+00
3.502865246999999727e+01 1.277280006337581986e+00 1.823979346000000001e+00
3.545093446999999998e+01 1.135503039634869760e+00 1.829723752000000037e+00
3.606927656999999954e+01 1.086241671802932851e+00 1.848000062999999971e+00
3.676056401999999679e+01 1.026624452880565919e+00 1.884683096000000058e+00
3.740919030999999961e+01 9.034668511228809429e-01 1.936526803000000019e+00
3.793036950999999846e+01 7.424512364997958302e-01 1.993442211000000075e+00
3.826500757000000164e+01 6.042324133719484403e-01 2.039087267999999842e+00
3.546167547000000297e+01 5.287257198824739657e-01 1.726041817000000034e+00
3.574383445000000137e+01 8.422439621046516889e-01 1.559137524000000052e+00
3.625925853999999759e+01 9.226741074473802096e-01 1.411891052999999951e+00
3.680359519999999662e+01 9.021445013514514111e-01 1.318961279999999903e+00
3.733087951000000260e+01 8.453373802044236163e-01 1.244102572000000073e+00
3.781679709000000145e+01 7.584806912370581911e-01 1.169715787999999979e+00
3.823023842999999999e+01 6.314210442100012255e-01 1.091522427999999989e+00
3.852780503999999695e+01 4.739591065385732049e-01 1.027901197999999905e+00
3.867611378000000144e+01 3.633664325854122912e-01 1.004833835999999980e+00
3.867611940999999831e+01 3.633447501308177396e-01 1.005154199999999998e+00
3.852782153999999792e+01 4.739172142755917472e-01 1.028679187999999911e+00
3.823029432999999955e+01 6.313266968084223496e-01 1.092344929000000020e+00
3.781692127000000170e+01 7.583452411343619692e-01 1.170283168999999956e+00
3.733107253000000014e+01 8.451797871394944872e-01 1.244288054999999948e+00
3.680384614999999826e+01 9.019641128852284861e-01 1.318763544999999926e+00
3.625955385000000319e+01 9.224834130507941765e-01 1.411448213999999979e+00
3.574412244999999899e+01 8.421602445298631556e-01 1.558717235000000034e+00
3.574563128999999861e+01 8.449382311409064927e-01 1.817390631000000090e+00
3.592999213000000225e+01 8.445785468090042380e-01 1.677429599999999965e+00
3.634132701000000054e+01 8.420542319912059925e-01 1.490033630999999970e+00
3.682113225999999884e+01 8.217643571024860760e-01 1.359790274999999937e+00
3.730289175000000057e+01 7.823349639420743573e-01 1.260870098000000050e+00
3.775076834000000048e+01 7.237028440122075246e-01 1.171878758999999937e+00
3.812928605999999832e+01 6.466827461442229419e-01 1.087424903999999914e+00
3.839804692999999958e+01 5.722165922302481222e-01 1.023448601999999985e+00
3.853118667999999758e+01 5.356075346486086630e-01 9.985095934000000062e-01
3.853119880999999936e+01 5.355891720853488414e-01 9.988794248000000264e-01
3.839808182000000158e+01 5.721705200989315454e-01 1.024381588000000010e+00
3.812936067999999779e+01 6.466010725019222249e-01 1.088513650000000110e+00
3.775090293000000230e+01 7.235914603644046927e-01 1.172784846999999964e+00
3.730308525000000230e+01 7.822074416044951795e-01 1.261419956999999981e+00
3.682136994999999757e+01 8.216232449887652667e-01 1.359948308000000106e+00
3.634158166999999651e+01 8.419093322048171180e-01 1.489907770999999936e+00
3.593019278999999955e+01 8.444667553591329590e-01 1.677244171999999978e+00
3.626274279999999806e+01 9.247869308848596370e-01 1.914036513000000106e+00
3.634371380999999701e+01 8.439047612552418309e-01 1.833323543999999972e+00
3.656565135999999683e+01 6.912135508495298453e-01 1.653944800000000104e+00
3.687741317999999779e+01 6.001334543758759521e-01 1.469782989999999900e+00
3.722344154999999688e+01 5.951807362460140860e-01 1.314887308999999949e+00
3.755598114000000010e+01 6.396622995478804530e-01 1.187260224000000086e+00
3.783376314000000207e+01 7.073476077423099806e-01 1.085185126000000055e+00
3.802498952999999915e+01 7.778212722670505563e-01 1.017599401000000015e+00
3.811806346000000190e+01 8.227454396271237647e-01 9.889537042999999583e-01
3.811808117000000351e+01 8.227358487404939913e-01 9.894556927000000002e-01
3.802503961000000032e+01 7.777949745303974760e-01 1.018953768000000037e+00
3.783384812999999980e+01 7.073103428937220771e-01 1.087003455000000063e+00
3.755610868000000124e+01 6.396141521829967758e-01 1.189114184999999990e+00
3.722360783999999967e+01 5.951165614094507950e-01 1.316458179000000062e+00
3.687759925000000294e+01 6.000434099808521493e-01 1.470895465999999985e+00
3.656582281000000023e+01 6.910978892224182157e-01 1.654574127000000061e+00
3.634382097999999672e+01 8.438085164359363510e-01 1.833573826999999934e+00
3.680817720000000293e+01 9.038619583968170446e-01 1.982970660000000107e+00
3.682510667999999754e+01 8.237868035912275788e-01 1.935276183000000039e+00
3.687968586000000215e+01 6.023474803091179997e-01 1.801667195999999915e+00
3.697640909999999792e+01 3.283351078609181295e-01 1.612185717000000018e+00
3.710730977000000053e+01 3.138462831026152533e-01 1.411681865000000036e+00
3.724814022000000335e+01 5.718434295839676107e-01 1.237253302999999915e+00
3.736948440999999832e+01 8.147990018938334744e-01 1.107873018000000043e+00
3.745170387999999662e+01 9.831738925865236567e-01 1.028694962000000102e+00
3.749088770000000181e+01 1.066220285254044109e+00 9.939759838999999708e-01
3.749090972999999849e+01 1.066214182283837797e+00 9.946667490999999695e-01
3.745176520999999781e+01 9.831583189791437416e-01 1.030650647999999947e+00
3.736957584000000310e+01 8.147882602509077810e-01 1.110741946999999952e+00
3.724825311000000028e+01 5.718579555087063282e-01 1.240497602999999893e+00
3.710743302000000199e+01 3.138706785017775780e-01 1.414708939999999915e+00
3.697652687000000071e+01 3.282618613097416094e-01 1.614518641000000088e+00
3.687977972000000193e+01 6.022534856199320830e-01 1.803106600000000004e+00
3.682515922000000330e+01 8.237281339468347507e-01 1.935913935000000086e+00
3.733620327999999944e+01 8.467577399167711683e-01 2.028779314999999972e+00
3.730787251000000282e+01 7.840771364572035607e-01 1.996030023000000098e+00
3.722734839999999679e+01 5.978946905559345826e-01 1.899089043000000032e+00
3.710947808000000236e+01 3.178736067782210184e-01 1.742369064000000023e+00
3.698002461000000096e+01 2.626217233234687809e-01 1.543845785000000026e+00
3.686720968000000198e+01 6.104640822824397572e-01 1.342052044000000111e+00
3.678684824999999847e+01 9.280813135348163767e-01 1.180070715000000048e+00
3.673867817000000002e+01 1.133718317858720903e+00 1.077947581999999960e+00
3.671653562000000193e+01 1.229187942297049974e+00 1.031742774999999890e+00
3.671656409999999937e+01 1.229177049355912876e+00 1.032690310000000000e+00
3.673875632000000024e+01 1.133690446525023932e+00 1.080706176999999935e+00
3.678695491999999945e+01 9.280550786243377814e-01 1.184297815999999948e+00
3.686731547000000120e+01 6.104657422183746851e-01 1.346995646000000102e+00
3.698010672000000199e+01 2.626348183983378548e-01 1.548467880000000019e+00
3.710953230999999874e+01 3.178094046199086420e-01 1.745863852000000049e+00
3.722738159000000024e+01 5.978397931314733960e-01 1.901236801000000032e+00
3.730788906000000082e+01 7.840489794374398969e-01 1.997006186999999988e+00
3.782258414999999729e+01 7.596606285109452905e-01 2.052822100999999844e+00
3.775635778000000187e+01 7.250992074936010168e-01 2.027097893000000095e+00
3.756092055999999957e+01 6.417476609043594182e-01 1.953182669999999899e+00
3.725194695999999794e+01 5.745994791327436735e-01 1.836157478000000065e+00
3.686934829999999863e+01 6.124718048367391310e-01 1.681817706999999995e+00
3.648132829000000044e+01 7.812714278286371217e-01 1.499951175999999942e+00
3.616421961000000351e+01 1.012337039893535851e+00 1.319837857000000003e+00
3.596063237999999984e+01 1.203440685060510162e+00 1.185911801999999904e+00
3.586690978000000030e+01 1.300262448221073841e+00 1.120357298000000057e+00
3.586695312999999885e+01 1.300238079211734732e+00 1.121726382000000077e+00
3.596074902000000151e+01 1.203380646541146959e+00 1.189924109999999979e+00
3.616436634000000083e+01 1.012270741794323081e+00 1.325930872999999899e+00
3.648144604000000157e+01 7.812031206131692107e-01 1.506782038000000101e+00
3.686940485000000223e+01 6.123929786559709765e-01 1.687874848999999955e+00
3.725195241000000124e+01 5.745437456518225350e-01 1.840630006999999901e+00
3.756090349000000117e+01 6.417270844037749056e-01 1.955976941999999941e+00
3.775634291000000076e+01 7.250954060605405704e-01 2.028411635999999962e+00
3.823624664999999823e+01 6.324776895787069808e-01 2.060382865999999868e+00
3.813519070000000255e+01 6.478021619777903917e-01 2.038807987999999849e+00
3.783929790999999909e+01 7.086681014191025252e-01 1.980200533999999957e+00
3.737434875000000289e+01 8.163222261742589803e-01 1.895018357999999958e+00
3.679064272000000102e+01 9.296696179190888643e-01 1.791632381000000107e+00
3.616639883999999938e+01 1.013536087635940941e+00 1.668404076999999930e+00
3.560647153000000031e+01 1.088237336498326435e+00 1.519888794999999959e+00
3.521397510999999980e+01 1.194402555128813326e+00 1.371431507999999910e+00
3.502719179000000338e+01 1.277555334495221295e+00 1.282878410999999996e+00
3.502727022999999917e+01 1.277511945212611799e+00 1.285108163999999942e+00
3.521417424999999923e+01 1.194314583135984043e+00 1.377707312999999933e+00
3.560668908000000243e+01 1.088139949559604913e+00 1.528500181999999930e+00
3.616654155999999887e+01 1.013406254412187124e+00 1.676986155000000034e+00
3.679068823000000066e+01 9.295421394960771133e-01 1.798764690999999916e+00
3.737431965999999761e+01 8.162466430186562372e-01 1.900290999000000092e+00
3.783923533000000106e+01 7.086636851709628981e-01 1.983640646000000007e+00
3.813514227000000290e+01 6.478302988455554301e-01 2.040506403000000191e+00
3.853384662999999932e+01 4.751533276214994217e-01 2.062809709999999797e+00
3.840406907999999930e+01 5.731572971913850845e-01 2.043841259000000132e+00
3.803084350999999685e+01 7.785903122608168747e-01 1.994963209000000015e+00
3.745717683000000164e+01 9.840125964352252064e-01 1.929584466999999970e+00
3.674349276000000231e+01 1.134740999260520189e+00 1.860031050999999991e+00
3.596440824999999819e+01 1.204632914673698041e+00 1.790257173000000090e+00
3.521614545999999990e+01 1.195398513989556877e+00 1.712409955000000039e+00
3.462922762000000176e+01 1.180036372925580279e+00 1.617164339999999978e+00
3.432521385999999808e+01 1.226123508095699810e+00 1.541036800000000095e+00
3.432536512000000073e+01 1.226077863054564343e+00 1.545063166999999904e+00
3.462955917000000028e+01 1.179973947652205535e+00 1.627081699000000103e+00
3.521643293000000341e+01 1.195267997156888695e+00 1.723569012000000011e+00
3.596456581000000341e+01 1.204460870538876627e+00 1.800037459999999978e+00
3.674352925000000170e+01 1.134586015008582471e+00 1.867836652999999902e+00
3.745712137999999669e+01 9.839115794212310862e-01 1.935455936999999960e+00
3.803074129000000170e+01 7.785842466159605957e-01 1.998994093000000083e+00
3.840398796000000203e+01 5.732307654550685694e-01 2.045946091999999883e+00
3.868212199999999967e+01 3.648782655818153531e-01 2.067826410999999975e+00
3.853723982000000348e+01 5.364249660206739101e-01 2.049228980000000089e+00
3.812406702999999908e+01 8.232370533067875362e-01 2.003584789000000033e+00
3.749664368999999908e+01 1.066777400430427347e+00 1.946313621999999910e+00
3.672181725000000085e+01 1.229925966618216515e+00 1.891273996000000013e+00
3.587145353999999742e+01 1.301211458662022924e+00 1.846936833000000000e+00
3.503060368999999952e+01 1.278590092855276916e+00 1.815694294999999903e+00
3.432688723999999780e+01 1.226394122571435874e+00 1.794415394999999913e+00
3.394034108999999688e+01 1.316416089847282311e+00 1.780238221000000065e+00
3.394056176000000136e+01 1.316320603408391410e+00 1.786327403000000036e+00
3.432730510999999751e+01 1.226335885350065436e+00 1.807520637000000097e+00
3.503090543999999795e+01 1.278423547572760999e+00 1.828326689000000060e+00
3.587159960999999697e+01 1.301022872531957253e+00 1.857271424999999976e+00
3.672183514999999687e+01 1.229758769733455326e+00 1.899402070000000053e+00
3.749656084000000078e+01 1.066659001685389629e+00 1.952515672000000091e+00
3.812393052000000182e+01 8.232246444817710174e-01 2.007980966999999950e+00
3.853713326999999822e+01 5.365270663757412128e-01 2.051607837999999795e+00
3.572399688000000140e+01 2.168614503130280591e-01 1.654888791999999942e+00
3.598206497000000326e+01 6.754163564368376171e-01 1.512051435000000055e+00
3.647251786999999723e+01 7.918593050131913502e-01 1.375707212000000013e+00
3.699323811000000006e+01 7.831345139033544234e-01 1.294454559000000060e+00
3.749763506000000035e+01 7.403555319146376545e-01 1.231325962000000107e+00
3.796621446999999705e+01 6.694992545095881376e-01 1.165047098999999919e+00
3.837280111999999832e+01 5.500578982914792192e-01 1.086366288000000013e+00
3.867508880999999832e+01 3.647436206912239021e-01 1.007516547000000040e+00
3.883119867999999997e+01 1.620476061925973932e-01 9.651083088999999893e-01
3.883119959999999793e+01 1.620404112221154602e-01 9.652199900000000277e-01
3.867509635999999773e+01 3.647158282418235253e-01 1.007777155999999952e+00
3.837282903999999917e+01 5.500037642473305510e-01 1.086635653000000090e+00
3.796626804999999649e+01 6.694369954828768288e-01 1.165235728999999942e+00
3.749770906999999909e+01 7.402919795279990778e-01 1.231385841000000037e+00
3.699332651000000283e+01 7.830646092565866079e-01 1.294367704999999980e+00
3.647261665999999991e+01 7.917822661477841306e-01 1.375503023000000047e+00
3.598215713999999821e+01 6.753775683975357103e-01 1.511830612000000018e+00
3.598390806999999825e+01 6.788548210644822500e-01 1.772633863000000032e+00
3.615491860000000202e+01 6.862619020320183116e-01 1.641051676000000015e+00
3.654231734999999759e+01 7.008982741317503207e-01 1.459094415999999894e+00
3.699696812999999906e+01 7.029822967125421984e-01 1.335773037999999913e+00
3.745543192000000232e+01 6.903874856784959491e-01 1.245416727000000057e+00
3.788639014999999688e+01 6.592038507717964402e-01 1.162535926999999969e+00
3.825822768999999823e+01 6.035719615369526947e-01 1.076847448999999957e+00
3.853030127000000249e+01 5.360621340410804958e-01 1.000679909999999895e+00
3.866916704999999865e+01 4.956776756831192676e-01 9.619677521999999703e-01
3.866917481000000123e+01 4.956653098452242223e-01 9.620929413000000041e-01
3.853032512000000054e+01 5.360288808813948869e-01 1.000991509999999973e+00
3.825827358000000089e+01 6.035203659411498833e-01 1.077209518999999949e+00
3.788646227000000266e+01 6.591415895759844545e-01 1.162839662999999968e+00
3.745552659999999889e+01 6.903238743737482030e-01 1.245596632999999898e+00
3.699707624999999922e+01 7.029253175236199747e-01 1.335801535999999956e+00
3.654242385999999954e+01 7.008558473930246446e-01 1.458997077999999892e+00
3.615499418999999648e+01 6.862376155450937709e-01 1.640925927999999923e+00
3.647631897000000123e+01 7.942630707369401355e-01 1.904664388999999902e+00
3.654494197000000355e+01 7.031271453732028665e-01 1.823777151999999901e+00
3.673754017000000260e+01 5.333211233112233884e-01 1.640350675000000091e+00
3.701682686000000189e+01 4.721830790561381552e-01 1.451015533000000080e+00
3.733620688999999970e+01 5.398317314758097618e-01 1.294737527999999971e+00
3.765207191999999736e+01 6.428884782852822832e-01 1.167683706000000043e+00
3.792409652999999992e+01 7.414215689835093048e-01 1.063725762000000019e+00
3.811745481999999896e+01 8.226212381111162042e-01 9.902360296000000117e-01
3.821411111999999832e+01 8.695847346423333235e-01 9.560599277000000340e-01
3.821412346999999698e+01 8.695785585105796356e-01 9.562255253000000454e-01
3.811749009999999771e+01 8.226036471543346495e-01 9.906838511000000125e-01
3.792415382000000079e+01 7.413950704009527604e-01 1.064331184000000041e+00
3.765215244000000183e+01 6.428531069841169066e-01 1.168306416000000070e+00
3.733630821999999938e+01 5.397879628993951240e-01 1.295264409000000061e+00
3.701693868000000265e+01 4.721427246266055588e-01 1.451375630000000028e+00
3.673764176000000248e+01 5.333020748422324653e-01 1.640531315999999906e+00
3.654500434999999925e+01 7.031216044574265522e-01 1.823831664000000075e+00
3.699833453000000105e+01 7.848380533522655300e-01 1.994437145000000022e+00
3.700139640999999813e+01 7.051719420719321230e-01 1.946390751999999891e+00
3.701939090999999848e+01 4.751396520888890862e-01 1.808512982999999963e+00
3.707093641000000162e+01 1.714533016692187106e-01 1.607460880000000092e+00
3.716485485999999838e+01 3.233803666779077046e-01 1.392848147999999897e+00
3.728602174000000247e+01 6.492766214138345759e-01 1.209232878999999983e+00
3.740361864999999852e+01 9.021567925746085681e-01 1.075834318000000067e+00
3.749051544000000291e+01 1.065969035915988128e+00 9.946410190000000151e-01
3.753453377999999674e+01 1.144255819325663559e+00 9.586543894000000288e-01
3.753454905000000252e+01 1.144251574436580432e+00 9.588783292000000458e-01
3.749055873999999733e+01 1.065957242047432141e+00 9.952788903999999492e-01
3.740368440000000305e+01 9.021437688942954836e-01 1.076780966999999922e+00
3.728610472999999814e+01 6.492719064391285766e-01 1.210318216999999974e+00
3.716495145999999750e+01 3.233775234620631656e-01 1.393869660000000010e+00
3.707104094000000316e+01 1.714146901937075862e-01 1.608244229000000081e+00
3.701948754000000008e+01 4.751301958243261958e-01 1.808985821999999910e+00
3.700145693999999708e+01 7.051737540038339747e-01 1.946594217999999987e+00
3.750361902000000214e+01 7.415815539861740913e-01 2.049931078999999823e+00
3.746101704000000154e+01 6.920517063556125281e-01 2.017209949000000169e+00
3.734061754999999749e+01 5.428505512113207532e-01 1.918393618000000078e+00
3.716733902000000000e+01 3.279597140149697054e-01 1.753762953999999930e+00
3.698524608999999685e+01 3.542422136645961839e-01 1.537641194000000100e+00
3.684148134000000141e+01 7.025578723547755144e-01 1.314407687999999963e+00
3.675598181000000153e+01 1.025083452542125517e+00 1.138759411000000110e+00
3.671636302999999657e+01 1.228876766059418202e+00 1.032175212999999925e+00
3.670227095999999989e+01 1.320722533485292560e+00 9.851853606999999569e-01
3.670229060999999859e+01 1.320714615429952277e+00 9.854880772999999872e-01
3.671641823000000215e+01 1.228856483720728754e+00 1.033064782999999931e+00
3.675606058000000331e+01 1.025064038703329850e+00 1.140146386999999928e+00
3.684156727999999958e+01 7.025579720160969321e-01 1.316060326999999974e+00
3.698533201000000048e+01 3.542628713844342414e-01 1.539199900000000065e+00
3.716743027999999782e+01 3.279643004996867783e-01 1.754935423000000050e+00
3.734070821000000251e+01 5.428449032858689849e-01 1.919106034999999988e+00
3.746107729999999947e+01 6.920470706544519235e-01 2.017530967999999980e+00
3.797278780999999981e+01 6.703379139050326119e-01 2.075617337000000173e+00
3.789269529999999975e+01 6.603525816093763767e-01 2.050027000000000044e+00
3.765763051999999789e+01 6.448643687837330996e-01 1.975542276000000097e+00
3.729034446000000003e+01 6.520268448822018614e-01 1.855876969000000098e+00
3.684396104000000349e+01 7.048542069465887350e-01 1.691832932999999928e+00
3.640498141999999859e+01 8.461250180647964525e-01 1.486421283000000093e+00
3.606621884999999850e+01 1.084819799587196210e+00 1.274952215000000111e+00
3.586697746000000109e+01 1.299848753209505325e+00 1.120989956999999926e+00
3.578275127999999938e+01 1.406634212192365618e+00 1.048946901000000098e+00
3.578278080999999844e+01 1.406616931953397653e+00 1.049380860000000082e+00
3.586705802000000176e+01 1.299807951796501104e+00 1.122283895999999892e+00
3.606632296000000082e+01 1.084782562762510727e+00 1.276966325000000069e+00
3.640507377000000133e+01 8.461002166103421818e-01 1.488710583000000032e+00
3.684403432999999950e+01 7.048470767326733277e-01 1.693858861000000049e+00
3.729041734999999846e+01 6.520375433515178676e-01 1.857361284000000001e+00
3.765770744000000292e+01 6.448591397332050779e-01 1.976463348000000009e+00
3.789274951000000158e+01 6.603343486593704625e-01 2.050458101999999894e+00
3.837970176999999694e+01 5.505387229904227242e-01 2.078862851999999872e+00
3.826492518999999959e+01 6.043054319932724683e-01 2.057559669999999841e+00
3.793029114000000135e+01 7.425544480817116710e-01 1.999145673999999984e+00
3.740906255000000158e+01 9.036277694517105274e-01 1.914230349999999969e+00
3.676030984999999873e+01 1.026846499983489425e+00 1.808769166000000039e+00
3.606880687999999680e+01 1.086441109420001938e+00 1.673800739999999898e+00
3.545018189000000319e+01 1.135470952810567535e+00 1.489388165000000042e+00
3.502769135999999861e+01 1.277046457213135477e+00 1.284398941999999932e+00
3.483833163999999982e+01 1.405758342334410660e+00 1.160719113000000080e+00
3.483838467000000350e+01 1.405721533427293446e+00 1.161450513999999989e+00
3.502782462999999780e+01 1.276980714250669502e+00 1.286506541000000059e+00
3.545032193000000120e+01 1.135414949873392088e+00 1.492299255000000047e+00
3.606890203999999756e+01 1.086381933627986074e+00 1.676664171000000092e+00
3.676036778999999655e+01 1.026816772657941357e+00 1.811124707000000056e+00
3.740911001999999996e+01 9.036293728938679104e-01 1.915967186999999905e+00
3.793034014999999926e+01 7.425507056056533939e-01 2.000280345000000182e+00
3.826496127000000058e+01 6.042803562881087220e-01 2.058119338000000020e+00
3.868205995999999658e+01 3.649648865105855622e-01 2.072670738999999873e+00
3.853713238000000274e+01 5.365053547191608319e-01 2.054825576999999903e+00
3.812395624999999910e+01 8.232392609215514190e-01 2.007811015000000143e+00
3.749655528000000260e+01 1.066747033961233493e+00 1.944362978000000020e+00
3.672175031999999817e+01 1.229902194554389538e+00 1.875524908999999907e+00
3.587138811999999888e+01 1.301206550677438623e+00 1.802909335999999918e+00
3.503049759999999679e+01 1.278589842149205458e+00 1.708823621000000070e+00
3.432663700999999890e+01 1.226245653953471404e+00 1.544573382000000050e+00
3.393983629000000235e+01 1.316021290091388352e+00 1.341927976000000022e+00
3.393995703000000219e+01 1.315944278304660209e+00 1.343620886000000070e+00
3.432685940999999730e+01 1.226180834993042756e+00 1.548352928999999989e+00
3.503065579999999812e+01 1.278497206453835133e+00 1.712649223999999970e+00
3.587147200999999797e+01 1.301126689119701973e+00 1.806131590999999981e+00
3.672178710000000024e+01 1.229855225858275114e+00 1.878079668999999896e+00
3.749656899000000010e+01 1.066730123614406223e+00 1.946298099999999920e+00
3.812396205999999665e+01 8.232391198620614414e-01 2.009156989000000060e+00
3.853713572000000198e+01 5.365064064934008670e-01 2.055535304000000174e+00
3.883809338999999738e+01 1.625667461249565293e-01 2.070228199999999852e+00
3.867599882999999750e+01 4.959687564958125128e-01 2.053918522000000024e+00
3.822073822000000121e+01 8.699508018716247681e-01 2.011966407000000068e+00
3.754083306999999792e+01 1.144754479023958327e+00 1.957622546000000074e+00
3.670811116000000141e+01 1.321394626512823800e+00 1.903782254000000007e+00
3.578797792000000300e+01 1.407517084432383214e+00 1.858560846000000044e+00
3.484272986999999944e+01 1.406917222336717233e+00 1.822984893999999967e+00
3.394293551999999892e+01 1.317543066098308513e+00 1.785699739000000008e+00
3.324164312999999993e+01 1.191721407234439978e+00 1.681820899000000091e+00
3.324199716999999765e+01 1.191743700957916152e+00 1.687735202000000045e+00
3.394319379000000225e+01 1.317424127348829188e+00 1.791401432000000016e+00
3.484286141999999842e+01 1.406810918713927050e+00 1.827302801999999948e+00
3.578803589999999701e+01 1.407436816902553289e+00 1.861939177000000001e+00
3.670811972999999995e+01 1.321333389824661531e+00 1.906439019000000012e+00
3.754080556000000257e+01 1.144715583793630920e+00 1.959680056000000059e+00
3.822069101999999674e+01 8.699549545998881417e-01 2.013459151000000169e+00
3.867596065000000038e+01 4.960330458139827758e-01 2.054745002999999848e+00
