4.264794694999999791e+01 0.000000000000000000e+00 1.749633935999999945e+00
4.255000850999999784e+01 2.658946923309710719e-01 1.790914877999999932e+00
4.233083504999999747e+01 3.637297839939546695e-01 1.853367819000000027e+00
4.208303314999999856e+01 3.643715146399883476e-01 1.898441881999999969e+00
4.185132121000000183e+01 3.211183467597162333e-01 1.928549075999999918e+00
4.165670991999999728e+01 2.564041143450863647e-01 1.948466054000000058e+00
4.150909972000000181e+01 1.827306013353565961e-01 1.961069020999999912e+00
4.141161376000000161e+01 1.079983570411827826e-01 1.968258196000000071e+00
4.136357715999999840e+01 3.554602751417493267e-02 1.971442721000000065e+00
4.254954811999999720e+01 2.678837104001376423e-01 1.782772280000000098e+00
4.245926149999999666e+01 3.534877536935117637e-01 1.814733637000000011e+00
4.225002830999999759e+01 4.195455366615107318e-01 1.865605527000000041e+00
4.200812075000000334e+01 4.172536969528374273e-01 1.905391948999999974e+00
4.178056175999999766e+01 3.759590373298541954e-01 1.933092347999999960e+00
4.159132719000000122e+01 3.124516555179800981e-01 1.951550488000000083e+00
4.145282316000000122e+01 2.360923397045358585e-01 1.962540149999999928e+00
4.136892045999999823e+01 1.568499180669623572e-01 1.967046230000000007e+00
4.133369272000000194e+01 9.889586958126653227e-02 1.966824080000000086e+00
4.232929170999999968e+01 3.649244615001875358e-01 1.842830085999999978e+00
4.224891033000000107e+01 4.198282690480321100e-01 1.865534513000000061e+00
4.205275436000000155e+01 4.791877400821124566e-01 1.905448111999999972e+00
4.181688228000000151e+01 4.877020710148221028e-01 1.940518262000000105e+00
4.159253917000000200e+01 4.589198794321058816e-01 1.965727761999999990e+00
4.141036722999999853e+01 4.065030447460297180e-01 1.981279237000000082e+00
4.128878487000000064e+01 3.406425643425912697e-01 1.987421826000000058e+00
4.123325802000000095e+01 2.764070097975707130e-01 1.984353008999999890e+00
4.122533801000000153e+01 2.337026620139502631e-01 1.976256937000000047e+00
4.208098211000000077e+01 3.648279222306220482e-01 1.883358099000000063e+00
4.200632860999999707e+01 4.171369604604327486e-01 1.901873847000000062e+00
4.181608297999999735e+01 4.873280135154494097e-01 1.938096741000000067e+00
4.157732376999999957e+01 5.128380061521849997e-01 1.974626992999999997e+00
4.134519918000000160e+01 4.994086871657824056e-01 2.003187335999999874e+00
4.115831591999999972e+01 4.634083573697734271e-01 2.020967863000000087e+00
4.104268156999999917e+01 4.228785418545949470e-01 2.026359752999999930e+00
4.100585009000000269e+01 3.963098279226139886e-01 2.019227776999999779e+00
4.101743119000000348e+01 3.816897687168115394e-01 2.006770556999999844e+00
4.184914836000000093e+01 3.211455311083576403e-01 1.908236038000000079e+00
4.177851471999999688e+01 3.754487082772065554e-01 1.924252918999999951e+00
4.159138250000000170e+01 4.580724967096798106e-01 1.959116271999999936e+00
4.134482306000000307e+01 4.988562786606917099e-01 1.999704130000000024e+00
4.109521322999999882e+01 4.952829463377595443e-01 2.035771201000000197e+00
4.088838075000000316e+01 4.670216066359975660e-01 2.061276047999999861e+00
4.075846911000000006e+01 4.440083296139030189e-01 2.072084164000000062e+00
4.071699198999999680e+01 4.503655473342604298e-01 2.067330448999999959e+00
4.072887280999999859e+01 4.638130636697357367e-01 2.056016442000000222e+00
4.165462930999999713e+01 2.562040459768724077e-01 1.923310977000000088e+00
4.158930996000000135e+01 3.116245677503109435e-01 1.936793519999999935e+00
4.140922139999999985e+01 4.052225421809525496e-01 1.969335284000000019e+00
4.115799351999999800e+01 4.623440457359116462e-01 2.012957783000000056e+00
4.088848876000000132e+01 4.665089090348431555e-01 2.057420180999999904e+00
4.065138342000000193e+01 4.329681599147727766e-01 2.093971991000000088e+00
4.048916349000000281e+01 4.022505963555532138e-01 2.115362854999999875e+00
4.042151453000000316e+01 4.173312928593725935e-01 2.118282414999999919e+00
4.041812876000000188e+01 4.465819633245178277e-01 2.111284690999999825e+00
4.150720748999999898e+01 1.824545995093622142e-01 1.932111751000000099e+00
4.145098818000000307e+01 2.350386888162489252e-01 1.942003270000000059e+00
4.128789678999999779e+01 3.390149691929991160e-01 1.969116408999999956e+00
4.104275313000000125e+01 4.214754004992457004e-01 2.012131317000000141e+00
4.075911327000000028e+01 4.432585448593014954e-01 2.062989718999999944e+00
4.048979694999999879e+01 4.021420773690240758e-01 2.111159643000000141e+00
4.028518571000000037e+01 3.334558401330721678e-01 2.146491718000000049e+00
4.017711465000000004e+01 3.145449967329917440e-01 2.161493832000000115e+00
4.014914484999999900e+01 3.430579515798150569e-01 2.160918504000000073e+00
4.140991145000000273e+01 1.077721436333669014e-01 1.936810248000000012e+00
4.136724348999999989e+01 1.556951448782364633e-01 1.941452777000000074e+00
4.123267088000000058e+01 2.745322116208411822e-01 1.959013810999999938e+00
4.100643456000000242e+01 3.947282005163946228e-01 1.997024799000000073e+00
4.071835115999999744e+01 4.495914647713802892e-01 2.051049456999999965e+00
4.042303906000000069e+01 4.174199634772030598e-01 2.108600560000000179e+00
4.017815029999999865e+01 3.152412272986799824e-01 2.157365481999999890e+00
4.002637785999999664e+01 2.088094755998217422e-01 2.186922620999999900e+00
3.996970845999999966e+01 1.907704963730091074e-01 2.195380901000000051e+00
4.136199137999999920e+01 3.545952732040266731e-02 1.938799512999999974e+00
4.133194327999999729e+01 9.760929840591694995e-02 1.938055853000000051e+00
4.122480724999999779e+01 2.315756249851509407e-01 1.945520410000000089e+00
4.101827467999999755e+01 3.798295601322875803e-01 1.977957281999999983e+00
4.073066390999999697e+01 4.628335657768258282e-01 2.033588818000000131e+00
4.042023944000000313e+01 4.465410743025612361e-01 2.096803455999999954e+00
4.015095458999999778e+01 3.439172541355909885e-01 2.153370188999999879e+00
3.997064667000000071e+01 1.921744293072276122e-01 2.192688802999999798e+00
3.989299630000000008e+01 7.092239426508750721e-02 2.208989542999999944e+00
4.255020920999999845e+01 2.679934254412255079e-01 1.809161381000000013e+00
4.245932492000000025e+01 3.546668142376250277e-01 1.844236344000000027e+00
4.224965080999999856e+01 4.206327638714123518e-01 1.896013061000000111e+00
4.200753333000000111e+01 4.181818932564644320e-01 1.934281845999999971e+00
4.177993258000000054e+01 3.767592540430720338e-01 1.958844884999999980e+00
4.159078862999999870e+01 3.131183544036931221e-01 1.973238736000000104e+00
4.145247743000000185e+01 2.365988919662251055e-01 1.979763885999999973e+00
4.136882565999999883e+01 1.571807822039774094e-01 1.980136380000000029e+00
4.133385956000000050e+01 9.905326234595639157e-02 1.977318125999999898e+00
4.133413073999999909e+01 9.887660687813418225e-02 1.977164257999999952e+00
4.136962704999999829e+01 1.566652170111452191e-01 1.979901133999999896e+00
4.145375117999999759e+01 2.357765528652684128e-01 1.979648735000000048e+00
4.159240870000000001e+01 3.120533093762803967e-01 1.973178915000000089e+00
4.178172327000000053e+01 3.755168713297158956e-01 1.958612097000000052e+00
4.200929126999999852e+01 4.167915579082879796e-01 1.933622396999999937e+00
4.225114319000000052e+01 4.190790500868544211e-01 1.894836436000000068e+00
4.246024740000000008e+01 3.530505555876205515e-01 1.843026159999999969e+00
4.246540998999999772e+01 3.534447119162086870e-01 1.802804800999999957e+00
4.246379584000000307e+01 2.849301347210280166e-01 1.850372436000000009e+00
4.226049594999999925e+01 3.670489147708391187e-01 1.893570519999999924e+00
4.202469076999999942e+01 3.660889640107079512e-01 1.926792837000000036e+00
4.180384944000000047e+01 3.184445287034634586e-01 1.948124702000000097e+00
4.162273067000000282e+01 2.435736882391225655e-01 1.960377773999999906e+00
4.149277662000000078e+01 1.895458858833664328e-01 1.968578117999999932e+00
4.139456850999999915e+01 1.152334487242670791e-01 1.974376440999999982e+00
4.134632981000000029e+01 5.263491820207085586e-02 1.977556330999999945e+00
4.134673482000000178e+01 5.315815854604386687e-02 1.977601071000000044e+00
4.139573499000000112e+01 1.159092712273961240e-01 1.974431612999999919e+00
4.149399919999999753e+01 2.486608044856775945e-01 1.958234462000000065e+00
4.162284473999999790e+01 2.437160533488884062e-01 1.959144055999999967e+00
4.180393289999999951e+01 3.184628800920077940e-01 1.946645587999999982e+00
4.202474222000000026e+01 3.660881043093169307e-01 1.924785018999999986e+00
4.226051766999999870e+01 3.670462045667087780e-01 1.891086819000000085e+00
4.246380432000000127e+01 2.852923178440273100e-01 1.846885683000000000e+00
4.225573983000000311e+01 4.194473890909776737e-01 1.855438869000000102e+00
4.226308250000000299e+01 3.689142768331587496e-01 1.866259660999999959e+00
4.208212086999999713e+01 4.787628111074427872e-01 1.908864313000000035e+00
4.184901372000000208e+01 4.924516663012933337e-01 1.941678228000000006e+00
4.162723204000000266e+01 4.684403449416280618e-01 1.964553999000000051e+00
4.144726960999999932e+01 4.225497138569604405e-01 1.978279920999999941e+00
4.132607440000000310e+01 3.636649720369630190e-01 1.983799480999999920e+00
4.126636425000000230e+01 2.984691242019145707e-01 1.982408270000000083e+00
4.125039029999999940e+01 2.438254911953704474e-01 1.978227297999999967e+00
4.125059010999999742e+01 2.440775558917610277e-01 1.978348479000000104e+00
4.126678423999999978e+01 2.989778918600906055e-01 1.982568193000000090e+00
4.132645151999999911e+01 3.640066417637163321e-01 1.983828329999999918e+00
4.144748139000000009e+01 4.226662232591022472e-01 1.978205305999999997e+00
4.162727011999999860e+01 4.684493516547096337e-01 1.964461457000000077e+00
4.184893945999999687e+01 4.924784859283689586e-01 1.941796649000000041e+00
4.208207542000000245e+01 4.789805429702675976e-01 1.910173987000000073e+00
4.226391009999999682e+01 3.690408349519909703e-01 1.878032466000000067e+00
4.201375660000000067e+01 4.168524183573857900e-01 1.893559814000000063e+00
4.202680111000000096e+01 3.682540231716232015e-01 1.898191350000000055e+00
4.184838168000000280e+01 4.924531826645001109e-01 1.938125840000000100e+00
4.161019687999999661e+01 5.205493496723698765e-01 1.974188650000000100e+00
4.137892605999999773e+01 5.092021196745099010e-01 2.001753555000000073e+00
4.119294164000000080e+01 4.765460403920311894e-01 2.018552725000000159e+00
4.107685007999999982e+01 4.390964692410482262e-01 2.023556498000000037e+00
4.103610256000000334e+01 4.103435190555407286e-01 2.017339349999999865e+00
4.104153369000000140e+01 3.905065931502896270e-01 2.006898234999999975e+00
4.104168225000000092e+01 3.905806938711108289e-01 2.006994901000000109e+00
4.103643097999999867e+01 4.105680715199914732e-01 2.017442362999999794e+00
4.107715680999999819e+01 4.393227165869796336e-01 2.023520207999999876e+00
4.119311205999999714e+01 4.766772218603566591e-01 2.018431894999999976e+00
4.137894960999999938e+01 5.092849880552227093e-01 2.001670455999999820e+00
4.161013681000000020e+01 5.206846402052891509e-01 1.974398505999999998e+00
4.184838177000000314e+01 4.928295439846036019e-01 1.939542295999999943e+00
4.202773066999999685e+01 3.685801563644234835e-01 1.909913414999999892e+00
4.178636808000000258e+01 3.753350004055327482e-01 1.917441104999999979e+00
4.180572312999999696e+01 3.226778520295144337e-01 1.917449404999999940e+00
4.162624473000000336e+01 4.680277832574391561e-01 1.957066289999999986e+00
4.137857581000000096e+01 5.087645234375972603e-01 1.998170527000000085e+00
4.112860312000000107e+01 5.051544744233137374e-01 2.034011065000000062e+00
4.092185711999999853e+01 4.782879335036895885e-01 2.059026239000000036e+00
4.079099527999999708e+01 4.564256668654410043e-01 2.069604752000000047e+00
4.074544982999999831e+01 4.596642858733654413e-01 2.065481137999999994e+00
4.075165970999999843e+01 4.694709846070413972e-01 2.055461145000000212e+00
4.075178658000000098e+01 4.695088851550866527e-01 2.055537022000000213e+00
4.074574302999999986e+01 4.598077402292888860e-01 2.065543150999999966e+00
4.079128655000000236e+01 4.565906644612719445e-01 2.069516978999999868e+00
4.092203828000000243e+01 4.783853570292580515e-01 2.058855898000000018e+00
4.112866028999999912e+01 5.052329844816837445e-01 2.033885042000000087e+00
4.137856433000000322e+01 5.089236910864400887e-01 1.998298667000000028e+00
4.162628547999999995e+01 4.684392354373015377e-01 1.958138955999999986e+00
4.180670008999999965e+01 3.236157820072900759e-01 1.928422601000000070e+00
4.159742897999999656e+01 3.116800677576013201e-01 1.931212823999999939e+00
4.162427711000000130e+01 2.596208090752745168e-01 1.927709620999999984e+00
4.144622096999999883e+01 4.216823010723511067e-01 1.966082553999999982e+00
4.119259654999999753e+01 4.756457105484983572e-01 2.010700895999999904e+00
4.092191551999999888e+01 4.778234672016182794e-01 2.055345768000000017e+00
4.068463557999999836e+01 4.443507057272079175e-01 2.091648855999999945e+00
4.052172594999999689e+01 4.140296048370286641e-01 2.112852370000000146e+00
4.045038652000000212e+01 4.245139047791335329e-01 2.116316501000000017e+00
4.044161754000000286e+01 4.488537065147196747e-01 2.110449399000000170e+00
4.044173500000000132e+01 4.488903328274432281e-01 2.110502910000000121e+00
4.045067011999999806e+01 4.246569581698746987e-01 2.116329340000000059e+00
4.052203094000000050e+01 4.142052673926334694e-01 2.112708636999999889e+00
4.068485774999999904e+01 4.444645697788219829e-01 2.091429493000000139e+00
4.092203209000000186e+01 4.779292349619931879e-01 2.055156586999999924e+00
4.119264566999999744e+01 4.758344704693709404e-01 2.010655949000000220e+00
4.144628550000000189e+01 4.220770867057695441e-01 1.966548108000000017e+00
4.162520872999999710e+01 2.639811131809648992e-01 1.936993387000000011e+00
4.145926143999999880e+01 2.351897021704745516e-01 1.937467889000000110e+00
4.149128560999999848e+01 2.516489123915171544e-01 1.937857651999999931e+00
4.132514622000000060e+01 3.623552238660039948e-01 1.966059301000000037e+00
4.107678076999999917e+01 4.378252111769154187e-01 2.010035577000000018e+00
4.079146603000000226e+01 4.556856572500092017e-01 2.061128452999999805e+00
4.052222505999999669e+01 4.138606888735442690e-01 2.109007612000000087e+00
4.031832768999999672e+01 3.477737538041273946e-01 2.143873680000000004e+00
4.020854336000000018e+01 3.257744819674942005e-01 2.159066981000000052e+00
4.017632870999999994e+01 3.458297130056576241e-01 2.159563476000000204e+00
4.017644470999999839e+01 3.458913911210003689e-01 2.159580586000000135e+00
4.020883399000000225e+01 3.259902038192829532e-01 2.158999597999999853e+00
4.031866430000000179e+01 3.480068625400906113e-01 2.143663863000000003e+00
4.052250552999999655e+01 4.139985651698519509e-01 2.108754792000000045e+00
4.079165298000000206e+01 4.557987966143118852e-01 2.060880771999999972e+00
4.107688636999999687e+01 4.379942797118781539e-01 2.009754395999999943e+00
4.132520331999999996e+01 3.626140792768867693e-01 1.965678502999999910e+00
4.149120474000000058e+01 2.513983141681885858e-01 1.935067891999999956e+00
4.137572555999999935e+01 1.557288101018071969e-01 1.937848766999999972e+00
4.139591771999999992e+01 1.254752719659373017e-01 1.945616766999999969e+00
4.126553839999999695e+01 2.968230719625853942e-01 1.958800461000000048e+00
4.103635093999999839e+01 4.087429827325470000e-01 1.996805026999999955e+00
4.074643942000000152e+01 4.587789661246869377e-01 2.050628704000000191e+00
4.045156032999999951e+01 4.243980229947816873e-01 2.107635600000000053e+00
4.020933117999999951e+01 3.261531362002513812e-01 2.155440109999999798e+00
4.005958658000000128e+01 2.308295190632528027e-01 2.184118412000000120e+00
4.000159519999999702e+01 2.089174637151116065e-01 2.192903616000000167e+00
4.000171987000000229e+01 2.090649694352765264e-01 2.192875674999999802e+00
4.005991129000000228e+01 2.312135312774487861e-01 2.183970071000000068e+00
4.020974048000000067e+01 3.264447144847132942e-01 2.155205571000000209e+00
4.045195104999999813e+01 4.245444583106983139e-01 2.107412261999999981e+00
4.074674928999999679e+01 4.588593006268596453e-01 2.050362971000000201e+00
4.103654972999999728e+01 4.088081855175333956e-01 1.996240658999999917e+00
4.126558849999999978e+01 2.967680002016925833e-01 1.957318555999999932e+00
4.139535410999999954e+01 1.248621439400330602e-01 1.937319685000000069e+00
4.134096853999999865e+01 9.772475719380668835e-02 1.934982573999999955e+00
4.134773332999999695e+01 5.889260315059745982e-02 1.947642461000000047e+00
4.124941463999999769e+01 2.421151021831120798e-01 1.950509473000000105e+00
4.104181015999999715e+01 3.885120747142829511e-01 1.980794074999999932e+00
4.075286930000000041e+01 4.683368059010883377e-01 2.035273635999999886e+00
4.044315390999999948e+01 4.485950556837370873e-01 2.097611790000000198e+00
4.017762313000000063e+01 3.462680806673228417e-01 2.153030173999999963e+00
4.000221058000000340e+01 2.095553258800035012e-01 2.190656069000000095e+00
3.992637110999999805e+01 1.216486691032830636e-01 2.206065730000000169e+00
3.992652001999999811e+01 1.220056495549660530e-01 2.206010233999999848e+00
4.000261799999999823e+01 2.101211466440588149e-01 2.190476991999999790e+00
4.017818733000000009e+01 3.466427139919960321e-01 2.152824488999999897e+00
4.044376659000000274e+01 4.487856436856134668e-01 2.097452001999999815e+00
4.075343629000000334e+01 4.683938415199918048e-01 2.035008948000000206e+00
4.104223942000000136e+01 3.884372003066648982e-01 1.979949774999999912e+00
4.124956725999999918e+01 2.416816229944168670e-01 1.947970326999999946e+00
4.134721307000000223e+01 5.822274294284569829e-02 1.939610934000000064e+00
4.232989515999999952e+01 3.649737428576393938e-01 1.869967099999999993e+00
4.224857098999999749e+01 4.208790282535869731e-01 1.895653040000000011e+00
4.205171630000000249e+01 4.802267200030302385e-01 1.936470818999999954e+00
4.181548918000000015e+01 4.885401507005165955e-01 1.970500662999999930e+00
4.159107207000000273e+01 4.595769096154293520e-01 1.992965257999999906e+00
4.140906465999999853e+01 4.070158289478227887e-01 2.004259734000000126e+00
4.128783913000000183e+01 3.410658934395615072e-01 2.004563656000000194e+00
4.123277852999999737e+01 2.767882416329528472e-01 1.994485829999999904e+00
4.122533338000000214e+01 2.339597691652539335e-01 1.980650497999999926e+00
4.122581070999999753e+01 2.337092456662722972e-01 1.980441566999999958e+00
4.123419480999999820e+01 2.762792234580505046e-01 1.994191468999999994e+00
4.129009001000000012e+01 3.404417943340902752e-01 2.004516998000000161e+00
4.141191117000000332e+01 4.062155300656835610e-01 2.004381669999999893e+00
4.159418521999999996e+01 4.585435007131781759e-01 1.992912199000000051e+00
4.181849995999999692e+01 4.872455903034728641e-01 1.969920064999999942e+00
4.205421869999999984e+01 4.786676507452231610e-01 1.935297467999999910e+00
4.225007321999999732e+01 4.193367753477552640e-01 1.894499069999999952e+00
4.225577573999999714e+01 4.194364476822434740e-01 1.854610904999999921e+00
4.226249415000000198e+01 3.694828945455094216e-01 1.890547170000000055e+00
4.208133348999999868e+01 4.796335138537234921e-01 1.939607780000000004e+00
4.184798606999999748e+01 4.933395618127924265e-01 1.970899031000000079e+00
4.162612949999999756e+01 4.692544625208995845e-01 1.991151512999999929e+00
4.144624723999999816e+01 4.232519758646445807e-01 2.000959543000000007e+00
4.132526435999999848e+01 3.642207114684190006e-01 2.001147249999999822e+00
4.126585708000000352e+01 2.988671813615264572e-01 1.993503317000000052e+00
4.125023682999999863e+01 2.440419157415418261e-01 1.984391065000000065e+00
4.125084658000000104e+01 2.440402316134187566e-01 1.984176697000000100e+00
4.126749700999999959e+01 2.987646314180589791e-01 1.993155475000000010e+00
4.132760008999999712e+01 3.636522465771585555e-01 2.001007636999999839e+00
4.144897232000000287e+01 4.221482007669779546e-01 2.000964248999999917e+00
4.162896134999999731e+01 4.677754815724627369e-01 1.990934790000000065e+00
4.185066298999999646e+01 4.916646342584149454e-01 1.970054167000000023e+00
4.208362687999999707e+01 4.780070838654016385e-01 1.937966228000000068e+00
4.226450549999999851e+01 3.685204142017348694e-01 1.888930178999999931e+00
4.205913988999999731e+01 4.787475121914099296e-01 1.896180756999999995e+00
4.208822019000000125e+01 4.777076067798943226e-01 1.899743667000000080e+00
4.212718171000000211e+01 3.533042306262988985e-01 1.946563029000000000e+00
4.189916414000000344e+01 3.632131511807554225e-01 1.970467602000000040e+00
4.168777799000000073e+01 3.162811993793960830e-01 1.985097501000000042e+00
4.152438885000000113e+01 2.362834630907479916e-01 1.988925964000000102e+00
4.142576025000000328e+01 1.466921096720060769e-01 1.984193751000000061e+00
4.134471325999999891e+01 1.291241489045728830e-01 1.988661462999999907e+00
4.129511581999999947e+01 7.546760387635301215e-02 1.992492829999999993e+00
4.129587528999999790e+01 7.627717142515622051e-02 1.992602983999999910e+00
4.134690299999999752e+01 1.303632349159208337e-01 1.988916700000000093e+00
4.142587619999999760e+01 1.466568035390644897e-01 1.982637191000000021e+00
4.152446035999999907e+01 2.363023168631874504e-01 1.987462556999999963e+00
4.168780127000000135e+01 3.162882543868701379e-01 1.983160279000000026e+00
4.189916065999999972e+01 3.632332603013682659e-01 1.967801587000000074e+00
4.212724625999999972e+01 3.540476028780609741e-01 1.940796847999999963e+00
4.208921896999999746e+01 4.781402461175719432e-01 1.901867975000000044e+00
4.182313831999999820e+01 4.869223673366052108e-01 1.930597117999999890e+00
4.185523384999999763e+01 4.915269034341271936e-01 1.930476359999999891e+00
4.190253856000000354e+01 3.640215858485016942e-01 1.942640536000000084e+00
4.170182590000000289e+01 5.241943943944440409e-01 1.975059400999999992e+00
4.147542100999999803e+01 5.241548942712205283e-01 1.999006174000000025e+00
4.129324622000000033e+01 5.039274090492594782e-01 2.012245753999999831e+00
4.117673242000000045e+01 4.794859010717590353e-01 2.015627090999999815e+00
4.112542818000000011e+01 4.487445112429975236e-01 2.011955774000000030e+00
4.111458577999999875e+01 4.151750840284086919e-01 2.006929836999999939e+00
4.111490085999999877e+01 4.154653621682049547e-01 2.007086880000000129e+00
4.112615651000000128e+01 4.492003413605051287e-01 2.012120873000000199e+00
4.117751676000000316e+01 4.794915118920161645e-01 2.015500682999999960e+00
4.129389265999999736e+01 5.034577966206607025e-01 2.011916795999999952e+00
4.147591109999999759e+01 5.235564632899643023e-01 1.998781978000000015e+00
4.170230766000000244e+01 5.240035869451548090e-01 1.975975387999999944e+00
4.190417263999999875e+01 3.639650220211562148e-01 1.952333781999999962e+00
4.185610117000000230e+01 4.917946066397212435e-01 1.932758439999999966e+00
4.159895329999999802e+01 4.578341541972807960e-01 1.953121472999999941e+00
4.163368241999999952e+01 4.673661942489262255e-01 1.950764630999999971e+00
4.169102187000000015e+01 3.171844822092339533e-01 1.956466644000000032e+00
4.147522079000000161e+01 5.243608743921973625e-01 1.994390974000000094e+00
4.122627839999999821e+01 5.283239489238918951e-01 2.028892427000000165e+00
4.102017554999999760e+01 5.064509253218445473e-01 2.052352673000000127e+00
4.088650464999999912e+01 4.881005864360035140e-01 2.062422156999999867e+00
4.082977864000000068e+01 4.846926932675032496e-01 2.060401072999999972e+00
4.082149118000000243e+01 4.859293145523250756e-01 2.053992472000000014e+00
4.082174138999999968e+01 4.860052930603486199e-01 2.054107716999999944e+00
4.083043274999999994e+01 4.848960143178027149e-01 2.060488136000000026e+00
4.088735086999999879e+01 4.882971604831712886e-01 2.062230222999999807e+00
4.102103086999999704e+01 5.065329824858417762e-01 2.051995816999999889e+00
4.122706584000000163e+01 5.283795611987945895e-01 2.028709494000000113e+00
4.147600649999999689e+01 5.247654175849194580e-01 1.995351537999999980e+00
4.169272315999999989e+01 3.171705136805177405e-01 1.965967371999999935e+00
4.163448269999999951e+01 4.675977280893977017e-01 1.952648243000000061e+00
4.141711509000000291e+01 4.051840921250568495e-01 1.964504698000000049e+00
4.145405832000000146e+01 4.214267118292969183e-01 1.960865320999999994e+00
4.152769210000000299e+01 2.395374347591815445e-01 1.959273829000000022e+00
4.129296420000000012e+01 5.036691236005740313e-01 2.004175222999999839e+00
4.102018023000000113e+01 5.061149335448256181e-01 2.048945930999999998e+00
4.078270341999999715e+01 4.737666841702450338e-01 2.084460213999999922e+00
4.061775974999999761e+01 4.444676250053708477e-01 2.105321704000000071e+00
4.053674998000000329e+01 4.443126156032827234e-01 2.110640237000000141e+00
4.051499522000000297e+01 4.564997885646886466e-01 2.107902655000000181e+00
4.051523759999999896e+01 4.565611728058396324e-01 2.107970377000000006e+00
4.053741292000000129e+01 4.445379964357449309e-01 2.110628945999999839e+00
4.061867430000000212e+01 4.448053589497525939e-01 2.105027182999999802e+00
4.078368685000000227e+01 4.740640896858122622e-01 2.084010950999999778e+00
4.102112197999999665e+01 5.063799505049703109e-01 2.048624955999999830e+00
4.129386333000000064e+01 5.041687010517167389e-01 2.004638818000000100e+00
4.152940172000000274e+01 2.400771027178286721e-01 1.968244619999999889e+00
4.145478789999999947e+01 4.216033198714650432e-01 1.962035084999999901e+00
4.129595307999999676e+01 3.391416485303548334e-01 1.965149766999999992e+00
4.133319302999999678e+01 3.624645380927787874e-01 1.961719677000000051e+00
4.142862711000000076e+01 2.093764372259912521e-01 1.953275647999999975e+00
4.117650617999999696e+01 4.785957118656293252e-01 2.003413515000000089e+00
4.088673647000000244e+01 4.874516114925496746e-01 2.055216498000000058e+00
4.061805625000000219e+01 4.442482309950412933e-01 2.102184751999999879e+00
4.041605323999999655e+01 3.844018036338501254e-01 2.135812699999999786e+00
4.030208348000000029e+01 3.567770121673955463e-01 2.151689559999999890e+00
4.026065324999999717e+01 3.600982849857104484e-01 2.154758846000000005e+00
4.026090557999999930e+01 3.602156477254624956e-01 2.154759843999999980e+00
4.030278450000000134e+01 3.571739821496485168e-01 2.151532893000000168e+00
4.041704287999999679e+01 3.849413527621038389e-01 2.135384777000000067e+00
4.061914164000000227e+01 4.446764770331999572e-01 2.101639984999999822e+00
4.088777524999999713e+01 4.877602399286274926e-01 2.054717140999999803e+00
4.117742913000000016e+01 4.789434430341172333e-01 2.003102060999999878e+00
4.143020589999999714e+01 2.247431491039470208e-01 1.960680790000000062e+00
4.133382448999999781e+01 3.624934434733244060e-01 1.961890745000000047e+00
4.124091094999999996e+01 2.747779042776758440e-01 1.955689970999999971e+00
4.127366908999999850e+01 2.965969187546005359e-01 1.955276138999999969e+00
4.134671776999999793e+01 1.417805116076300553e-01 1.961691950000000073e+00
4.112518624999999872e+01 4.471374584433321919e-01 1.994838198000000062e+00
4.083023237999999822e+01 4.837343944580912436e-01 2.048621107000000219e+00
4.053738921000000062e+01 4.439664700005625519e-01 2.103978344000000167e+00
4.030248701000000011e+01 3.567571937693706507e-01 2.148954714999999904e+00
4.015724532000000124e+01 2.824868752241114223e-01 2.175612322000000098e+00
4.009664187999999996e+01 2.571532081691085825e-01 2.185074248999999913e+00
4.009691384999999997e+01 2.574006825521361619e-01 2.185007627000000063e+00
4.015800552999999695e+01 2.831628053227078778e-01 2.175320506999999903e+00
4.030357251000000218e+01 3.574583562531437053e-01 2.148443126000000092e+00
4.053859316999999862e+01 4.444144273407705237e-01 2.103420598000000030e+00
4.083137776000000230e+01 4.839582307282030982e-01 2.048006229999999928e+00
4.112613014000000078e+01 4.471822573347721264e-01 1.993630884000000103e+00
4.134703535999999957e+01 1.418434025695108902e-01 1.953166334000000059e+00
4.127416887999999773e+01 2.963237174190426204e-01 1.954149735000000110e+00
4.123355735999999894e+01 2.320385994744624536e-01 1.942490116000000100e+00
4.125770009000000016e+01 2.404761921366271871e-01 1.947645043000000076e+00
4.129674571999999699e+01 8.048271479786600624e-02 1.964195177999999986e+00
4.111404530000000079e+01 4.130157208452090445e-01 1.986169913999999981e+00
4.082187839000000196e+01 4.846463807527520706e-01 2.038669152000000206e+00
4.051568982999999946e+01 4.559836632825787217e-01 2.098455127999999892e+00
4.026118868999999734e+01 3.599612840487292353e-01 2.150048861999999783e+00
4.009681563000000182e+01 2.570503031236326397e-01 2.183497282999999900e+00
4.002418877000000208e+01 2.033335068479876773e-01 2.197328583000000002e+00
4.002448918000000333e+01 2.037346102395664604e-01 2.197223828999999906e+00
4.009766334999999771e+01 2.579521580182067564e-01 2.183141562999999952e+00
4.026242166000000111e+01 3.607566897308649434e-01 2.149529342000000121e+00
4.051708980000000082e+01 4.564340531645884047e-01 2.097947431999999779e+00
4.082323288999999988e+01 4.847799600292430622e-01 2.038017125000000096e+00
4.111513656999999711e+01 4.127955901430819252e-01 1.984263220999999966e+00
4.129717972000000259e+01 7.962957292093714168e-02 1.956139829999999913e+00
4.125806979000000041e+01 2.398743048838685166e-01 1.945306374999999921e+00
4.208155948999999652e+01 3.648471307525146812e-01 1.912882031000000094e+00
4.200581366000000116e+01 4.180306401887792234e-01 1.933198299000000064e+00
4.181472973999999709e+01 4.881715680728384577e-01 1.969857425000000051e+00
4.157551543999999666e+01 5.133855711094367225e-01 2.005673258999999931e+00
4.134327503000000092e+01 4.996895627705308929e-01 2.032173980000000046e+00
4.115657470000000018e+01 4.635327688275404090e-01 2.045874910000000213e+00
4.104137028000000242e+01 4.230232868720297801e-01 2.043657726999999813e+00
4.100511026000000214e+01 3.965820901420298306e-01 2.024660286000000031e+00
4.101727265000000244e+01 3.819331395675560348e-01 2.000862113999999803e+00
4.101785784999999862e+01 3.817394283559961687e-01 2.000734175999999920e+00
4.100685904000000193e+01 3.963028500689402267e-01 2.024560246000000063e+00
4.104415960000000041e+01 4.229048250650111473e-01 2.043913424999999950e+00
4.116009478000000144e+01 4.633854965668570136e-01 2.046404378000000079e+00
4.134710290000000299e+01 4.992630986795814074e-01 2.032590407999999904e+00
4.157918767000000315e+01 5.125436881904817943e-01 2.005598196000000222e+00
4.181774373999999739e+01 4.868866845027845502e-01 1.969235185999999915e+00
4.200758803000000086e+01 4.166613670159408644e-01 1.932522596999999953e+00
4.201383225000000010e+01 4.168161631049748239e-01 1.894957572000000035e+00
4.202603776000000124e+01 3.686949662878448164e-01 1.923928627000000002e+00
4.184727717999999896e+01 4.931032368318420400e-01 1.970170862000000023e+00
4.160875414000000205e+01 5.211051549777765413e-01 2.005073254000000027e+00
4.137737546000000322e+01 5.095905842005894471e-01 2.030530909999999967e+00
4.119149709999999942e+01 4.768022633051281489e-01 2.043428399999999812e+00
4.107569150999999863e+01 4.392938570653001085e-01 2.041398715999999780e+00
4.103534367999999688e+01 4.105350784969973854e-01 2.024684000999999789e+00
4.104122411000000170e+01 3.906491093101788770e-01 2.004656857000000070e+00
4.104188091000000327e+01 3.905865318874724434e-01 2.004508131000000137e+00
4.103719738000000206e+01 4.104865149650395728e-01 2.024530336999999847e+00
4.107848075999999793e+01 4.392386557298978977e-01 2.041589431999999871e+00
4.119488269000000003e+01 4.765450783700813653e-01 2.043895495000000118e+00
4.138098262999999832e+01 5.090110108847140102e-01 2.030875775999999799e+00
4.161221010999999947e+01 5.201923695912917811e-01 2.004880852999999963e+00
4.185022101999999933e+01 4.920099797306328737e-01 1.969316276999999893e+00
4.202838279000000199e+01 3.677427314194035568e-01 1.922691930000000049e+00
4.182318218000000343e+01 4.868949376970803655e-01 1.931892056999999996e+00
4.185508570999999733e+01 4.912438832187287496e-01 1.933011797000000032e+00
4.190125656000000021e+01 3.646285143439439436e-01 1.966942576000000109e+00
4.170063891000000211e+01 5.245236455096848882e-01 2.005085299000000099e+00
4.147422129000000268e+01 5.246444851555484012e-01 2.026752093999999893e+00
4.129209342000000049e+01 5.043228212096981800e-01 2.036774975000000154e+00
4.117572805999999730e+01 4.797209034603737710e-01 2.034803666000000177e+00
4.112467046999999809e+01 4.488700087167315500e-01 2.023892850999999826e+00
4.111416684000000288e+01 4.152676254358829699e-01 2.012983967999999901e+00
4.111489894000000334e+01 4.154734519765324041e-01 2.012815793000000131e+00
4.112659500000000179e+01 4.491264244391845462e-01 2.023630754000000032e+00
4.117835159999999917e+01 4.793123456545567151e-01 2.034770514999999946e+00
4.129502613999999738e+01 5.030991607957315814e-01 2.036904653000000120e+00
4.147720156999999830e+01 5.229678373438934047e-01 2.026602290000000028e+00
4.170353284000000116e+01 5.229838754480350405e-01 2.004112071000000217e+00
4.190425943999999703e+01 3.637675778510046642e-01 1.965729410000000010e+00
4.185620257000000066e+01 4.917606879324900593e-01 1.933755853999999941e+00
4.158433304999999791e+01 5.120140994267831092e-01 1.967944442999999932e+00
4.161708293000000225e+01 5.195999594649773901e-01 1.967218600999999900e+00
4.170807412999999997e+01 5.219754137020973239e-01 1.968557880999999954e+00
4.179726026000000161e+01 3.699819375978914415e-01 2.003485908000000038e+00
4.156909749999999804e+01 3.220414486676464461e-01 2.021051581000000041e+00
4.139566817000000043e+01 2.434820195092812223e-01 2.028134981000000003e+00
4.129393664999999913e+01 1.843639449494636207e-01 2.023951401000000150e+00
4.125663739000000163e+01 1.874075906519667711e-01 2.014879296000000153e+00
4.122701436999999913e+01 8.311904518690925447e-02 2.014524579000000148e+00
4.122803268999999915e+01 8.395570282874849355e-02 2.014619181000000037e+00
4.125661456000000271e+01 1.869258275191457153e-01 2.013689632999999812e+00
4.129387941000000239e+01 1.844304392269653647e-01 2.022589654999999986e+00
4.139557302000000050e+01 2.435043632977623440e-01 2.026455596999999997e+00
4.156898438000000340e+01 3.220638880219955924e-01 2.018818626999999921e+00
4.179731282000000192e+01 3.711432135922170805e-01 1.997304387000000014e+00
4.171013027000000051e+01 5.227814671712880390e-01 1.971066639000000009e+00
4.161806869000000120e+01 5.198535463161755299e-01 1.968157455000000056e+00
4.135241171999999921e+01 4.982078975661695108e-01 1.994668397999999954e+00
4.138608503999999755e+01 5.080421749914513230e-01 1.992772643999999982e+00
4.148230395000000215e+01 5.225503819583406928e-01 1.989064590999999993e+00
4.157294370000000328e+01 3.225857406185393961e-01 1.995334216999999910e+00
4.137481362999999845e+01 5.362882086972611262e-01 2.022983972000000019e+00
4.117225973000000039e+01 5.269007312302064205e-01 2.043548570000000009e+00
4.103518438999999773e+01 5.168496727791368484e-01 2.052544657999999966e+00
4.096429718000000264e+01 5.127601205317661170e-01 2.053354874000000052e+00
4.093934540000000055e+01 5.084824787571865512e-01 2.051481762999999958e+00
4.093965287999999703e+01 5.084959121305288043e-01 2.051576744000000119e+00
4.096509486000000066e+01 5.125666681778009437e-01 2.053402500999999880e+00
4.103621671999999876e+01 5.161587512153812396e-01 2.052292995000000175e+00
4.117333763999999974e+01 5.258813646715677637e-01 2.043204679000000024e+00
4.137596926999999880e+01 5.357356394476942008e-01 2.023543333000000111e+00
4.157546834000000047e+01 3.226793915379343458e-01 2.003342224999999921e+00
4.148418515000000184e+01 5.230831932694285369e-01 1.991585676999999999e+00
4.138701782999999779e+01 5.082334381513095023e-01 1.993598605000000079e+00
4.116593424999999939e+01 4.619251128106524051e-01 2.009077013000000189e+00
4.120049379000000300e+01 4.751917523252434661e-01 2.006463929999999785e+00
4.130062541000000209e+01 5.024407793735035099e-01 1.999793216000000040e+00
4.139970119000000182e+01 2.445274892462735161e-01 2.002857909999999908e+00
4.117233113999999716e+01 5.273388759983003160e-01 2.039548980000000178e+00
4.093748430000000127e+01 5.073812621793556410e-01 2.073019201000000145e+00
4.076994756999999936e+01 4.802153376132727303e-01 2.093437134999999838e+00
4.067696861000000297e+01 4.695601297644534378e-01 2.101520627000000196e+00
4.064108789000000144e+01 4.690971250737342446e-01 2.102729748999999870e+00
4.064141318000000069e+01 4.691406958991821696e-01 2.102774827999999818e+00
4.067788202999999925e+01 4.696881918836167125e-01 2.101474710000000190e+00
4.077127717999999845e+01 4.803787380709272359e-01 2.093110771000000092e+00
4.093902486999999724e+01 5.075429710886961709e-01 2.072630747999999912e+00
4.117398704000000009e+01 5.278302118885883631e-01 2.040004696000000006e+00
4.140225807000000202e+01 2.445976968510701344e-01 2.010336066999999893e+00
4.130239630999999889e+01 5.028780054427127721e-01 2.001590717000000019e+00
4.120138251000000196e+01 4.753543687935637974e-01 2.006998904000000028e+00
4.105082098999999829e+01 4.212449023875167176e-01 2.008899181999999950e+00
4.108483659000000188e+01 4.375878651637057914e-01 2.006523109999999832e+00
4.118453429000000199e+01 4.781549840314070488e-01 1.999685077999999949e+00
4.129824714000000085e+01 1.894126541092023830e-01 1.999661611999999922e+00
4.103525573999999665e+01 5.169191382226254738e-01 2.046182010999999967e+00
4.077002785999999901e+01 4.800441581927177292e-01 2.090850270999999871e+00
4.057107792000000046e+01 4.283326959882452489e-01 2.122563082000000101e+00
4.045251990999999947e+01 3.970764806779427114e-01 2.139310189999999778e+00
4.040235387999999972e+01 3.878268529326359126e-01 2.145033086000000200e+00
4.040271081000000208e+01 3.879617940068055271e-01 2.145006378000000158e+00
4.045353578000000283e+01 3.974889327446139986e-01 2.139097344000000067e+00
4.057258647999999823e+01 4.289122666366685377e-01 2.122047986000000108e+00
4.077179653999999687e+01 4.805837357022245682e-01 2.090249342999999982e+00
4.103709898999999695e+01 5.175094861131001034e-01 2.046123199000000170e+00
4.130074989999999957e+01 1.899508198069158882e-01 2.006384269000000220e+00
4.118617186000000174e+01 4.784053218612772662e-01 2.000314015999999917e+00
4.108566708000000034e+01 4.377004002605805466e-01 2.006629895000000108e+00
4.101458602999999670e+01 3.946902370962054318e-01 1.994073364999999987e+00
4.104450434000000314e+01 4.086431234733696183e-01 1.993703272999999943e+00
4.113342413000000164e+01 4.469466382756368539e-01 1.991605779999999992e+00
4.126056633000000318e+01 2.577902661688986075e-01 1.991385141999999941e+00
4.096424600000000282e+01 5.122407017182607492e-01 2.044534583999999988e+00
4.067705382999999841e+01 4.691580818688567689e-01 2.096553091000000091e+00
4.045255468999999948e+01 3.968538417563667320e-01 2.137212696999999828e+00
4.031204653999999721e+01 3.394373711946323535e-01 2.161643930999999963e+00
4.024928313000000202e+01 3.143050810517337701e-01 2.171646920000000147e+00
4.024967288999999937e+01 3.145657414078474878e-01 2.171551773000000018e+00
4.031315836999999647e+01 3.401479391011659192e-01 2.161270345000000148e+00
4.045421137000000300e+01 3.977053889334924430e-01 2.136524029999999907e+00
4.067899212999999747e+01 4.698077930905280586e-01 2.095771363999999970e+00
4.096620527999999695e+01 5.126564928636762053e-01 2.043970589000000171e+00
4.126292296999999820e+01 2.704925011197102935e-01 1.996656049999999905e+00
4.113491098000000079e+01 4.469138719696883477e-01 1.990817905000000110e+00
4.104526125000000292e+01 4.086561629998024525e-01 1.993288780999999954e+00
4.102679516999999976e+01 3.800961980220772252e-01 1.975038271000000067e+00
4.105029971999999816e+01 3.885323762123164548e-01 1.977852326000000049e+00
4.112250773000000237e+01 4.121284795410187773e-01 1.983265798999999996e+00
4.122816810999999859e+01 1.528707999448571664e-01 1.989135891000000100e+00
4.093895184000000143e+01 5.074436146185303809e-01 2.040774265000000032e+00
4.064095417000000054e+01 4.684879941201285369e-01 2.096068561000000052e+00
4.040220335000000063e+01 3.873615508926861462e-01 2.141569877999999871e+00
4.024910883999999811e+01 3.139759310381687318e-01 2.170457035000000090e+00
4.017902188000000052e+01 2.767273697342551575e-01 2.183054434000000210e+00
4.017944390000000254e+01 2.770923280999264549e-01 2.182918955999999966e+00
4.025031635999999935e+01 3.148945115234315084e-01 2.169990133999999848e+00
4.040401229999999799e+01 3.883563575826703418e-01 2.140786587000000019e+00
4.064307898999999935e+01 4.691541770756154639e-01 2.095198955999999946e+00
4.094107641000000086e+01 5.076887004494727851e-01 2.039919663000000050e+00
4.122974279000000308e+01 1.529283631322164161e-01 1.981532459999999940e+00
4.112388090999999690e+01 4.118759674693046602e-01 1.981368765999999892e+00
4.105099375999999722e+01 3.884423711146425817e-01 1.976995234999999962e+00
4.184971305999999913e+01 3.211554626219019770e-01 1.940365890000000038e+00
4.177798149000000194e+01 3.762339241951621061e-01 1.956971339999999948e+00
4.158997701999999919e+01 4.587641462693103911e-01 1.991536375999999997e+00
4.134292011000000144e+01 4.991682973031588144e-01 2.031363047999999782e+00
4.109316540999999745e+01 4.952337234172310421e-01 2.066212554999999895e+00
4.088650252000000052e+01 4.667608585275835331e-01 2.088805520999999832e+00
4.075702239000000304e+01 4.438193014768267997e-01 2.091477053999999836e+00
4.071612781999999697e+01 4.504296201298603752e-01 2.070223063999999891e+00
4.072860912000000155e+01 4.639540226930283229e-01 2.041476530999999817e+00
4.072922308999999785e+01 4.638729096903277394e-01 2.041502438999999836e+00
4.071796710999999647e+01 4.504743670823334600e-01 2.070457359999999802e+00
4.075995781000000306e+01 4.442623888191750692e-01 2.092123925000000106e+00
4.089019747999999765e+01 4.672690200711298592e-01 2.089750383999999794e+00
4.109716874000000075e+01 4.953806422568017287e-01 2.067054165000000054e+00
4.134674475999999999e+01 4.987519614450457994e-01 2.031735563999999883e+00
4.159309182999999877e+01 4.577514448975312789e-01 1.991396788000000084e+00
4.177979142000000223e+01 3.750258580041618273e-01 1.956681893999999922e+00
4.178650252999999992e+01 3.752575981018682061e-01 1.923100813000000020e+00
4.180493172999999985e+01 3.228520082131532964e-01 1.945694081999999936e+00
4.162511783000000065e+01 4.685127498665668244e-01 1.989671965999999959e+00
4.137706561000000249e+01 5.090740795220668469e-01 2.029709862999999892e+00
4.112696172999999789e+01 5.052064903458722833e-01 2.064317186999999887e+00
4.092031748000000135e+01 4.781573205929778303e-01 2.086580729000000023e+00
4.078975190999999967e+01 4.562796920040158022e-01 2.089683823000000107e+00
4.074462085999999772e+01 4.596300072332402675e-01 2.070933917000000068e+00
4.075128720000000015e+01 4.694932558235458964e-01 2.045945355000000188e+00
4.075192631000000176e+01 4.694981526146061457e-01 2.045959836999999837e+00
4.074647446000000173e+01 4.598214214453921200e-01 2.071141357000000127e+00
4.079261328999999847e+01 4.567389164100619792e-01 2.090301055999999935e+00
4.092384489999999886e+01 4.785679024922677716e-01 2.087500975999999842e+00
4.113075368999999881e+01 5.052651660722411453e-01 2.065129166000000183e+00
4.138071432000000272e+01 5.086776637800695111e-01 2.030019750000000123e+00
4.162820767000000188e+01 4.677849564818101769e-01 1.989393050000000107e+00
4.180744372000000197e+01 3.219758168797316467e-01 1.944871833999999966e+00
4.159907195000000257e+01 4.577635476843877615e-01 1.957677324999999913e+00
4.163354692000000057e+01 4.669064907335988557e-01 1.956430566999999954e+00
4.168960069999999973e+01 3.175237723999704276e-01 1.981655527000000028e+00
4.147396009999999933e+01 5.242815679958648944e-01 2.025867019000000102e+00
4.122499624999999668e+01 5.283703767559625453e-01 2.059053862999999929e+00
4.101895687999999751e+01 5.064074538850120710e-01 2.080115775999999972e+00
4.088546264000000008e+01 4.879871005146150797e-01 2.084301813999999808e+00
4.082900049999999936e+01 4.845770700715631429e-01 2.071985014000000014e+00
4.082104197999999684e+01 4.858532882170682465e-01 2.056020070000000199e+00
4.082168824000000029e+01 4.859660850027220369e-01 2.056017424999999843e+00
4.083081250000000040e+01 4.848815054292409110e-01 2.072128016999999822e+00
4.088814862000000261e+01 4.882954445963059165e-01 2.084795782000000042e+00
4.102217490000000311e+01 5.064779459272064077e-01 2.080860196000000162e+00
4.122842603000000139e+01 5.281386868787645295e-01 2.059617162999999973e+00
4.147735886000000249e+01 5.239820177212036745e-01 2.025767373999999954e+00
4.169290747000000152e+01 3.168162372247058101e-01 1.980827960000000054e+00
4.163469865999999797e+01 4.675718126697845367e-01 1.956831310000000101e+00
4.135249421000000325e+01 4.981695683413987497e-01 1.997362561000000092e+00
4.138608684999999809e+01 5.078728770188200015e-01 1.995659378000000039e+00
4.148209345000000070e+01 5.218698758415681871e-01 1.993131855999999980e+00
4.157133874000000162e+01 3.228342998523638929e-01 2.018639551999999782e+00
4.137370574999999917e+01 5.359735981216030565e-01 2.052333616999999943e+00
4.117130903999999703e+01 5.269432668165775491e-01 2.070754861999999807e+00
4.103433233999999885e+01 5.168206114448484767e-01 2.076064977000000145e+00
4.096358589999999822e+01 5.126322420972631022e-01 2.071359649000000136e+00
4.093884956000000130e+01 5.083593621792364958e-01 2.064909400999999978e+00
4.093943723999999662e+01 5.084461706473154541e-01 2.064863351000000069e+00
4.096516676000000245e+01 5.125520550176727586e-01 2.071344928999999890e+00
4.103653669999999920e+01 5.160704636349938701e-01 2.076238572999999921e+00
4.117383373999999918e+01 5.255886314824133043e-01 2.070979777999999882e+00
4.137646380000000335e+01 5.348498443572828887e-01 2.052087021000000178e+00
4.157494549999999833e+01 3.225710470775912109e-01 2.018256237000000120e+00
4.148422217000000245e+01 5.228321951553371871e-01 1.994244303999999968e+00
4.138713371000000052e+01 5.082421067902264111e-01 1.996199740000000000e+00
4.110315383999999739e+01 4.942098918109629202e-01 2.031846203000000184e+00
4.113644689000000199e+01 5.040386566301889859e-01 2.029764286999999889e+00
4.123386350999999905e+01 5.269039053532319494e-01 2.024544495999999860e+00
4.138158151999999745e+01 5.331066473498005109e-01 2.019037292000000150e+00
4.151743365000000097e+01 3.633873717235083789e-01 2.041294158999999997e+00
4.130524177000000208e+01 2.689398843721585997e-01 2.058478712999999960e+00
4.116361666000000241e+01 1.884833367680064653e-01 2.066913584999999998e+00
4.108530439999999828e+01 1.667475335890635513e-01 2.068832379999999915e+00
4.105259044000000301e+01 1.792761094313147230e-01 2.068973836000000066e+00
4.105254209000000287e+01 1.792638546880009343e-01 2.068733776999999829e+00
4.108517390000000091e+01 1.667150540253662105e-01 2.068127302000000167e+00
4.116343650999999682e+01 1.884478503605463984e-01 2.065768449000000118e+00
4.130504815999999835e+01 2.689382203440704999e-01 2.056846011000000196e+00
4.151742973999999720e+01 3.646828193770463855e-01 2.035827924999999983e+00
4.138451436999999800e+01 5.342552913558619165e-01 2.021530323999999990e+00
4.123583021000000315e+01 5.274819746128088793e-01 2.025700781999999922e+00
4.113745375999999965e+01 5.043434058746044668e-01 2.030241316000000129e+00
4.089681087999999676e+01 4.656670076938769776e-01 2.054697915999999847e+00
4.093017538000000144e+01 4.769644763771252460e-01 2.052343420000000140e+00
4.102829930000000047e+01 5.050902553838430009e-01 2.045782839000000131e+00
4.117997041000000280e+01 5.249259776502661623e-01 2.036519398999999897e+00
4.130942313999999982e+01 2.696789401974903355e-01 2.035672100999999845e+00
4.113211616000000248e+01 5.170061417119635738e-01 2.059343017999999859e+00
4.096336654000000266e+01 4.951028730618878826e-01 2.079262620999999811e+00
4.085925783999999794e+01 4.767178419527225430e-01 2.090171193999999844e+00
4.081199965999999790e+01 4.680735296024088887e-01 2.094739173999999871e+00
4.081230960999999979e+01 4.678460344774040824e-01 2.094756046000000094e+00
4.086013583999999810e+01 4.760386383057407800e-01 2.090121236999999965e+00
4.096468520999999896e+01 4.940989645877413294e-01 2.079103251999999902e+00
4.113380987000000033e+01 5.163609712644607885e-01 2.059793414000000045e+00
4.131259352000000007e+01 2.700225000471872527e-01 2.042261229999999816e+00
4.118270643999999692e+01 5.257229445352264996e-01 2.038561662999999857e+00
4.103018861000000328e+01 5.055935494613318371e-01 2.046523762000000080e+00
4.093115025000000173e+01 4.772534507105021251e-01 2.052613486999999903e+00
4.076751923999999860e+01 4.425706011690677122e-01 2.060662178999999927e+00
4.079985166000000163e+01 4.550025624967424798e-01 2.058657739000000042e+00
4.089511087000000344e+01 4.867262210837589587e-01 2.052692732000000131e+00
4.104344263000000126e+01 5.152733161597496947e-01 2.043792122999999794e+00
4.116804094999999819e+01 1.903954476888563285e-01 2.045746053999999869e+00
4.096340516000000065e+01 4.957765802328293336e-01 2.075982415999999997e+00
4.077063137999999753e+01 4.631214140183899652e-01 2.104689206999999840e+00
4.064828793000000218e+01 4.306766591256445120e-01 2.122163596000000041e+00
4.059162580000000276e+01 4.146773135704986957e-01 2.129883709000000014e+00
4.059203658999999931e+01 4.147496238417165415e-01 2.129851057000000214e+00
4.064947166000000323e+01 4.308920307684042661e-01 2.121988335999999808e+00
4.077244775999999860e+01 4.634650726222106498e-01 2.104356279000000107e+00
4.096569121999999652e+01 4.964342261219727992e-01 2.076135852999999809e+00
4.117124700000000104e+01 1.906146029608142556e-01 2.051063855999999852e+00
4.104604702999999688e+01 5.159054332401333820e-01 2.044690457999999822e+00
4.089691385999999795e+01 4.871509008961539267e-01 2.052762532000000029e+00
4.080078007000000184e+01 4.552555304790258939e-01 2.058612630999999915e+00
4.072671234999999967e+01 4.490534835040172479e-01 2.048544322000000140e+00
4.075483024999999770e+01 4.582429334012868005e-01 2.048186768999999963e+00
4.083875236000000086e+01 4.832202480289899960e-01 2.046339210999999825e+00
4.097285303999999684e+01 5.113824632779271351e-01 2.042527069000000139e+00
4.108991094999999660e+01 1.707392003690406390e-01 2.049554454999999997e+00
4.085908247999999787e+01 4.773338738778787338e-01 2.085156443999999887e+00
4.064807766999999927e+01 4.305267541188598779e-01 2.120111717999999978e+00
4.051153672000000228e+01 3.840997392910827646e-01 2.142621167999999798e+00
4.044722121000000215e+01 3.597471728961719184e-01 2.152978134000000043e+00
4.044768606000000233e+01 3.599633301574002853e-01 2.152883628000000105e+00
4.051287731000000036e+01 3.846883992819959963e-01 2.142275308999999961e+00
4.065013232999999815e+01 4.313073302269532783e-01 2.119510002000000171e+00
4.086162270999999890e+01 4.782131173714073147e-01 2.084816142999999844e+00
4.109310270000000287e+01 1.707329541496228897e-01 2.053529476000000020e+00
4.097533003000000207e+01 5.118214226426781588e-01 2.042177770999999975e+00
4.084045167000000021e+01 4.835154578582478990e-01 2.045686764000000046e+00
4.075569483999999676e+01 4.584095880222309183e-01 2.047799137999999797e+00
4.073920971999999807e+01 4.626024707949987769e-01 2.030787459999999989e+00
4.076147077000000252e+01 4.680501623053257565e-01 2.032705173000000087e+00
4.083067272000000258e+01 4.842975246066587025e-01 2.036427867000000003e+00
4.094795067999999816e+01 5.069973370233383791e-01 2.038933892000000192e+00
4.105727224999999692e+01 1.848910629584102350e-01 2.050855483999999951e+00
4.081147161999999895e+01 4.686545608489379733e-01 2.088645933000000010e+00
4.059104333999999881e+01 4.143315071136369765e-01 2.126647156000000205e+00
4.044683905000000124e+01 3.594560952313725632e-01 2.151844596000000109e+00
4.037827795999999836e+01 3.292959308356119275e-01 2.163686725999999894e+00
4.037877887999999871e+01 3.295935122910263471e-01 2.163551517999999785e+00
4.044828418000000170e+01 3.602310973461212429e-01 2.151384819000000004e+00
4.059325650000000252e+01 4.152794567244843527e-01 2.125864561000000208e+00
4.081418263999999851e+01 4.695311466115685839e-01 2.087985478999999867e+00
4.106045111000000247e+01 1.846411623925727497e-01 2.053940351000000053e+00
4.095032885999999905e+01 5.073016633033989864e-01 2.037776596000000051e+00
4.083228735000000142e+01 4.844944413534986727e-01 2.035295355000000139e+00
4.076228081000000003e+01 4.681494813192338400e-01 2.032087221999999915e+00
4.165518576000000195e+01 2.562126103672117128e-01 1.957444584999999959e+00
4.158887945000000030e+01 3.123098150158765685e-01 1.970601504000000004e+00
4.140797940000000210e+01 4.058056256914404636e-01 2.001962810999999842e+00
4.115626821000000035e+01 4.625269175963226398e-01 2.044078166999999890e+00
4.088660574000000025e+01 4.662701495810743224e-01 2.087720195999999806e+00
4.064963419000000044e+01 4.324168476994479371e-01 2.123704787999999954e+00
4.048779219000000040e+01 4.017069508844113845e-01 2.139920936999999856e+00
4.042066651999999749e+01 4.171179898241712536e-01 2.125710859999999869e+00
4.041783508000000325e+01 4.465729094906473184e-01 2.097348004000000099e+00
4.041841388000000279e+01 4.466349882305342134e-01 2.097493853000000019e+00
4.042239469999999812e+01 4.175781383405694491e-01 2.126196603999999990e+00
4.049053131000000150e+01 4.027432036653720293e-01 2.140815787999999831e+00
4.065305382999999750e+01 4.334339898539857350e-01 2.124843654999999831e+00
4.089028921999999966e+01 4.667835412474416468e-01 2.088701642999999830e+00
4.115977486999999968e+01 4.623973421926175775e-01 2.044587032999999998e+00
4.141082036000000244e+01 4.050369830795872983e-01 2.002006422000000008e+00
4.159051662000000249e+01 3.112941511241466008e-01 1.970477962999999999e+00
4.159764447999999959e+01 3.115516820020060584e-01 1.942049044000000002e+00
4.162364340999999968e+01 2.585871239920000120e-01 1.959373569999999898e+00
4.144531984000000335e+01 4.221026947795509243e-01 1.998626022000000058e+00
4.119131183999999735e+01 4.758522460733939918e-01 2.041603121000000076e+00
4.092048625000000328e+01 4.777172276167009901e-01 2.085479089000000119e+00
4.068327888999999686e+01 4.439831526533629114e-01 2.121311014000000217e+00
4.052062175999999738e+01 4.135987474817157672e-01 2.137873540999999822e+00
4.044964196000000101e+01 4.242478604246379681e-01 2.126490108000000046e+00
4.044126998000000128e+01 4.487418944073987559e-01 2.102699358999999824e+00
4.044184307999999817e+01 4.488600748221259207e-01 2.102840152000000185e+00
4.045132122999999780e+01 4.247770366037598722e-01 2.126968735000000166e+00
4.052323352999999884e+01 4.145680616494975546e-01 2.138765836000000142e+00
4.068650513000000046e+01 4.448746869467154474e-01 2.122452891000000008e+00
4.092395576999999918e+01 4.781620185712884274e-01 2.086458826999999960e+00
4.119464785000000262e+01 4.757764972381784419e-01 2.042083578999999816e+00
4.144811684999999812e+01 4.216367942665239510e-01 1.998594207000000011e+00
4.162612218000000297e+01 2.592910624805885300e-01 1.959088157999999913e+00
4.141734805000000108e+01 4.050693410076279255e-01 1.973881683000000109e+00
4.145407617000000045e+01 4.208993984109640762e-01 1.970760515000000046e+00
4.152640106999999858e+01 2.396746931954999993e-01 1.985740132000000102e+00
4.129198412000000218e+01 5.034942451445757472e-01 2.034924973999999942e+00
4.101915076000000226e+01 5.060128170902035150e-01 2.079012905999999994e+00
4.078171394999999677e+01 4.735267163125894685e-01 2.114210060000000002e+00
4.061691326999999774e+01 4.441396274529457178e-01 2.131593928000000027e+00
4.053611671000000172e+01 4.440201028999704036e-01 2.126966943000000221e+00
4.051461920999999933e+01 4.563126475190658060e-01 2.113325736999999815e+00
4.051517161999999672e+01 4.564866583997849170e-01 2.113457626000000200e+00
4.053770498000000089e+01 4.445657639977079745e-01 2.127415953999999942e+00
4.061933531999999758e+01 4.449198101619056822e-01 2.132423199999999852e+00
4.078467639000000133e+01 4.741781304319194201e-01 2.115256018000000182e+00
4.102235190999999759e+01 5.063530082486146222e-01 2.079850686999999976e+00
4.129517684000000344e+01 5.037063587793306763e-01 2.035157797000000102e+00
4.152971110000000010e+01 2.389566460676935122e-01 1.985209642000000052e+00
4.145512312999999693e+01 4.216262673753617407e-01 1.971153613000000027e+00
4.116615116999999913e+01 4.618658226087750673e-01 2.016168314999999822e+00
4.120063314000000076e+01 4.749430797617620326e-01 2.013486753000000018e+00
4.130055052000000160e+01 5.016096318392401221e-01 2.007229531000000122e+00
4.139822042000000124e+01 2.443690476111574916e-01 2.025831222999999959e+00
4.117147419999999869e+01 5.266625994058606874e-01 2.069664690999999834e+00
4.093676801000000154e+01 5.070988148047234079e-01 2.102840974999999890e+00
4.076931575999999779e+01 4.799365929614802240e-01 2.120982402000000100e+00
4.067643907000000070e+01 4.692782287717021106e-01 2.123653528999999818e+00
4.064069554000000295e+01 4.688866550709366310e-01 2.119644710999999848e+00
4.064119546999999955e+01 4.690407889284146092e-01 2.119752732999999889e+00
4.067785959999999790e+01 4.696589758646582125e-01 2.124023256000000082e+00
4.077145357999999931e+01 4.803399902188671411e-01 2.121652534999999951e+00
4.093938215000000014e+01 5.073875121444384462e-01 2.103632015000000077e+00
4.117441928000000217e+01 5.271515510624065204e-01 2.070104734000000057e+00
4.140183664999999991e+01 2.444942604012347864e-01 2.025825858000000146e+00
4.130254845000000330e+01 5.026977517991955136e-01 2.008154328999999905e+00
4.120162360999999862e+01 4.753935568365160735e-01 2.013970480999999868e+00
4.089695411999999664e+01 4.656634664979356630e-01 2.058766529000000123e+00
4.093031026999999966e+01 4.768878572189175769e-01 2.056201766000000042e+00
4.102838914000000159e+01 5.048692093601835351e-01 2.049344383000000214e+00
4.117986480999999799e+01 5.240431984668640908e-01 2.040643576999999986e+00
4.130794897999999904e+01 2.693154694017942941e-01 2.057372304999999901e+00
4.113143782000000215e+01 5.162192518667666485e-01 2.088548253999999993e+00
4.096287257000000182e+01 4.948482392588681722e-01 2.106696050000000042e+00
4.085881677999999795e+01 4.765295804727115447e-01 2.114943891999999881e+00
4.081160828000000151e+01 4.679474545924358631e-01 2.117297812999999973e+00
4.081198527000000098e+01 4.678149425665447669e-01 2.117345859999999913e+00
4.085988153000000267e+01 4.760618038847607703e-01 2.115112573999999857e+00
4.096447859999999963e+01 4.940392182264132792e-01 2.106966186000000185e+00
4.113354082000000034e+01 5.157567694536210334e-01 2.088653305999999876e+00
4.131155804000000131e+01 2.699910953156263727e-01 2.057770334000000201e+00
4.118261565000000246e+01 5.252701688741799879e-01 2.042140147000000017e+00
4.103027094000000119e+01 5.055939674650915538e-01 2.050269729000000041e+00
4.093128029999999740e+01 4.772895013921659157e-01 2.056632454999999915e+00
4.066039700000000323e+01 4.318486922576212361e-01 2.092836925999999931e+00
4.069355998999999713e+01 4.432069449137568395e-01 2.090249528999999828e+00
4.079147362999999871e+01 4.725425405092811837e-01 2.082866876999999839e+00
4.094596219999999676e+01 5.057978700274374795e-01 2.071346500999999840e+00
4.113977566999999880e+01 5.134445384643495647e-01 2.057874915999999832e+00
4.131040809999999652e+01 3.313595598709957457e-01 2.067799422000000220e+00
4.112645532999999887e+01 2.230847524317568498e-01 2.087100464999999794e+00
4.101019267000000212e+01 1.267132766726874471e-01 2.100603877999999813e+00
4.095451210000000231e+01 4.892594483484782181e-02 2.107059608999999778e+00
4.095446826999999956e+01 4.881002976393000042e-02 2.106906164000000192e+00
4.101007597000000260e+01 1.266281791138953727e-01 2.100109666999999902e+00
4.112630395000000050e+01 2.230827941770154865e-01 2.086163979999999807e+00
4.131037701999999712e+01 3.321423706890920258e-01 2.063674258999999900e+00
4.114305499000000310e+01 5.147760602750917069e-01 2.060149057999999922e+00
4.094855617999999708e+01 5.066854364823093482e-01 2.072454143999999943e+00
4.079330851000000280e+01 4.732579876397485230e-01 2.083427722999999787e+00
4.069451363999999671e+01 4.436306048630351828e-01 2.090487839000000125e+00
4.049888011000000176e+01 4.011037878156079040e-01 2.110184382999999997e+00
4.053126883000000191e+01 4.128342735232839456e-01 2.107945935000000048e+00
4.062706645000000094e+01 4.432409293541908490e-01 2.101139456999999933e+00
4.077895222000000075e+01 4.788984884093612227e-01 2.089898825000000127e+00
4.097189120000000173e+01 4.930461799372166665e-01 2.075250988000000074e+00
4.113084163999999987e+01 2.246897578042430510e-01 2.066166949999999947e+00
4.099390276999999827e+01 4.656049293527435573e-01 2.083781462999999778e+00
4.086939130999999747e+01 4.338323664365508758e-01 2.101820859000000041e+00
4.080796026000000154e+01 4.124173087938437510e-01 2.110947395999999809e+00
4.080833050999999756e+01 4.122044199923770580e-01 2.110950577000000106e+00
4.087047627999999833e+01 4.332807734284309653e-01 2.101851377000000021e+00
4.099567873000000162e+01 4.651816875282274166e-01 2.084313304999999783e+00
4.113411478999999815e+01 2.250447759525479041e-01 2.071692232000000189e+00
4.097499193000000162e+01 4.940656574734924034e-01 2.076626747000000162e+00
4.078146233999999737e+01 4.797558254797503197e-01 2.090165413999999888e+00
4.062884468000000027e+01 4.439665307892366464e-01 2.101103676999999781e+00
4.053219096000000121e+01 4.132677685698194492e-01 2.107876767000000040e+00
4.043195642999999961e+01 4.163954790170938947e-01 2.106872694000000212e+00
4.046051439000000016e+01 4.234201705427281248e-01 2.106109186999999938e+00
4.054647908999999828e+01 4.430965077539179009e-01 2.102850305000000031e+00
4.068626327999999859e+01 4.682882330300955909e-01 2.095865460000000180e+00
4.086806030000000334e+01 4.749751542991766939e-01 2.084908924000000052e+00
4.101465453000000139e+01 1.298636367081169862e-01 2.080304058999999928e+00
4.086922440000000023e+01 4.346436701507265243e-01 2.098691332000000020e+00
4.073725346999999886e+01 4.026044153320742502e-01 2.119267917999999806e+00
4.067173104999999822e+01 3.781000753450656782e-01 2.129874566999999885e+00
4.067221389000000187e+01 3.782231960242207758e-01 2.129830586999999831e+00
4.073866139999999803e+01 4.029530282956025333e-01 2.119154109000000119e+00
4.087146831999999819e+01 4.353212331631068910e-01 2.098919747000000058e+00
4.101797813999999676e+01 1.302481368989538424e-01 2.084300175000000088e+00
4.087106002000000160e+01 4.759402569797257510e-01 2.085186320000000038e+00
4.068868487000000300e+01 4.690943000897637161e-01 2.095274805999999934e+00
4.054817345000000017e+01 4.437322170853116310e-01 2.102203965000000174e+00
4.046138118999999733e+01 4.237687089368844529e-01 2.105720880999999878e+00
4.042915234000000169e+01 4.457837712782048434e-01 2.094316017000000141e+00
4.045216330000000227e+01 4.478441881507305711e-01 2.095559938000000066e+00
4.052495086999999785e+01 4.552933936058614073e-01 2.097099206999999854e+00
4.065044301999999732e+01 4.678103077428229506e-01 2.095417369999999835e+00
4.082080262000000204e+01 4.665501435514660677e-01 2.088612605999999872e+00
4.095900787000000065e+01 5.742385995879266403e-02 2.087197683999999942e+00
4.080740844999999695e+01 4.134314610269008150e-01 2.106528629000000041e+00
4.067128567999999689e+01 3.780029424892218937e-01 2.128508618000000130e+00
4.060349238999999955e+01 3.503857598239139559e-01 2.139930128000000042e+00
4.060401824000000204e+01 3.505962307539338130e-01 2.139846331000000212e+00
4.067281512000000276e+01 3.785627426673160989e-01 2.128267893999999938e+00
4.080982022999999970e+01 4.142935087123748583e-01 2.106477728999999854e+00
4.096232695999999862e+01 5.799995362271578164e-02 2.090241623999999909e+00
4.082371219000000195e+01 4.674783555132666080e-01 2.088217343999999809e+00
4.065277875000000307e+01 4.685583535948164569e-01 2.094311112999999835e+00
4.052656229000000110e+01 4.558330677247739438e-01 2.096088838000000010e+00
4.045297367999999949e+01 4.481113010405312624e-01 2.094986990999999854e+00
4.150775705000000215e+01 1.824632447955780168e-01 1.967326724000000082e+00
4.145075736999999805e+01 2.355964929348242087e-01 1.976413514000000093e+00
4.128700074000000342e+01 3.395252823276593279e-01 2.001339386000000165e+00
4.104144354000000305e+01 4.216730385272511317e-01 2.040700272000000037e+00
4.075765228000000207e+01 4.430752636711507431e-01 2.088984582000000145e+00
4.048842023000000268e+01 4.015791037804548047e-01 2.138289389000000096e+00
4.028409256999999855e+01 3.326772381065489781e-01 2.175564022000000097e+00
4.017643076000000235e+01 3.140159111554452487e-01 2.181353659000000000e+00
4.014891013999999814e+01 3.428777817970264374e-01 2.161197963000000222e+00
4.014939052999999802e+01 3.431137487616614523e-01 2.161374152000000048e+00
4.017785185999999698e+01 3.149738296971867912e-01 2.181883603000000171e+00
4.028630675000000139e+01 3.340906703374493802e-01 2.176451440000000126e+00
4.049114208999999676e+01 4.026030807935816469e-01 2.139325557999999905e+00
4.076056008999999847e+01 4.435166285089975902e-01 2.089782027000000042e+00
4.104420518999999956e+01 4.215708273210171386e-01 2.041023157000000143e+00
4.128923525999999811e+01 3.389379635362801957e-01 2.001274798999999938e+00
4.145204197000000335e+01 2.348354944687937873e-01 1.976260061999999929e+00
4.145956806000000228e+01 2.350213286659908751e-01 1.953613961000000065e+00
4.149157204000000121e+01 2.578370910635179869e-01 1.970905045000000078e+00
4.132467667000000233e+01 3.628440297111339419e-01 1.997857881999999918e+00
4.107596754000000061e+01 4.381045833624627739e-01 2.038384975000000043e+00
4.079050598999999977e+01 4.556781711448840144e-01 2.087166975999999785e+00
4.052129047999999756e+01 4.135518380041155462e-01 2.136259737000000047e+00
4.031756057999999854e+01 3.472558664026197395e-01 2.172955373999999829e+00
4.020802611999999954e+01 3.253256521890794950e-01 2.180543538999999864e+00
4.017609037999999799e+01 3.455923201655075050e-01 2.165598412000000028e+00
4.017654633000000075e+01 3.458508366800146505e-01 2.165773703000000161e+00
4.020936007000000245e+01 3.262302352393962601e-01 2.181080624999999884e+00
4.031961925000000235e+01 3.484922797674953610e-01 2.173858245999999994e+00
4.052380773000000147e+01 4.144350699176035380e-01 2.137318710000000177e+00
4.079319106999999889e+01 4.560537446037793985e-01 2.087986229000000193e+00
4.107852814000000308e+01 4.380261519674106263e-01 2.038711065000000211e+00
4.132676404000000048e+01 3.623991021572613991e-01 1.997780050999999890e+00
4.149250561000000204e+01 2.518012185343758147e-01 1.970498552000000014e+00
4.129632217999999710e+01 3.390109916466206297e-01 1.980804017000000083e+00
4.133347870000000057e+01 3.620728158685722620e-01 1.977000749999999973e+00
4.142783304000000300e+01 2.044609099122797202e-01 1.983063733999999911e+00
4.117609180000000180e+01 4.786733519914637136e-01 2.031774035999999839e+00
4.088622266000000138e+01 4.874790728043161270e-01 2.081824130000000217e+00
4.061753132999999849e+01 4.441034597778847903e-01 2.130081960000000052e+00
4.041559291000000087e+01 3.840988434514092664e-01 2.165141504000000161e+00
4.030172865000000115e+01 3.564342861829679632e-01 2.176400424000000111e+00
4.026042573000000147e+01 3.598491137131642481e-01 2.171199601000000090e+00
4.026084846999999911e+01 3.601103104851954839e-01 2.171371103999999885e+00
4.030295232000000283e+01 3.572031566059491459e-01 2.176927368999999945e+00
4.041746819000000102e+01 3.850721811130726202e-01 2.166013173000000069e+00
4.061982463999999737e+01 4.448295038477543262e-01 2.131092376999999871e+00
4.088869112999999800e+01 4.878552778122129396e-01 2.082569376999999999e+00
4.117852005000000304e+01 4.788657351875244550e-01 2.031961412999999883e+00
4.143079948999999829e+01 2.103093141181156811e-01 1.982919920000000058e+00
4.133424382999999835e+01 3.625840978819862004e-01 1.977551316000000003e+00
4.105120404000000178e+01 4.212159482165355739e-01 2.022820750000000167e+00
4.108522151999999750e+01 4.374128210045383214e-01 2.019717039000000103e+00
4.118483066999999664e+01 4.776246509485824743e-01 2.011622178000000094e+00
4.129722826999999796e+01 1.891162542415216474e-01 2.021830263000000016e+00
4.103497826000000259e+01 5.164293622001366879e-01 2.073729664000000028e+00
4.076980875000000282e+01 4.798461632147128508e-01 2.119636566000000055e+00
4.057086415999999929e+01 4.281109354284179935e-01 2.152226965000000103e+00
4.045229984000000201e+01 3.968143839695202901e-01 2.166593715999999947e+00
4.040213183000000186e+01 3.875991227612101131e-01 2.168706401000000117e+00
4.040251047000000284e+01 3.878161269605834849e-01 2.168865809000000144e+00
4.045339195999999760e+01 3.973971955124767641e-01 2.167078486999999942e+00
4.057254062999999888e+01 4.288343996064393204e-01 2.153004794000000111e+00
4.077189005000000321e+01 4.804912943670107128e-01 2.120498265999999798e+00
4.103733661999999782e+01 5.171969379188159355e-01 2.074257986000000109e+00
4.130043665000000175e+01 1.895730869072048685e-01 2.022150557999999876e+00
4.118640204999999810e+01 4.784315501996299624e-01 2.012776961999999781e+00
4.108600839999999721e+01 4.377754730425342244e-01 2.020325979999999966e+00
4.076784527000000224e+01 4.426375277400728669e-01 2.071423948000000070e+00
4.080022801999999871e+01 4.550064219704267887e-01 2.068576576999999972e+00
4.089548923000000258e+01 4.865875865061593530e-01 2.061036001000000173e+00
4.104366691999999972e+01 5.145032037120631507e-01 2.050932989000000095e+00
4.116708744999999681e+01 1.895777207399416409e-01 2.065883005999999966e+00
4.096323509999999857e+01 4.949065949694766986e-01 2.105564279999999844e+00
4.077055205999999998e+01 4.627952885498414215e-01 2.134526829999999986e+00
4.064815309000000099e+01 4.304335965928334784e-01 2.150629582000000095e+00
4.059140172000000035e+01 4.144842389088608803e-01 2.156741301999999916e+00
4.059172653000000253e+01 4.146196987479482954e-01 2.156871323999999923e+00
4.064909483999999651e+01 4.307911240822621668e-01 2.151016037999999853e+00
4.077202865000000287e+01 4.633029983470244861e-01 2.135107647999999969e+00
4.096521319000000005e+01 4.958938433559267334e-01 2.106104601000000187e+00
4.117027114999999782e+01 1.907506039063767422e-01 2.066695226999999857e+00
4.104592929999999740e+01 5.156019379591267882e-01 2.052525428000000041e+00
4.089703200999999666e+01 4.872064896935996425e-01 2.062165080999999844e+00
4.080102326000000090e+01 4.553472099156295472e-01 2.069150286000000172e+00
4.049907361000000350e+01 4.012111757321487060e-01 2.116520325999999841e+00
4.053151298000000224e+01 4.129365616427865815e-01 2.113657846000000173e+00
4.062733724999999652e+01 4.432927582579774817e-01 2.105719929000000157e+00
4.077920715999999857e+01 4.788035455994612555e-01 2.093456585000000203e+00
4.097198610000000230e+01 4.922934266707836293e-01 2.079093735999999915e+00
4.112987232999999776e+01 2.236721415567513582e-01 2.087375370999999813e+00
4.099373791000000011e+01 4.647487479178506464e-01 2.113047903000000005e+00
4.086927278999999658e+01 4.335563088035839230e-01 2.129600991999999859e+00
4.080773978999999940e+01 4.123065202745811453e-01 2.137672983999999943e+00
4.080798090999999772e+01 4.122104967199076708e-01 2.137734866000000178e+00
4.086999268000000285e+01 4.333311464919606948e-01 2.129758450999999830e+00
4.099500873000000212e+01 4.649413805732483529e-01 2.113151579999999807e+00
4.113291765000000311e+01 2.251661772554178487e-01 2.088047914000000116e+00
4.097469523000000180e+01 4.935302676184795123e-01 2.080720529999999791e+00
4.078137103000000252e+01 4.796771007797543396e-01 2.094668317000000002e+00
4.062887384999999796e+01 4.439947563670155750e-01 2.106524290999999938e+00
4.053231307000000072e+01 4.133485701693698777e-01 2.114061577000000192e+00
4.029521290999999650e+01 3.324961142381173684e-01 2.147810912000000183e+00
4.032827627000000348e+01 3.467937529168300670e-01 2.145006367000000136e+00
4.042588695999999970e+01 3.834202920915824597e-01 2.136769013999999967e+00
4.058075192999999814e+01 4.272974314666321827e-01 2.123367009999999944e+00
4.078005070999999759e+01 4.617928890503597561e-01 2.105389992000000099e+00
4.100267110000000059e+01 4.625210179413773992e-01 2.084498092000000025e+00
4.118687013000000263e+01 2.724012594984673297e-01 2.083232783999999782e+00
4.105031934000000149e+01 1.711977133984076416e-01 2.100959180999999898e+00
4.098293607000000094e+01 8.761927985669232255e-02 2.110933532999999862e+00
4.098291892999999675e+01 8.762497361894941439e-02 2.110815362999999945e+00
4.105027817999999940e+01 1.712364386590733145e-01 2.100547075000000152e+00
4.118687709000000297e+01 2.727142524346882202e-01 2.080705968000000183e+00
4.100555082999999712e+01 4.637497308248108574e-01 2.086413827999999970e+00
4.078260593000000256e+01 4.627685681094895198e-01 2.106328328000000027e+00
4.058286801999999938e+01 4.282882287257312459e-01 2.123863314999999918e+00
4.042740365000000224e+01 3.843081464398265257e-01 2.137021484999999998e+00
4.032906825999999967e+01 3.473439180124565095e-01 2.145111425000000072e+00
4.018793662000000211e+01 3.139735142950500490e-01 2.157364058999999834e+00
4.021913134999999784e+01 3.249934213124793803e-01 2.155613655999999878e+00
4.031235752999999988e+01 3.558212306408160552e-01 2.149516359000000154e+00
4.046246241000000055e+01 3.960461025689400172e-01 2.138129909999999967e+00
4.065791751999999804e+01 4.295955519319779592e-01 2.121257632999999920e+00
4.087865109999999902e+01 4.321506395416756519e-01 2.099965629999999805e+00
4.105500416999999658e+01 1.749430912712408304e-01 2.081197544000000121e+00
4.096244313999999775e+01 3.783984627656312161e-01 2.093374540000000117e+00
4.089604573999999815e+01 3.522508378400495688e-01 2.104303669000000099e+00
4.089646181999999897e+01 3.521576491753962146e-01 2.104393931999999801e+00
4.096369820999999689e+01 3.782898999492826930e-01 2.094002231000000158e+00
4.105763721000000288e+01 1.749724191233867632e-01 2.086712052000000206e+00
4.088134402000000023e+01 4.330980661406501619e-01 2.101237113999999906e+00
4.066038507999999752e+01 4.306048563683793073e-01 2.121445903000000133e+00
4.046451435000000174e+01 3.971311625941254531e-01 2.137918576000000126e+00
4.031382036000000113e+01 3.567854654694506134e-01 2.149196115000000074e+00
4.021988879999999966e+01 3.255695689443894869e-01 2.155390450000000069e+00
4.016055072999999709e+01 3.427192759950346557e-01 2.151993263000000045e+00
4.018732834000000054e+01 3.451892106206709276e-01 2.152161770999999835e+00
4.027112977000000171e+01 3.591527508297054361e-01 2.150074211999999818e+00
4.041231524999999891e+01 3.867285473399302842e-01 2.142370436999999850e+00
4.060116641999999842e+01 4.135808410621392706e-01 2.127937547999999790e+00
4.081714291000000117e+01 4.109141000823451351e-01 2.108078807000000054e+00
4.098761881000000074e+01 9.435590222408617167e-02 2.091119806000000025e+00
4.089576592000000232e+01 3.529332828636405628e-01 2.102140449999999827e+00
4.082872539000000245e+01 3.272089924865496102e-01 2.113274952999999901e+00
4.082921178000000140e+01 3.273191838145683152e-01 2.113336750000000208e+00
4.089721389000000329e+01 3.533248631645642956e-01 2.102668305999999987e+00
4.099024136999999968e+01 9.392936282170993856e-02 2.095798502000000063e+00
4.081971950999999876e+01 4.118425043707811817e-01 2.108882030000000185e+00
4.060354463000000180e+01 4.146084873212088073e-01 2.127683547000000175e+00
4.041428751000000119e+01 3.878189680350483948e-01 2.141745068000000085e+00
4.027251995000000306e+01 3.600572432733385453e-01 2.149416356000000139e+00
4.018803594999999973e+01 3.456710215515775286e-01 2.151746984999999945e+00
4.141045531999999696e+01 1.077790420497038576e-01 1.972328811999999987e+00
4.136728649999999874e+01 1.560760720854391104e-01 1.976177341999999948e+00
4.123226429000000337e+01 2.749825592609201896e-01 1.990379399000000049e+00
4.100573016999999965e+01 3.950352512365111757e-01 2.020540140000000040e+00
4.071751753000000207e+01 4.496518571365416550e-01 2.066262533999999818e+00
4.042223362000000009e+01 4.171864824558131346e-01 2.122183795000000206e+00
4.017751001999999971e+01 3.147107607854056632e-01 2.178971937000000025e+00
4.002599282999999986e+01 2.081508037835274882e-01 2.215395347999999931e+00
3.996961247000000128e+01 1.904486920619528068e-01 2.216342972000000078e+00
3.996993145999999797e+01 1.908901312211122026e-01 2.216474289000000208e+00
4.002691958999999855e+01 2.093416301375837230e-01 2.215801413999999969e+00
4.017891781000000151e+01 3.156417142153412070e-01 2.179644183000000179e+00
4.042393468000000212e+01 4.176242832002296512e-01 2.122900682000000039e+00
4.071932157999999902e+01 4.496886057019023886e-01 2.066704103000000181e+00
4.100744453000000078e+01 3.947663405411976911e-01 2.020558089000000113e+00
4.123365816999999822e+01 2.745049204220104122e-01 1.990111112999999987e+00
4.136809200999999803e+01 1.556203151788488614e-01 1.975928576999999908e+00
4.137609385999999745e+01 1.555790596322798036e-01 1.958684925000000021e+00
4.139670557000000173e+01 1.262075884830156092e-01 1.970585543999999967e+00
4.126563472000000132e+01 2.974303174589310039e-01 1.989253211000000077e+00
4.103618085000000093e+01 4.091656744815853619e-01 2.020485381999999941e+00
4.074613253999999785e+01 4.590073783793784390e-01 2.066968168999999911e+00
4.045122495999999757e+01 4.244052479630638919e-01 2.123065768000000020e+00
4.020905649000000182e+01 3.259492060831705174e-01 2.178346814000000187e+00
4.005941586000000143e+01 2.304931855988530953e-01 2.212679728999999984e+00
4.000153472000000221e+01 2.086524980270680341e-01 2.216021841999999964e+00
4.000182051000000172e+01 2.090255381575199800e-01 2.216158549999999838e+00
4.006024342999999988e+01 2.314445688949845759e-01 2.213101652000000197e+00
4.021031048999999769e+01 3.267281008450106383e-01 2.179038275999999996e+00
4.045272843000000051e+01 4.247484968946433903e-01 2.123815358999999958e+00
4.074770164000000250e+01 4.589693773458733972e-01 2.067452902999999953e+00
4.103762643000000310e+01 4.088095349531591927e-01 2.020545418999999843e+00
4.126667544000000021e+01 2.966490897995551768e-01 1.989055411999999912e+00
4.139606426999999655e+01 1.242232852983632119e-01 1.970647948000000094e+00
4.124137072999999987e+01 2.746729890376155003e-01 1.978542687000000022e+00
4.127424452999999716e+01 2.965393093498790433e-01 1.976439915000000047e+00
4.134795839000000228e+01 1.427529215286876263e-01 1.984218642999999949e+00
4.112550591000000111e+01 4.476078277303457420e-01 2.019663840000000210e+00
4.083040452000000187e+01 4.840059496229708880e-01 2.068157396999999786e+00
4.053749207999999982e+01 4.441111388249032732e-01 2.123890999999999973e+00
4.030255420000000299e+01 3.567818944422034844e-01 2.174637763999999862e+00
4.015727250999999853e+01 2.823841932232227792e-01 2.204546670000000042e+00
4.009661742000000118e+01 2.569766501296709693e-01 2.211454680000000117e+00
4.009686728999999872e+01 2.572459407555101052e-01 2.211593602000000214e+00
4.015799519000000117e+01 2.830525991377227935e-01 2.204967009999999838e+00
4.030365421999999853e+01 3.574168338771899767e-01 2.175308392999999896e+00
4.053881508999999994e+01 4.444424044457202516e-01 2.124620199999999848e+00
4.083178302999999687e+01 4.840321332626335571e-01 2.068618736999999985e+00
4.112674545000000137e+01 4.472828559887065958e-01 2.019674077999999984e+00
4.134771362000000039e+01 1.415992112597600772e-01 1.984740806000000024e+00
4.127454293000000263e+01 2.963813969204291410e-01 1.977128671000000004e+00
4.101508082000000144e+01 3.946995923552344410e-01 2.017041530000000193e+00
4.104513919000000044e+01 4.086417109511918389e-01 2.014840591000000014e+00
4.113416148999999677e+01 4.469583486056926680e-01 2.009112381000000003e+00
4.126039070000000208e+01 2.499858886301760397e-01 2.014316462000000030e+00
4.096473252999999914e+01 5.121809758309002758e-01 2.067854421999999914e+00
4.067749752999999657e+01 4.692480339164893932e-01 2.121052880000000140e+00
4.045289686999999645e+01 3.969360183476595694e-01 2.165263362000000136e+00
4.031223244000000250e+01 3.394221091548658142e-01 2.191068027000000029e+00
4.024928194999999675e+01 3.141799856997532503e-01 2.199982297000000031e+00
4.024949660000000051e+01 3.143705803342861094e-01 2.200116431000000095e+00
4.031285570000000007e+01 3.399053512593833704e-01 2.191464544000000014e+00
4.045385947999999843e+01 3.974809934338232043e-01 2.165872724999999832e+00
4.067868892999999986e+01 4.696833212434362026e-01 2.121693078999999926e+00
4.096605404999999678e+01 5.126257618658448534e-01 2.068199479000000007e+00
4.126274029999999726e+01 2.644274227115421816e-01 2.014855295999999907e+00
4.113504317000000299e+01 4.470193778224453296e-01 2.010387328000000196e+00
4.104558811999999790e+01 4.086918766589110463e-01 2.015538246999999838e+00
4.072716691000000111e+01 4.491725476950477747e-01 2.068745151999999976e+00
4.075544612000000200e+01 4.583837948617702218e-01 2.066478508999999963e+00
4.083947584999999947e+01 4.833099816145302596e-01 2.060811844999999920e+00
4.097355465999999780e+01 5.110905356861430437e-01 2.053176311000000087e+00
4.108976473999999968e+01 1.698972887474938520e-01 2.068031677000000013e+00
4.085963360000000222e+01 4.768297492447806651e-01 2.112870265999999830e+00
4.064857428999999911e+01 4.304621635726481044e-01 2.149629210000000068e+00
4.051181895999999938e+01 3.840571692839619966e-01 2.172406360000000092e+00
4.044722836999999771e+01 3.596407388864312216e-01 2.182160187000000029e+00
4.044741369999999847e+01 3.597899144040727637e-01 2.182278811999999846e+00
4.051236396000000184e+01 3.844587110093438675e-01 2.172748250000000159e+00
4.064945035000000217e+01 4.310435538453015192e-01 2.150125512999999877e+00
4.086085532999999970e+01 4.778629694586304377e-01 2.113338712000000008e+00
4.109217051000000254e+01 1.711609345365897872e-01 2.068892729999999958e+00
4.097505489000000267e+01 5.117291203439796599e-01 2.054728401999999843e+00
4.084046412000000004e+01 4.835494506609762655e-01 2.062033425000000086e+00
4.075594705999999690e+01 4.584846166322206762e-01 2.067148314000000209e+00
4.043230389000000002e+01 4.165933439960973206e-01 2.122231903999999947e+00
4.046101114999999737e+01 4.236808968182965707e-01 2.119776930000000004e+00
4.054708214000000055e+01 4.433419799089561297e-01 2.113306859000000149e+00
4.068691296000000079e+01 4.683883642961137461e-01 2.103346660999999784e+00
4.086860455000000059e+01 4.744660390616614598e-01 2.091367287999999824e+00
4.101450547000000313e+01 1.284041075211266592e-01 2.101053708999999881e+00
4.086965124000000316e+01 4.339783746355928562e-01 2.128864225000000054e+00
4.073754224999999707e+01 4.024252060694734068e-01 2.149009844000000058e+00
4.067173209999999983e+01 3.779916520482695663e-01 2.159024495999999793e+00
4.067189923000000107e+01 3.781249592018970374e-01 2.159111966000000216e+00
4.073805240000000083e+01 4.028397988455831857e-01 2.149247369999999879e+00
4.087059531999999962e+01 4.350609079304604832e-01 2.129150378999999926e+00
4.101683273999999813e+01 1.303899218192600407e-01 2.101765122999999846e+00
4.087050823999999949e+01 4.755169673109417294e-01 2.092704610000000187e+00
4.068838338999999849e+01 4.689623079908560865e-01 2.104577846999999835e+00
4.054810650999999666e+01 4.437131632910721879e-01 2.114274596000000006e+00
4.046153770000000094e+01 4.238617011563917125e-01 2.120320341999999858e+00
4.018812172999999888e+01 3.141828456158011762e-01 2.166074746000000051e+00
4.021941143000000096e+01 3.252786660735770274e-01 2.163200005999999842e+00
4.031270565999999889e+01 3.560935720933343651e-01 2.155091249999999903e+00
4.046285337999999854e+01 3.962404210282521877e-01 2.142011629000000195e+00
4.065830960000000260e+01 4.296368382908035688e-01 2.124347784999999877e+00
4.087893187000000239e+01 4.316987775660018900e-01 2.103726041999999907e+00
4.105460461999999922e+01 1.735799608973853936e-01 2.102688463999999868e+00
4.096259503999999652e+01 3.778468632812997940e-01 2.122298495999999979e+00
4.089602732000000174e+01 3.521301164614835111e-01 2.132247593000000219e+00
4.089618389999999692e+01 3.522029041321958487e-01 2.132269072000000154e+00
4.096314637999999775e+01 3.783712326298784290e-01 2.122295174000000006e+00
4.105678878999999881e+01 1.754526019249290636e-01 2.103037785999999798e+00
4.088093380000000110e+01 4.327616541151966256e-01 2.104774250999999818e+00
4.066006445000000014e+01 4.304258599396005303e-01 2.125207263000000069e+00
4.046429830000000294e+01 3.969866051611449231e-01 2.142716521000000096e+00
4.031373700000000326e+01 3.567140676643084096e-01 2.155635762000000177e+00
4.021994802999999763e+01 3.256335317111744287e-01 2.163513781999999885e+00
4.003718176000000284e+01 2.081682627345560754e-01 2.190018787000000078e+00
4.007033039000000230e+01 2.301761087484982538e-01 2.187100319999999876e+00
4.016789651999999933e+01 2.818627408407730073e-01 2.178463933999999824e+00
4.032257767000000115e+01 3.388286455788225848e-01 2.164361250999999875e+00
4.052192263999999966e+01 3.834666147280867410e-01 2.145210334000000163e+00
4.074745195999999936e+01 4.018177562047710039e-01 2.121746901999999935e+00
4.097225353999999697e+01 3.765361470543178712e-01 2.095772474999999968e+00
4.113653020000000282e+01 1.848767631036714043e-01 2.087239803000000116e+00
4.106428046999999992e+01 1.021116767558935684e-01 2.097801276999999853e+00
4.106428581000000122e+01 1.021396609159535979e-01 2.097712615999999919e+00
4.113656658000000022e+01 1.850182619589730848e-01 2.086020587999999787e+00
4.097407651999999700e+01 3.773768443153269758e-01 2.097188952999999856e+00
4.074924436999999955e+01 4.025166713623217207e-01 2.122444590999999825e+00
4.052358601000000249e+01 3.842979754431702921e-01 2.145589454000000007e+00
4.032397242999999776e+01 3.397650965855757432e-01 2.164561003999999844e+00
4.016890092999999951e+01 2.827739242152523813e-01 2.178559787999999831e+00
4.007085590999999880e+01 2.308008797704717285e-01 2.187137429999999938e+00
3.998113914000000335e+01 1.908892590220750696e-01 2.193828655999999988e+00
4.001276098999999675e+01 2.085802667205654826e-01 2.192133581999999858e+00
4.010746369000000300e+01 2.564754385871153564e-01 2.185568973000000081e+00
4.025978248999999920e+01 3.135467941728526942e-01 2.172940440000000084e+00
4.045745826000000278e+01 3.590320202658624504e-01 2.154520579999999796e+00
4.068177749000000176e+01 3.774597236100593056e-01 2.131239207000000135e+00
4.090594593000000145e+01 3.514178379422309151e-01 2.104839291999999862e+00
4.106916219000000012e+01 1.149227964292776349e-01 2.079921568000000054e+00
4.101855361999999872e+01 2.461461544176843652e-01 2.087440286000000089e+00
4.101893038000000047e+01 2.461675668845876297e-01 2.087877784999999875e+00
4.107071447999999947e+01 1.150346633382443723e-01 2.085994799999999927e+00
4.090754496999999645e+01 3.519308864901894429e-01 2.106137418999999955e+00
4.068343964999999685e+01 3.781015514042075365e-01 2.131701522999999820e+00
4.045902668000000091e+01 3.598875290249237691e-01 2.154626692999999982e+00
4.026110359999999844e+01 3.145566201121383632e-01 2.172849697999999830e+00
4.010841280999999725e+01 2.574864203184841771e-01 2.185392209999999835e+00
4.001325388000000061e+01 2.092709606236952402e-01 2.191990421999999938e+00
4.136253190000000046e+01 3.546218652536166360e-02 1.974282451000000105e+00
4.133231677999999931e+01 9.776730773150907328e-02 1.973025550000000017e+00
4.122499186000000293e+01 2.318570733516094329e-01 1.975993093000000034e+00
4.101829831999999953e+01 3.801011794846660408e-01 1.995999413999999916e+00
4.073058037999999925e+01 4.630001311338177716e-01 2.036605032000000204e+00
4.042011937000000188e+01 4.465660482337125980e-01 2.092599738000000098e+00
4.015086655000000349e+01 3.438061699730304843e-01 2.157001413000000145e+00
3.997063159000000354e+01 1.919652086902583765e-01 2.213871640999999890e+00
3.989306202000000212e+01 7.066671463814168386e-02 2.237063623000000057e+00
3.989317281999999665e+01 7.112848747721355058e-02 2.237114088999999861e+00
3.997094784000000089e+01 1.923925964118292364e-01 2.214036232000000215e+00
4.015133847999999972e+01 3.440289040073370996e-01 2.157267173000000149e+00
4.042068419000000290e+01 4.466199068728884947e-01 2.092860062999999826e+00
4.073117684999999710e+01 4.629177271187560061e-01 2.036727565000000073e+00
4.101886620999999877e+01 3.799145814990398939e-01 1.995926529999999977e+00
4.122545749999999742e+01 2.316216857561015086e-01 1.975795528999999995e+00
4.133258859000000029e+01 9.761893602082084842e-02 1.972866156999999898e+00
4.134129880999999784e+01 9.766360355257611148e-02 1.958704309000000032e+00
4.134860450000000043e+01 5.861623951244598202e-02 1.972489756000000094e+00
4.125009779999999893e+01 2.425679078166577962e-01 1.979477021999999975e+00
4.104235461999999757e+01 3.888752934426806807e-01 1.999709860999999922e+00
4.075330428000000182e+01 4.686273282499118231e-01 2.041098547999999901e+00
4.044351135000000141e+01 4.488090557712478557e-01 2.098136959000000079e+00
4.017792713000000049e+01 3.464442284349894541e-01 2.161799763999999957e+00
4.000244883999999956e+01 2.097303454300224745e-01 2.213974635000000024e+00
3.992651002000000204e+01 1.216782230260399916e-01 2.234299163999999838e+00
3.992658759999999774e+01 1.218658690198034522e-01 2.234356840999999871e+00
4.000267218999999841e+01 2.099953649710767090e-01 2.214153819999999939e+00
4.017825820000000192e+01 3.465679413430503009e-01 2.162085904000000003e+00
4.044388668999999936e+01 4.487632227140001540e-01 2.098436357000000196e+00
4.075364763000000323e+01 4.684072849450285903e-01 2.041283094999999825e+00
4.104256953000000152e+01 3.884327568452250468e-01 1.999727129000000048e+00
4.124997632000000181e+01 2.415353057628097933e-01 1.979443771999999990e+00
4.134741995000000259e+01 5.829364919052835298e-02 1.972641877999999904e+00
4.123394796000000184e+01 2.319692119387787022e-01 1.970968674999999948e+00
4.125840492999999753e+01 2.406746760373979221e-01 1.973002640000000030e+00
4.129809845999999851e+01 7.986910779479380884e-02 1.987370144000000005e+00
4.111509896999999825e+01 4.135339095440572210e-01 2.007983374999999793e+00
4.082280217000000277e+01 4.849977834612560490e-01 2.051390583999999961e+00
4.051650646000000222e+01 4.563357419847778873e-01 2.109309994000000188e+00
4.026186663000000010e+01 3.603646280342827080e-01 2.168266163999999829e+00
4.009728513999999677e+01 2.574226493895460099e-01 2.210112671000000084e+00
4.002439171999999701e+01 2.034330059278431080e-01 2.226026446000000103e+00
4.002443739000000278e+01 2.035027310603763073e-01 2.226089067999999838e+00
4.009741930999999937e+01 2.575571520825453153e-01 2.210299076000000085e+00
4.026206745000000353e+01 3.604354847542428075e-01 2.168556640999999896e+00
4.051671996999999692e+01 4.562696484141648967e-01 2.109624757000000184e+00
4.082294381999999899e+01 4.847447499009749361e-01 2.051602692999999977e+00
4.111499278000000146e+01 4.127527598051771718e-01 2.008044094000000168e+00
4.129699383999999895e+01 8.041177271014794681e-02 1.987695438000000037e+00
4.125816807000000352e+01 2.397334870336453871e-01 1.973457537000000039e+00
4.102720914999999735e+01 3.800856705573751881e-01 2.005551017999999797e+00
4.105101111999999830e+01 3.886112318411692468e-01 2.005485304000000024e+00
4.112350427999999880e+01 4.124330288894685337e-01 2.005142182000000162e+00
4.123012108999999725e+01 1.546182985522546460e-01 2.011686564000000121e+00
4.094025068999999917e+01 5.076613857339548064e-01 2.060727069999999994e+00
4.064214802000000049e+01 4.688504554956705594e-01 2.116331387999999869e+00
4.040318592999999936e+01 3.878289040364289453e-01 2.166570085000000034e+00
4.024976233999999664e+01 3.143621030262246929e-01 2.199115227000000061e+00
4.017927278999999885e+01 2.768280506970350885e-01 2.212336523999999915e+00
4.017929142999999925e+01 2.768610521513958367e-01 2.212400962999999887e+00
4.024982158000000254e+01 3.144416553394991931e-01 2.199301707000000050e+00
4.040328428000000116e+01 3.879103284942172492e-01 2.166849930000000146e+00
4.064226211999999805e+01 4.688973003165168296e-01 2.116627507000000019e+00
4.094032854999999671e+01 5.076662066178838639e-01 2.060908219999999957e+00
4.122902685999999761e+01 1.526177487468750871e-01 2.012017627000000086e+00
4.112363347000000147e+01 4.117481719907266635e-01 2.005783200999999849e+00
4.105108614000000244e+01 3.883725792214608452e-01 2.005854134999999872e+00
4.073960016000000195e+01 4.626613661297163671e-01 2.058943932000000032e+00
4.076215942000000325e+01 4.681902361877257612e-01 2.058058404000000063e+00
4.083161436999999694e+01 4.844814370071559573e-01 2.055902952999999922e+00
4.094904776999999996e+01 5.070400759693138859e-01 2.052582872999999974e+00
4.105808401000000174e+01 1.840133353927454474e-01 2.068639807999999913e+00
4.081284188000000057e+01 4.686252558187032347e-01 2.114717186000000027e+00
4.059220495000000284e+01 4.146581419701522719e-01 2.155165725999999893e+00
4.044760352000000125e+01 3.597488802036137856e-01 2.181553614999999891e+00
4.037855422999999888e+01 3.293700358715088150e-01 2.193408493999999820e+00
4.037855545000000035e+01 3.294012903042486395e-01 2.193470338000000019e+00
4.044761847000000188e+01 3.598502510901760432e-01 2.181728044999999838e+00
4.059226621999999907e+01 4.148814967240662122e-01 2.155412552000000037e+00
4.081304193999999796e+01 4.693347004832927327e-01 2.114947413999999970e+00
4.105954364000000112e+01 1.853651730253942920e-01 2.069040950000000212e+00
4.094970563999999769e+01 5.072492953802592019e-01 2.053231225999999854e+00
4.083198954000000214e+01 4.844222218044761941e-01 2.056469084000000169e+00
4.076233692000000275e+01 4.681290168396891049e-01 2.058388964999999793e+00
4.042948244000000102e+01 4.459004396001873816e-01 2.117328896000000071e+00
4.045277198000000141e+01 4.480782825148720283e-01 2.115998451999999919e+00
4.052579816000000079e+01 4.556017839566123828e-01 2.112385186000000026e+00
4.065146710999999868e+01 4.680826656059154933e-01 2.106019429999999915e+00
4.082186503999999871e+01 4.664690597550950613e-01 2.097072637000000128e+00
4.095982654000000167e+01 5.576350563394696924e-02 2.107839500999999949e+00
4.080853932000000128e+01 4.132579985301459424e-01 2.136519979000000014e+00
4.067205965000000134e+01 3.781151681433505551e-01 2.158564292999999967e+00
4.060376526999999669e+01 3.504142031059638285e-01 2.169662279000000193e+00
4.060376559000000185e+01 3.504720723977591823e-01 2.169715040999999900e+00
4.067208878999999655e+01 3.783428443922806084e-01 2.158706083000000220e+00
4.080874199000000146e+01 4.141369589110300287e-01 2.136690853000000168e+00
4.096125100999999802e+01 5.843891027575552621e-02 2.108158260999999811e+00
4.082283893999999691e+01 4.672830051026531373e-01 2.097551909999999964e+00
4.065212999999999965e+01 4.683515490553290528e-01 2.106537923999999951e+00
4.052622868000000267e+01 4.557001755647051011e-01 2.112839858000000071e+00
4.045298409000000106e+01 4.480999195589998596e-01 2.116272991999999853e+00
4.016078688000000341e+01 3.428936499552399098e-01 2.168182922000000179e+00
4.018778791999999811e+01 3.455333569642073943e-01 2.166196248999999963e+00
4.027177690999999982e+01 3.595916638752681416e-01 2.160130493000000040e+00
4.041310724000000221e+01 3.871470056812639227e-01 2.149212324000000063e+00
4.060203116999999651e+01 4.138550551431362523e-01 2.133210188000000063e+00
4.081794508000000121e+01 4.107860928784640708e-01 2.113758601999999875e+00
4.098807548999999995e+01 9.279614853082826520e-02 2.112807613999999834e+00
4.089639959000000147e+01 3.526760274611739909e-01 2.131905847000000076e+00
4.082895916999999741e+01 3.271699442753143172e-01 2.142389657999999919e+00
4.082898646000000298e+01 3.272952190045497756e-01 2.142422267000000158e+00
4.089657698999999980e+01 3.533754968353942094e-01 2.131972572000000010e+00
4.098947780999999679e+01 9.466845446296612288e-02 2.112981984999999785e+00
4.081895679000000143e+01 4.116743951780577060e-01 2.114071684999999867e+00
4.060283002999999979e+01 4.143177289081525494e-01 2.133542249000000002e+00
4.041373249000000101e+01 3.874929039415526133e-01 2.149538739000000032e+00
4.027220770000000272e+01 3.598216564223565284e-01 2.160423594000000058e+00
4.018800613999999882e+01 3.456345748401404294e-01 2.166384830999999789e+00
3.998124803999999699e+01 1.910800878045080531e-01 2.201498550999999804e+00
4.001299789000000118e+01 2.089390108103098831e-01 2.198533841999999794e+00
4.010780510000000021e+01 2.568491342790849008e-01 2.189861257000000005e+00
4.026020659000000279e+01 3.138669874862238807e-01 2.175758474999999859e+00
4.045793057000000204e+01 3.592673962684704847e-01 2.156642725999999843e+00
4.068224510999999666e+01 3.775730390193298702e-01 2.133250396999999854e+00
4.090631952999999754e+01 3.512625938572166984e-01 2.107503949999999904e+00
4.106914654999999925e+01 1.134092798093902094e-01 2.101326688999999970e+00
4.101870156999999750e+01 2.459881587960328631e-01 2.115387205000000215e+00
4.101880737999999837e+01 2.462889580661813960e-01 2.115371083999999957e+00
4.107049501000000191e+01 1.159416622063537683e-01 2.101386020000000077e+00
4.090717099999999817e+01 3.519413165111889286e-01 2.107811440999999952e+00
4.068300981000000149e+01 3.779725831071006903e-01 2.133485274999999959e+00
4.045861612000000207e+01 3.596692007910496924e-01 2.156823201999999995e+00
4.026077125999999851e+01 3.142865746477664923e-01 2.175906746999999974e+00
4.010820688999999817e+01 2.572356987253510141e-01 2.189985908000000148e+00
4.001320608000000334e+01 2.091844919839889461e-01 2.198616520999999935e+00
3.990421800000000019e+01 7.069709364105029870e-02 2.213002567999999837e+00
3.993755894000000239e+01 1.214319146011291345e-01 2.210027669000000028e+00
4.003530629000000118e+01 2.031028875609067197e-01 2.201213639000000111e+00
4.019003802999999664e+01 2.764699317410022061e-01 2.186849474999999821e+00
4.038917118999999900e+01 3.290188532997976867e-01 2.167384499999999825e+00
4.061425215999999949e+01 3.501005827220493583e-01 2.143529184999999782e+00
4.083935078999999746e+01 3.269147421459220881e-01 2.116780961999999988e+00
4.102902670999999657e+01 2.456435274916670408e-01 2.090852084999999860e+00
4.112742372999999674e+01 6.682743581464420379e-02 2.084791887000000177e+00
4.112743159000000048e+01 6.686885089571296958e-02 2.084345681999999922e+00
4.102957911000000024e+01 2.460036645257062948e-01 2.091518197000000079e+00
4.083994818000000038e+01 3.271291963059299590e-01 2.117103623999999851e+00
4.061486898999999795e+01 3.503781791795201883e-01 2.143710849000000085e+00
4.038975032999999826e+01 3.293769090321583826e-01 2.167485398999999813e+00
4.019052568000000036e+01 2.768980466154434827e-01 2.186900885000000017e+00
4.003565810999999997e+01 2.035747420190964219e-01 2.201236460000000061e+00
3.993774315999999658e+01 1.218730998026919532e-01 2.210035690000000219e+00
