3.367950534999999945e+01 0.000000000000000000e+00 2.109534266999999907e+00
3.370817948999999913e+01 8.456431165055183774e-02 2.108489210000000114e+00
3.378982939000000130e+01 1.559365751378207210e-01 2.104826451000000098e+00
3.391218846999999670e+01 2.041395985801986168e-01 2.099797806000000211e+00
3.405709221000000042e+01 2.223901764473151244e-01 2.094875220000000038e+00
3.420366671000000025e+01 2.093623963733892424e-01 2.091113131999999819e+00
3.433198857000000004e+01 1.690333730336447127e-01 2.088901196000000127e+00
3.442613123999999658e+01 1.089217349130432999e-01 2.087978093999999896e+00
3.447567310000000163e+01 3.750067564855522062e-02 2.087748903000000045e+00
3.371426412999999656e+01 8.429376588004332260e-02 2.148337451000000176e+00
3.373494560999999692e+01 1.112013248588118036e-01 2.096172568000000069e+00
3.381076628999999656e+01 1.574971131196404583e-01 1.995408365000000073e+00
3.392420531999999866e+01 1.924551897950015911e-01 1.844125650999999921e+00
3.405798752999999834e+01 2.046744624154445136e-01 1.659913100000000030e+00
3.419215664000000032e+01 1.930584736429255266e-01 1.457284639999999909e+00
3.430784007999999830e+01 1.657217076787139143e-01 1.247965707000000091e+00
3.439079302999999754e+01 1.387904345013612761e-01 1.052582394999999948e+00
3.443336636000000084e+01 1.259852355334530882e-01 9.218580055999999745e-01
3.379587431000000208e+01 1.558292516000800709e-01 2.144580373000000151e+00
3.381134725999999802e+01 1.582875846035300127e-01 2.095596836999999990e+00
3.387079257999999982e+01 1.606963477631999093e-01 2.002537674000000045e+00
3.395883814999999828e+01 1.592464592127013634e-01 1.859389138000000052e+00
3.406045453000000123e+01 1.528724135626088332e-01 1.679637421000000019e+00
3.415818916999999999e+01 1.519742443159997902e-01 1.475797462999999921e+00
3.423636444000000267e+01 1.750211723091976701e-01 1.260429315000000106e+00
3.428604031999999791e+01 2.191746928391507254e-01 1.057733068000000110e+00
3.430798459999999750e+01 2.546381568400445383e-01 9.226855366999999752e-01
3.391816845000000313e+01 2.040292054638059294e-01 2.138352043999999896e+00
3.392565725000000043e+01 1.937999770545507927e-01 2.095266744999999986e+00
3.395972185000000110e+01 1.601922080271381277e-01 2.013515720000000009e+00
3.400757185999999876e+01 1.083433050185845375e-01 1.883418352999999934e+00
3.405691178000000008e+01 6.917323991050254584e-02 1.712646338999999962e+00
3.409390720999999758e+01 1.292545655359107759e-01 1.509730223999999899e+00
3.410846304999999745e+01 2.375505143856309065e-01 1.286686137000000008e+00
3.410146001999999754e+01 3.404571078139941864e-01 1.071732769000000030e+00
3.408848981999999950e+01 4.028865988504021778e-01 9.275845543999999832e-01
3.406297816000000012e+01 2.222466841893390721e-01 2.131955009999999984e+00
3.406050688999999920e+01 2.063809222868195903e-01 2.095794741000000183e+00
3.406244556000000046e+01 1.546608939831816409e-01 2.026783829999999842e+00
3.405805878999999692e+01 7.133648480577609030e-02 1.913154448000000007e+00
3.403721732000000344e+01 6.747828234562720795e-02 1.756740911999999932e+00
3.399011028999999695e+01 2.096905630946266641e-01 1.560273384000000041e+00
3.391467675999999898e+01 3.646306786206768291e-01 1.331765748000000027e+00
3.382696819000000232e+01 4.948114972981601523e-01 1.100811514999999963e+00
3.376456369999999652e+01 5.662246000540624991e-01 9.414631672000000062e-01
3.420943531999999720e+01 2.091949446122304823e-01 2.126702263999999953e+00
3.419586970999999664e+01 1.949800064499059293e-01 2.097973529999999975e+00
3.416144596000000178e+01 1.541454306448541700e-01 2.041881105999999946e+00
3.409641480999999885e+01 1.312051052768155313e-01 1.947292377999999990e+00
3.399154620000000193e+01 2.103307637843476741e-01 1.812006514999999984e+00
3.384063483999999988e+01 3.634695046596082002e-01 1.632406841000000108e+00
3.365120230000000134e+01 5.316679375727935142e-01 1.406945008000000108e+00
3.345931970000000177e+01 6.641721154971731433e-01 1.157119178999999942e+00
3.333263780000000054e+01 7.277828255625463649e-01 9.709182186999999464e-01
3.433763369999999782e+01 1.688711951994013305e-01 2.123247671000000114e+00
3.431281830000000355e+01 1.676216591447854953e-01 2.102170237999999802e+00
3.424098438000000044e+01 1.767362093735798390e-01 2.058717954000000017e+00
3.411248069999999899e+01 2.386783697496200063e-01 1.985133425999999979e+00
3.391779355999999979e+01 3.651949738609079343e-01 1.878409207000000025e+00
3.365302967000000223e+01 5.318847863683169308e-01 1.731286271999999959e+00
3.333361567000000036e+01 6.986110223041489542e-01 1.529103757999999980e+00
3.301565036000000219e+01 8.140940129195582964e-01 1.263670703000000062e+00
3.280664749000000313e+01 8.530050014262422486e-01 1.023796230000000085e+00
3.443167200999999977e+01 1.088030579479226378e-01 2.121482498000000216e+00
3.439698222999999899e+01 1.401094243394925276e-01 2.107605925000000102e+00
3.429197380000000095e+01 2.200750499737185450e-01 2.075786014000000179e+00
3.410695614000000120e+01 3.411207050937343221e-01 2.022973480000000102e+00
3.383180125999999888e+01 4.953440335934257144e-01 1.948488658000000040e+00
3.346318854999999814e+01 6.646072176519814967e-01 1.848018927999999894e+00
3.301806810000000070e+01 8.143989934738857794e-01 1.704558841000000102e+00
3.255907392000000300e+01 8.912623505131831436e-01 1.466579228999999929e+00
3.223784739999999971e+01 8.686229728903033243e-01 1.116600280999999972e+00
3.448115385999999916e+01 3.745705273883785658e-02 2.120842413000000093e+00
3.444037675999999948e+01 1.263387679690885779e-01 2.111804330000000007e+00
3.431480823999999785e+01 2.550374553392947830e-01 2.087819421999999925e+00
3.409499000999999652e+01 4.034173599411449707e-01 2.049237811999999881e+00
3.377058825999999669e+01 5.669083221236538295e-01 1.998132277000000068e+00
3.333802356000000344e+01 7.286038462566242213e-01 1.936623368000000012e+00
3.281121341000000058e+01 8.538963139563168214e-01 1.863776115999999927e+00
3.224127416000000323e+01 8.694110000800188143e-01 1.761891496000000057e+00
3.178355008000000126e+01 6.027603302204138647e-01 1.437410789999999938e+00
3.371420987999999852e+01 8.706617153409416943e-02 2.146447772999999781e+00
3.373341637000000048e+01 1.114882661984152312e-01 9.333138542000000148e-01
3.380951433999999978e+01 1.580234351419071703e-01 1.027821579999999901e+00
3.392337074000000285e+01 1.931551768958690574e-01 1.171791237000000097e+00
3.405766074999999660e+01 2.054762289285482213e-01 1.349186267000000106e+00
3.419238539999999915e+01 1.938917103437169942e-01 1.546903848999999997e+00
3.430863616999999977e+01 1.664836264262525012e-01 1.753329039999999894e+00
3.439211041000000080e+01 1.392790170157559293e-01 1.946721841000000008e+00
3.443502623999999912e+01 1.260936606986008124e-01 2.075956432999999990e+00
3.443502962000000167e+01 1.260863235578002783e-01 2.076600609999999847e+00
3.439211582000000078e+01 1.392754935692966656e-01 1.948476018999999893e+00
3.430863679000000133e+01 1.664933310126347210e-01 1.755753917999999913e+00
3.419237943000000257e+01 1.939027552554997424e-01 1.549543514000000011e+00
3.405765042000000165e+01 2.054799879105352056e-01 1.351701327000000008e+00
3.392335975999999675e+01 1.931510776377839966e-01 1.173933711999999963e+00
3.380950571000000338e+01 1.580145644491974533e-01 1.029375952999999955e+00
3.373341130000000021e+01 1.114819510152841864e-01 9.340496181999999870e-01
3.374051502999999741e+01 1.102270347589874994e-01 2.107487449999999818e+00
3.368621895999999794e+01 1.024017050093472131e-01 2.029581370999999912e+00
3.376207003999999756e+01 1.647120608868024305e-01 1.494502145000000004e+00
3.388270193999999691e+01 2.107881536698651137e-01 1.490139866999999896e+00
3.402556694999999820e+01 2.291988280816492363e-01 1.488413970999999947e+00
3.417008099000000243e+01 2.182555659109891300e-01 1.488553819999999916e+00
3.429659749000000346e+01 1.825649286567082585e-01 1.490241163999999952e+00
3.438941399000000132e+01 1.322727759076433862e-01 1.492559753999999961e+00
3.443825972999999863e+01 8.690250164591381554e-02 1.494237808000000056e+00
3.443826634999999925e+01 8.688860813638575598e-02 1.494314064999999969e+00
3.438943068999999753e+01 1.322553425534236660e-01 1.492713500000000026e+00
3.429661689999999652e+01 1.825596378686246690e-01 1.490285545999999961e+00
3.417009585000000271e+01 2.182617289015880147e-01 1.488252917000000064e+00
3.402557340999999980e+01 2.292096637801901704e-01 1.487487379999999915e+00
3.388270006999999850e+01 2.107962625456576422e-01 1.488125115000000109e+00
3.376206119999999800e+01 1.647089616085884167e-01 1.489871283000000046e+00
3.368564530999999818e+01 1.027571946439467115e-01 1.944551332999999937e+00
3.381603385999999745e+01 1.565974961082168548e-01 2.105757479999999848e+00
3.376612819999999715e+01 1.647767251994345095e-01 2.131148130000000140e+00
3.379642923000000110e+01 2.392494096203240939e-01 1.952191854000000060e+00
3.389187940000000054e+01 2.421209827808650517e-01 1.777162871999999894e+00
3.401009591999999770e+01 2.225789291602665865e-01 1.623433472000000100e+00
3.412902916000000175e+01 2.008326905919476102e-01 1.475442659000000045e+00
3.423072850999999872e+01 1.962981769005904820e-01 1.337780720999999895e+00
3.430273738999999722e+01 2.171698991306836302e-01 1.224179386000000092e+00
3.433930950999999965e+01 2.410096187123494105e-01 1.157010094999999961e+00
3.433933774999999855e+01 2.409727897241492611e-01 1.156738569999999910e+00
3.430280480999999781e+01 2.171034141700662612e-01 1.223269458000000087e+00
3.423079492000000101e+01 1.962953121427694902e-01 1.336008953000000110e+00
3.412905067999999886e+01 2.009303944400289144e-01 1.472513605000000059e+00
3.401003074999999853e+01 2.227330379484919465e-01 1.618886150000000024e+00
3.389167434000000156e+01 2.423156551665801850e-01 1.770050474000000040e+00
3.379596510999999737e+01 2.396735941316069929e-01 1.940229557000000105e+00
3.376530314000000033e+01 1.647843715049494007e-01 2.113852393999999801e+00
3.392899821000000316e+01 1.915149186949951787e-01 2.103293676999999917e+00
3.388670022000000159e+01 2.107484344408388222e-01 2.124443374000000162e+00
3.389347605999999757e+01 2.411918320281882522e-01 2.033123569999999880e+00
3.394380705999999748e+01 2.187582150528768199e-01 1.879016205999999967e+00
3.400676134999999789e+01 1.712108397667642945e-01 1.699856857000000110e+00
3.406413202000000240e+01 1.663533197319535528e-01 1.505060676999999902e+00
3.410354550999999645e+01 2.421478579104196227e-01 1.308663600000000038e+00
3.412175474000000008e+01 3.428491563882266058e-01 1.136478010000000038e+00
3.412598361999999952e+01 4.105606518249050874e-01 1.030564849999999977e+00
3.412602551999999889e+01 4.105423279813031345e-01 1.030164700000000044e+00
3.412185181000000256e+01 3.428120991926822403e-01 1.135140398000000106e+00
3.410363485999999966e+01 2.421438064626479370e-01 1.306112189000000035e+00
3.406415093999999755e+01 1.664827436794856230e-01 1.501015503999999945e+00
3.400665657999999780e+01 1.715164395725309321e-01 1.693947147000000042e+00
3.394352116999999680e+01 2.191948458103748776e-01 1.870534165000000026e+00
3.389291955000000200e+01 2.417233621198618954e-01 2.020705479000000082e+00
3.388587548999999655e+01 2.107458727307018886e-01 2.108331301999999852e+00
3.406215789000000171e+01 2.036568987445438461e-01 2.100365299999999991e+00
3.402948419999999885e+01 2.290989288405722579e-01 2.117256874999999816e+00
3.401274760999999813e+01 2.228703262554881659e-01 2.056138424999999881e+00
3.400815811999999738e+01 1.718603112743001815e-01 1.931779053999999940e+00
3.399581376999999804e+01 1.295849180276692214e-01 1.763359423000000037e+00
3.396403020999999711e+01 2.063259182082203547e-01 1.559447934999999896e+00
3.390985424000000137e+01 3.533722897694221987e-01 1.334648446000000099e+00
3.384591636999999764e+01 4.935395753303861155e-01 1.123355309999999996e+00
3.380075218000000348e+01 5.777567179025331345e-01 9.879182423000000268e-01
3.380080584000000243e+01 5.777452116070987964e-01 9.874456646000000504e-01
3.384603598000000346e+01 4.935091823629234042e-01 1.121751369000000054e+00
3.390995574000000090e+01 3.533412749097627481e-01 1.331600904000000085e+00
3.396404161000000244e+01 2.063559903317167266e-01 1.554761663000000071e+00
3.399568382000000355e+01 1.298532810228386070e-01 1.756847376000000072e+00
3.400783753999999703e+01 1.722664058486940430e-01 1.923011406999999950e+00
3.401216691999999853e+01 2.232260597719572526e-01 2.044218062000000113e+00
3.402865943999999843e+01 2.290877394926994215e-01 2.102553868000000215e+00
3.419558032999999853e+01 1.919855977485168674e-01 2.097581176999999908e+00
3.417389726999999766e+01 2.181300534911768951e-01 2.111098562000000012e+00
3.413260881000000069e+01 2.020662279438328879e-01 2.066773615999999869e+00
3.406690694000000263e+01 1.680387756299525359e-01 1.969805865999999961e+00
3.396560886999999695e+01 2.072164064684811069e-01 1.826907105999999947e+00
3.382316638000000353e+01 3.437000885411065076e-01 1.637634945999999925e+00
3.364820738000000233e+01 5.132432614456798881e-01 1.405418977999999930e+00
3.347573459000000184e+01 6.581421612046662872e-01 1.160951842000000012e+00
3.336507134000000008e+01 7.374945634433521802e-01 9.907395370999999562e-01
3.336514284999999802e+01 7.374790343159145500e-01 9.901948595999999769e-01
3.347588337999999908e+01 6.580942495712170937e-01 1.159071428999999931e+00
3.364831757999999695e+01 5.131719717290076366e-01 1.401912008999999903e+00
3.382316414000000293e+01 3.436221706658148523e-01 1.632474540000000029e+00
3.396545503000000110e+01 2.071694457447835203e-01 1.820094067999999954e+00
3.406656267000000327e+01 1.680922946702225473e-01 1.961114779000000086e+00
3.413201475999999701e+01 2.021490768873662469e-01 2.055592213999999807e+00
3.417307037999999864e+01 2.181115446355807452e-01 2.097835186000000185e+00
3.431042970000000025e+01 1.647323679555389997e-01 2.095489294000000058e+00
3.430030509000000194e+01 1.824662089273634547e-01 2.106782476999999876e+00
3.423515332000000200e+01 1.971392015916990093e-01 2.074123151999999859e+00
3.410766628999999739e+01 2.433499941770248531e-01 2.001853269000000157e+00
3.391312992999999665e+01 3.542237149164730869e-01 1.892721002000000041e+00
3.365014594000000159e+01 5.136435536848803496e-01 1.740366008000000075e+00
3.333657700999999918e+01 6.799671271858259702e-01 1.530482896000000093e+00
3.303076133999999797e+01 8.036384674390771865e-01 1.260573434000000104e+00
3.283551203999999757e+01 8.585084128006960080e-01 1.030384168999999961e+00
3.283562069999999977e+01 8.584727754623802110e-01 1.029746268000000020e+00
3.303095490999999839e+01 8.035450916495824325e-01 1.258305615000000044e+00
3.333668329999999713e+01 6.798486096391315181e-01 1.526502172000000046e+00
3.365011177000000231e+01 5.135017961223704575e-01 1.734885424000000009e+00
3.391294141000000195e+01 3.540289222193395147e-01 1.885816326000000043e+00
3.410729468000000253e+01 2.430887664854604058e-01 1.993381123000000033e+00
3.423454376000000110e+01 1.969201645448648563e-01 2.063657107000000046e+00
3.429947485000000285e+01 1.824441657490111779e-01 2.094789507000000217e+00
3.439256289000000066e+01 1.382208721219324588e-01 2.094321977999999973e+00
3.439302539999999908e+01 1.322804246669281314e-01 2.104350772000000092e+00
3.430786031000000236e+01 2.164303047239240219e-01 2.080153167000000192e+00
3.412704627000000102e+01 3.430580550962655795e-01 2.028516784999999878e+00
3.385077232999999808e+01 4.940828450452620646e-01 1.953977657999999895e+00
3.347970793999999728e+01 6.587249853858531123e-01 1.853035589999999955e+00
3.303328039000000160e+01 8.040937559128021883e-01 1.708148162999999942e+00
3.257719809999999683e+01 8.791538089877748430e-01 1.465315774000000015e+00
3.226528945999999820e+01 8.679801536028618481e-01 1.115927740000000057e+00
3.226549542000000059e+01 8.678724371507421376e-01 1.115203740999999971e+00
3.257742793999999975e+01 8.789752599488513951e-01 1.462420284000000015e+00
3.303332496000000162e+01 8.039333251359709331e-01 1.703820413999999950e+00
3.347959765000000232e+01 6.585536272443595074e-01 1.847501880000000041e+00
3.385052330999999981e+01 4.938415996806307384e-01 1.947184762000000013e+00
3.412663404999999983e+01 3.426998329514509001e-01 2.020310235000000176e+00
3.430722965999999730e+01 2.160328908340318210e-01 2.070238760000000067e+00
3.439219314000000338e+01 1.322580523495691385e-01 2.093294822999999916e+00
3.443457637000000204e+01 1.260066992543965314e-01 2.093920616000000123e+00
3.444181001999999836e+01 8.710288012454077411e-02 2.103349350999999867e+00
3.434483888999999834e+01 2.389916380202411206e-01 2.083949210000000107e+00
3.413198667999999714e+01 4.100850173886704808e-01 2.044843300000000141e+00
3.380660934000000140e+01 5.780540127016994267e-01 1.993175128999999934e+00
3.337044114999999778e+01 7.381856128579981080e-01 1.931602628000000044e+00
3.284013372999999802e+01 8.593920224992857015e-01 1.859331510999999937e+00
3.226880291999999884e+01 8.688486431130812981e-01 1.759025811000000106e+00
3.181344381999999982e+01 5.987326844834398587e-01 1.434901210999999899e+00
3.181388450000000034e+01 5.984283930747251734e-01 1.433181459999999907e+00
3.226884756999999837e+01 8.686165685063056419e-01 1.755694730000000092e+00
3.283999525000000119e+01 8.592343652455940450e-01 1.855103087999999900e+00
3.337019794999999789e+01 7.380241390461319551e-01 1.926272318999999955e+00
3.380627110999999729e+01 5.778263990167358255e-01 1.986590604000000093e+00
3.413152077000000162e+01 4.097384075469675535e-01 2.036849086999999781e+00
3.434418462000000005e+01 2.385748861292133483e-01 2.074341098000000105e+00
3.444097957999999693e+01 8.707593596347672216e-02 2.092788275999999836e+00
3.379585019000000301e+01 1.559168991589370001e-01 2.143319738999999835e+00
3.380995199000000184e+01 1.586119557458042506e-01 1.032351196000000026e+00
3.386964215999999794e+01 1.611649513779785936e-01 1.106740005000000027e+00
3.395806467999999967e+01 1.598787742993168226e-01 1.225669112000000061e+00
3.406015177999999821e+01 1.536250382221883426e-01 1.377838915000000108e+00
3.415841469000000075e+01 1.526983145602684722e-01 1.554283128000000014e+00
3.423713974000000348e+01 1.755071764574722415e-01 1.745578301000000110e+00
3.428732504999999975e+01 2.194012960408965041e-01 1.930358180999999895e+00
3.430960231000000249e+01 2.547374694780518145e-01 2.056401461000000097e+00
3.430961006999999796e+01 2.547289817820875268e-01 2.057884515000000025e+00
3.428733737999999676e+01 2.193919316187697421e-01 1.934183355000000049e+00
3.423714139999999873e+01 1.755183365349567148e-01 1.750520534000000072e+00
3.415840247999999946e+01 1.527197154939724522e-01 1.559356760000000008e+00
3.406013122000000237e+01 1.536324532471840254e-01 1.382447200000000098e+00
3.395804327999999828e+01 1.598695137063856353e-01 1.229436315999999918e+00
3.386962557999999746e+01 1.611497958946285503e-01 1.109364602999999949e+00
3.380994279000000091e+01 1.586021841384261666e-01 1.033493597999999958e+00
3.381588923000000335e+01 1.563960205507992085e-01 2.007739506000000063e+00
3.376482946000000140e+01 1.648677535149120355e-01 1.513181660000000095e+00
3.379511059000000017e+01 2.394765565482758762e-01 1.196716678999999894e+00
3.389108447000000268e+01 2.422719141002911136e-01 1.269016060000000001e+00
3.400977304999999973e+01 2.230418814103616587e-01 1.384816625000000023e+00
3.412914207000000033e+01 2.014245943263545391e-01 1.511711510999999897e+00
3.423122595000000246e+01 1.964865089943118870e-01 1.636808950999999901e+00
3.430353039999999964e+01 2.166147770480112977e-01 1.743787841000000061e+00
3.434025452000000200e+01 2.399575673573311196e-01 1.808557433999999908e+00
3.434025156999999950e+01 2.399586500336791939e-01 1.809296836999999991e+00
3.430352272999999741e+01 2.166203465767094216e-01 1.745797470999999934e+00
3.423121816999999822e+01 1.964869485348806899e-01 1.639639999999999986e+00
3.412914459000000278e+01 2.013895449894410883e-01 1.514961333000000021e+00
3.400980486000000269e+01 2.229448828113174685e-01 1.388255242999999917e+00
3.389117686000000162e+01 2.420807509480227548e-01 1.272603490000000059e+00
3.379531095000000107e+01 2.391275630691073739e-01 1.200459641999999993e+00
3.376495464999999996e+01 1.648431120212265621e-01 1.508646106000000042e+00
3.387514029999999821e+01 1.591753055762867852e-01 2.012615355999999966e+00
3.379982660000000294e+01 2.402810725090331612e-01 1.956666508000000082e+00
3.367432215000000184e+01 2.044761629609963549e-01 1.998297739000000073e+00
3.378598762000000022e+01 2.425878095308912907e-01 1.467813309999999927e+00
3.392373080000000130e+01 2.602798218967916632e-01 1.464899753999999943e+00
3.406305997999999846e+01 2.541975876108363841e-01 1.463993880999999941e+00
3.418502344000000193e+01 2.293558231908725820e-01 1.464559154000000030e+00
3.427448454000000311e+01 1.971365744076024884e-01 1.465864316000000001e+00
3.432155791999999650e+01 1.736361769791049392e-01 1.466859971000000096e+00
3.432156593999999927e+01 1.736319544532294590e-01 1.466756332000000107e+00
3.427450397999999865e+01 1.971333750176934851e-01 1.465539944000000094e+00
3.418504360000000020e+01 2.293650486160082047e-01 1.463980875999999931e+00
3.406307103000000325e+01 2.542180808422764837e-01 1.463109052000000077e+00
3.392372875000000221e+01 2.603025025015088811e-01 1.463576017000000062e+00
3.378597446999999931e+01 2.426034942332829514e-01 1.465440287000000064e+00
3.367373226000000130e+01 2.046007780116671226e-01 1.915326893000000030e+00
3.379945115000000300e+01 2.405642331578933535e-01 1.945394282000000086e+00
3.396286221999999810e+01 1.581217605309105656e-01 2.021340691999999883e+00
3.389585873000000049e+01 2.417022807700286990e-01 2.037148614999999996e+00
3.378998148000000157e+01 2.425275606664422934e-01 2.092414113999999881e+00
3.379121571999999674e+01 2.969246055388857219e-01 1.864082164000000041e+00
3.387862409000000241e+01 2.730251493149941089e-01 1.631320316000000048e+00
3.398111312999999711e+01 2.526481845695736084e-01 1.479011595000000012e+00
3.407127390000000133e+01 2.665318451012125278e-01 1.362366342999999924e+00
3.413549488000000309e+01 3.058651834441076245e-01 1.275907828000000022e+00
3.416814638000000315e+01 3.383287854580824816e-01 1.227945019000000082e+00
3.416817042000000271e+01 3.383041559991790681e-01 1.227394816999999971e+00
3.413554902999999996e+01 3.058317588083813154e-01 1.274191488999999899e+00
3.407131331000000074e+01 2.665779309802502328e-01 1.359287434999999933e+00
3.398107955999999774e+01 2.528041252002301564e-01 1.474159800000000020e+00
3.387843737000000033e+01 2.732085669990876320e-01 1.623685099000000021e+00
3.379070947999999674e+01 2.971946284923967507e-01 1.851142266999999952e+00
3.378913993999999832e+01 2.425315942434171368e-01 2.075489909999999938e+00
3.389532106000000056e+01 2.421564210982123377e-01 2.025707303999999986e+00
3.406401847000000060e+01 1.520917681610901295e-01 2.031209266999999929e+00
3.401392433000000182e+01 2.219448897625331263e-01 2.058476805999999826e+00
3.392762978999999746e+01 2.601842454218079026e-01 2.083807812999999953e+00
3.388081972999999891e+01 2.730801443023589403e-01 1.980434191999999927e+00
3.387508361999999806e+01 2.351792702584718786e-01 1.772193099999999966e+00
3.388247092000000293e+01 2.316794250143517087e-01 1.547368558999999921e+00
3.388476190000000088e+01 3.368738637910824174e-01 1.342841087000000044e+00
3.387845567000000102e+01 4.689196121844397269e-01 1.182951757000000104e+00
3.387098861999999855e+01 5.528068278514466360e-01 1.093552709999999983e+00
3.387102481000000154e+01 5.527877455473331203e-01 1.092757194000000043e+00
3.387853106000000025e+01 4.688944869598531406e-01 1.180362101999999913e+00
3.388479481000000249e+01 3.369221126124460897e-01 1.337969999000000021e+00
3.388236294000000015e+01 2.318781159752089371e-01 1.539633180000000046e+00
3.387473589999999746e+01 2.354621609480520850e-01 1.761018194000000037e+00
3.388016346999999939e+01 2.733190390990253293e-01 1.965796963000000064e+00
3.392679202000000060e+01 2.601846810798051357e-01 2.068160417000000084e+00
3.401331891000000240e+01 2.222507514588356603e-01 2.047590967000000095e+00
3.416115800000000036e+01 1.515429245225932975e-01 2.041436516000000090e+00
3.413247460000000189e+01 2.002939878697964637e-01 2.066029278999999885e+00
3.406684400999999696e+01 2.540937491553398320e-01 2.076107168000000058e+00
3.398439942000000258e+01 2.536643375407795498e-01 2.010514362999999971e+00
3.388440201000000229e+01 2.330579195951794358e-01 1.862334318999999905e+00
3.376400352999999654e+01 2.981362712622745437e-01 1.648162448999999974e+00
3.363176583999999991e+01 4.623551503702956755e-01 1.399202653999999990e+00
3.351344459999999970e+01 6.338152203640115001e-01 1.173037657999999928e+00
3.344301581999999939e+01 7.372251442469829330e-01 1.039419851999999977e+00
3.344306565000000120e+01 7.372026950111160160e-01 1.038430302000000083e+00
3.351353612999999854e+01 6.337757218013622129e-01 1.169694994999999960e+00
3.363177038999999979e+01 4.623305703252956200e-01 1.392843349999999925e+00
3.376381015999999846e+01 2.981160934750374802e-01 1.638586429999999927e+00
3.388395715000000052e+01 2.330684124885690767e-01 1.849938982000000065e+00
3.398370703999999876e+01 2.537036662638623707e-01 1.996188435999999955e+00
3.406601136999999824e+01 2.540920108800613364e-01 2.061732268000000090e+00
3.413182985000000258e+01 2.003621898703185911e-01 2.055889881000000141e+00
3.423863141000000354e+01 1.749575131068808465e-01 2.052049456999999855e+00
3.423369319999999760e+01 1.964058897439894813e-01 2.069404073999999927e+00
3.418868418999999648e+01 2.292837699564631293e-01 2.070351393999999789e+00
3.407529746000000159e+01 2.671700148552033638e-01 2.022229716000000010e+00
3.388827033999999827e+01 3.381171850628491571e-01 1.921135481999999950e+00
3.363394475999999855e+01 4.633042730333344350e-01 1.761860618999999906e+00
3.333956686999999874e+01 6.213010673190800803e-01 1.532184380999999984e+00
3.307042655000000053e+01 7.701604272250855976e-01 1.251180331000000034e+00
3.291276647000000111e+01 8.624855376776290328e-01 1.046789686999999969e+00
3.291284488000000152e+01 8.624382895270494842e-01 1.045565212000000077e+00
3.307053859999999901e+01 7.700646175024071782e-01 1.246929431000000088e+00
3.333951227000000017e+01 6.211538519306871731e-01 1.524559889999999918e+00
3.363365714999999767e+01 4.630902777993846087e-01 1.751426764000000080e+00
3.388776064999999704e+01 3.378890847362129857e-01 1.908633977999999898e+00
3.407459046000000313e+01 2.670471892574808326e-01 2.008560017999999836e+00
3.418785797000000315e+01 2.292813565324160197e-01 2.057070767999999994e+00
3.423302379999999800e+01 1.962211145010243907e-01 2.059986172999999976e+00
3.428759937000000235e+01 2.193474463383802697e-01 2.062546175000000037e+00
3.430523505000000029e+01 2.182756487686495495e-01 2.071460756000000014e+00
3.427803552000000309e+01 1.971412115603107529e-01 2.066812781999999959e+00
3.414003618000000273e+01 3.053406609094491686e-01 2.028548027999999892e+00
3.388312960999999746e+01 4.691612550352508015e-01 1.959524483999999900e+00
3.351754090000000019e+01 6.345691515588872678e-01 1.860774747000000007e+00
3.307315548999999777e+01 7.709924821398119743e-01 1.714861087000000062e+00
3.262760098999999769e+01 8.408146881256007843e-01 1.459824991000000072e+00
3.234265409999999719e+01 8.625408992765698502e-01 1.113115789999999938e+00
3.234281457000000159e+01 8.624062890871180276e-01 1.111559042000000108e+00
3.262770359000000298e+01 8.405824015692954232e-01 1.454329251999999961e+00
3.307297598000000249e+01 7.707269284361576434e-01 1.706607369999999957e+00
3.351714395999999851e+01 6.343040077669795940e-01 1.850365851999999922e+00
3.388256185000000187e+01 4.688978436897848767e-01 1.947382130000000044e+00
3.413931551000000297e+01 3.051570302564147741e-01 2.015469261999999873e+00
3.427721686999999662e+01 1.971391467389956298e-01 2.054320103999999869e+00
3.430455354000000057e+01 2.179375502204189408e-01 2.062605823999999810e+00
3.430906045999999776e+01 2.548788075220150273e-01 2.070000729999999844e+00
3.434149759999999674e+01 2.428069115376119691e-01 2.072662597999999967e+00
3.432503786000000190e+01 1.737253005346610368e-01 2.065213158000000160e+00
3.417295949999999749e+01 3.369728387056896146e-01 2.031819225000000007e+00
3.387628672999999679e+01 5.523625954763939916e-01 1.979269063999999911e+00
3.344820366999999806e+01 7.375291069328491211e-01 1.916298336000000102e+00
3.291742582999999911e+01 8.632400144909671003e-01 1.844717828000000059e+00
3.234634250999999949e+01 8.635193551930794298e-01 1.748675879999999960e+00
3.189853666999999859e+01 5.858417585440360842e-01 1.426690943999999961e+00
3.189890266999999824e+01 5.854463367025973808e-01 1.423631175999999998e+00
3.234620312999999925e+01 8.631434612895821923e-01 1.742663639999999958e+00
3.291704624999999851e+01 8.629822762861050212e-01 1.836721397000000033e+00
3.344768437999999833e+01 7.373093844250275808e-01 1.906283275999999915e+00
3.387565665000000337e+01 5.521467427301682829e-01 1.967495140000000031e+00
3.417222025000000230e+01 3.368091654099480969e-01 2.019090461999999864e+00
3.432422686999999684e+01 1.737246791232401888e-01 2.053128561999999935e+00
3.434081814000000321e+01 2.424200782203337068e-01 2.064116122000000164e+00
3.391815082000000103e+01 2.040444820910919110e-01 2.137269938000000202e+00
3.392446205000000248e+01 1.941588012087574755e-01 1.181921084999999927e+00
3.395872468000000310e+01 1.605838317317906938e-01 1.230033745000000067e+00
3.400689117999999667e+01 1.088410803508464003e-01 1.314728034999999906e+00
3.405664216000000266e+01 6.981575020040035884e-02 1.430139991000000110e+00
3.409411809000000204e+01 1.295147564076241098e-01 1.573189538000000054e+00
3.410919189999999901e+01 2.376497559273465787e-01 1.738633730000000099e+00
3.410268006999999812e+01 3.405370002477053348e-01 1.907095643999999979e+00
3.409003220000000312e+01 4.030115856693937126e-01 2.025993388999999922e+00
3.409004634000000067e+01 4.030003737340517866e-01 2.028324508999999942e+00
3.410270356000000191e+01 3.405135022235619702e-01 1.912995983999999927e+00
3.410919837000000143e+01 2.376370697204286120e-01 1.746003997999999946e+00
3.409410265000000351e+01 1.295238808761075000e-01 1.580428589999999911e+00
3.405661442000000250e+01 6.982766856467161054e-02 1.436391428999999942e+00
3.400686250999999771e+01 1.088325837551010061e-01 1.319578667999999899e+00
3.395870267000000098e+01 1.605737422383541058e-01 1.233249757999999918e+00
3.392444993000000153e+01 1.941533680207790102e-01 1.183230648999999968e+00
3.392863696999999945e+01 1.911756247809822951e-01 1.857681214999999941e+00
3.388538496000000322e+01 2.107620422750959843e-01 1.504951903999999896e+00
3.389212514999999826e+01 2.416887850481429234e-01 1.275762709000000106e+00
3.394288775999999785e+01 2.193541624593450257e-01 1.301302538000000064e+00
3.400635007999999715e+01 1.718304087543612024e-01 1.402340936000000093e+00
3.406424636999999933e+01 1.668435775801831999e-01 1.535848091999999943e+00
3.410416078000000084e+01 2.422657177230298220e-01 1.683022900000000099e+00
3.412278098000000170e+01 3.426564238449339439e-01 1.820327577000000030e+00
3.412723409000000174e+01 4.101822638744264671e-01 1.908939818999999982e+00
3.412723477000000116e+01 4.101664321748244024e-01 1.910649540999999951e+00
3.412277876000000276e+01 3.426284475832658272e-01 1.824837706000000059e+00
3.410415255000000201e+01 2.422502618985544198e-01 1.689020033999999892e+00
3.406424161999999711e+01 1.668087222860429875e-01 1.542154291999999982e+00
3.400637073000000044e+01 1.716976060356190104e-01 1.408182052999999989e+00
3.394296320000000122e+01 2.191201319948855308e-01 1.306146808999999909e+00
3.389228055000000239e+01 2.414391461672267536e-01 1.278801835000000109e+00
3.388552121000000028e+01 2.107638617923645041e-01 1.502758247000000047e+00
3.396264052000000078e+01 1.578847686668916617e-01 1.869164892999999994e+00
3.389530048000000306e+01 2.420495097853309352e-01 1.786400360000000020e+00
3.378867715999999888e+01 2.425055609378352905e-01 1.481670131000000001e+00
3.379007545999999707e+01 2.973200532732188095e-01 1.269894024000000066e+00
3.387814655999999758e+01 2.734238046310959458e-01 1.357064513000000083e+00
3.398109388999999680e+01 2.531199287094201278e-01 1.460950721999999979e+00
3.407158525999999910e+01 2.666370325679705000e-01 1.554650206999999895e+00
3.413602714000000304e+01 3.054539747173485309e-01 1.629670226000000000e+00
3.416877825000000257e+01 3.376214134110023246e-01 1.673077874999999937e+00
3.416877514000000104e+01 3.376249386449985956e-01 1.673733766000000012e+00
3.413602026000000222e+01 3.054582206856630844e-01 1.631514251000000026e+00
3.407158360999999758e+01 2.666201035164593169e-01 1.557421817999999902e+00
3.398111817000000201e+01 2.530542743347699575e-01 1.464459184999999941e+00
3.387823799000000236e+01 2.732949896921686994e-01 1.361325893999999925e+00
3.379029414000000031e+01 2.970882012919793813e-01 1.274673300999999981e+00
3.378879540999999875e+01 2.425319750362720517e-01 1.479212449999999901e+00
3.389517888000000312e+01 2.421059822214590429e-01 1.780239627000000047e+00
3.401036432000000076e+01 1.066291077185430869e-01 1.890836573999999937e+00
3.394649428000000313e+01 2.181019977480390115e-01 1.885168041000000017e+00
3.379387155999999948e+01 2.966299184280603018e-01 1.868452138999999956e+00
3.360266726999999776e+01 3.142904768660223502e-01 1.941638919999999935e+00
3.373012639000000235e+01 3.286942251862121078e-01 1.431662516999999912e+00
3.386366106999999914e+01 3.257959976079501940e-01 1.428695065999999958e+00
3.398054766999999998e+01 3.097378811370027352e-01 1.427477636000000105e+00
3.406627474999999805e+01 2.896754362711954633e-01 1.427337870999999980e+00
3.411137642999999997e+01 2.760828285807758187e-01 1.427485300999999929e+00
3.411138033000000291e+01 2.760866768402197580e-01 1.427303616999999969e+00
3.406628251000000063e+01 2.896885967507095705e-01 1.426800212000000068e+00
3.398055071999999655e+01 3.097603897525513794e-01 1.426598728000000094e+00
3.386365256999999929e+01 3.258217110640159730e-01 1.427454172000000021e+00
3.373010517000000164e+01 3.287144655594446130e-01 1.429751578000000078e+00
3.360204462000000092e+01 3.142918232880676510e-01 1.862007573999999943e+00
3.379343709999999845e+01 2.968036698748233171e-01 1.856783271999999929e+00
3.394621663000000211e+01 2.184205118378843014e-01 1.878160617000000032e+00
3.405947315000000231e+01 6.915557682447767696e-02 1.917315686000000019e+00
3.400957084000000208e+01 1.706370530522332563e-01 1.934798876999999973e+00
3.388208138000000247e+01 2.723945181680107464e-01 1.981952278000000067e+00
3.373398479000000094e+01 3.286353882491572231e-01 2.028995032000000087e+00
3.368405097000000126e+01 3.366630192907617558e-01 1.776988841999999957e+00
3.374217240000000118e+01 3.198957063461996264e-01 1.506262838999999909e+00
3.381449864999999733e+01 3.524938528489032219e-01 1.360716929999999936e+00
3.386932860999999662e+01 4.069522966653371099e-01 1.272649074000000047e+00
3.389769125000000116e+01 4.458819128216297001e-01 1.228091553000000058e+00
3.389770440000000207e+01 4.458710125113477529e-01 1.227331559000000016e+00
3.386934997000000180e+01 4.069588758062753775e-01 1.270261987999999898e+00
3.381447658999999817e+01 3.526092564129800211e-01 1.356306838999999931e+00
3.374201081999999730e+01 3.201460528694035634e-01 1.498715180000000036e+00
3.368353150000000085e+01 3.368641794735952599e-01 1.763461627000000087e+00
3.373311849000000251e+01 3.286421152125226786e-01 2.012159658999999934e+00
3.388141050000000121e+01 2.725626294240671155e-01 1.969078129999999982e+00
3.400919969000000265e+01 1.709767679870432544e-01 1.927716377999999953e+00
3.409610744999999810e+01 1.304025956875590475e-01 1.946769476000000054e+00
3.406673296999999678e+01 1.667677553868441021e-01 1.968585126000000018e+00
3.398445882000000040e+01 2.524655273664736521e-01 2.009517290999999872e+00
3.386738523999999728e+01 3.257432135330380341e-01 2.018650591000000105e+00
3.374475621999999930e+01 3.212795518863359456e-01 1.912783550999999971e+00
3.364699266000000222e+01 2.811297831339868991e-01 1.663437373000000052e+00
3.358202720999999968e+01 4.032395277673700429e-01 1.392441620999999907e+00
3.354117984999999891e+01 5.762298240930470161e-01 1.201652179999999959e+00
3.352030906000000243e+01 6.773756552267995446e-01 1.108375287999999959e+00
3.352033263999999946e+01 6.773544250028848968e-01 1.107198311000000102e+00
3.354120730000000350e+01 5.762219680543418932e-01 1.197705757999999898e+00
3.358193345000000107e+01 4.033591685783531333e-01 1.384613242999999994e+00
3.364661080999999854e+01 2.812339370947123385e-01 1.650812189000000041e+00
3.374403481000000227e+01 3.212888668991389363e-01 1.896776436999999982e+00
3.386651966000000158e+01 3.257646988128293786e-01 2.002833260000000060e+00
3.398370905000000164e+01 2.524821257230325244e-01 1.997044747999999981e+00
3.406629717999999940e+01 1.668315425762700865e-01 1.961694282000000067e+00
3.411018284000000023e+01 2.385508164548694465e-01 1.978517349999999952e+00
3.410575003999999666e+01 2.431759726553573697e-01 1.995324196000000105e+00
3.407429545000000104e+01 2.669674830904167906e-01 2.018250394999999919e+00
3.398413177999999846e+01 3.097253690063987430e-01 2.010454750000000068e+00
3.381814031999999770e+01 3.533872347193701136e-01 1.944055826999999903e+00
3.358454033999999666e+01 4.050451703614143528e-01 1.794249559000000049e+00
3.332591289999999873e+01 5.184901304632074659e-01 1.538344039999999913e+00
3.311829823000000061e+01 7.072690567213671953e-01 1.242281670999999976e+00
3.301393854999999888e+01 8.365325090796987828e-01 1.071296250999999922e+00
3.301398340000000076e+01 8.364822240851723656e-01 1.069718694999999942e+00
3.311832497000000330e+01 7.072009974671552568e-01 1.236634435999999893e+00
3.332568595000000045e+01 5.183332057156512240e-01 1.527601503000000083e+00
3.358398748999999839e+01 4.047807570489284079e-01 1.779783128999999908e+00
3.381736382999999790e+01 3.532995152670367900e-01 1.928164693000000041e+00
3.398327050000000327e+01 3.097648086594361194e-01 1.995465011999999927e+00
3.407351799999999997e+01 2.668928903536547104e-01 2.006449777999999906e+00
3.410526947000000320e+01 2.429740933146754267e-01 1.988744290000000081e+00
3.410266399999999720e+01 3.411507243782266330e-01 2.009838913999999921e+00
3.412350785999999658e+01 3.440216526088724636e-01 2.016572818999999850e+00
3.413817114999999802e+01 3.069391821505360607e-01 2.021721043999999967e+00
3.406973691999999687e+01 2.897285843905485492e-01 2.005054619000000038e+00
3.387352246999999750e+01 4.066916418473339734e-01 1.954138949999999930e+00
3.354529344000000179e+01 5.768411152506432993e-01 1.866356224000000008e+00
3.312128948000000150e+01 7.085857582357913964e-01 1.724952759000000002e+00
3.269896838999999744e+01 7.705134299554260435e-01 1.453336732999999992e+00
3.245609422999999794e+01 8.428491728106284331e-01 1.109704988999999919e+00
3.245620523000000190e+01 8.427001991659293090e-01 1.107582258999999958e+00
3.269893789000000339e+01 7.702252405543487113e-01 1.445526977999999962e+00
3.312087919999999741e+01 7.081977739012466078e-01 1.713145128000000073e+00
3.354463176000000146e+01 5.765615277306992414e-01 1.851980509000000108e+00
3.387271762000000308e+01 4.065913335407300711e-01 1.938680520999999990e+00
3.406888169999999860e+01 2.897867882721545385e-01 1.990628548999999969e+00
3.413739145000000264e+01 3.068305494027649405e-01 2.010518187999999817e+00
3.412300127000000316e+01 3.437240909009535161e-01 2.010332936000000181e+00
3.408933635000000351e+01 4.033106462727558128e-01 2.031537639000000173e+00
3.412741590000000258e+01 4.117520788102547180e-01 2.029281874000000041e+00
3.417058966999999825e+01 3.397967404897472288e-01 2.023195893000000023e+00
3.411476226999999994e+01 2.761903333358042278e-01 2.002452701999999807e+00
3.390213870000000185e+01 4.448904456672495011e-01 1.957879833000000014e+00
3.352514481000000046e+01 6.771096781614676097e-01 1.896103958000000089e+00
3.301857762000000207e+01 8.369901453539555503e-01 1.824984669000000004e+00
3.245999053999999973e+01 8.438553150175427398e-01 1.733932116999999939e+00
3.202596281999999661e+01 5.620120393809553416e-01 1.414918037999999934e+00
3.202624824000000103e+01 5.615448566919664097e-01 1.410753450999999936e+00
3.245968175000000144e+01 8.433555449152738692e-01 1.725605129000000071e+00
3.301798847999999964e+01 8.366680096580230153e-01 1.813630158000000048e+00
3.352439955999999910e+01 6.769030779817098997e-01 1.882184827999999976e+00
3.390130709999999681e+01 4.448227850568699515e-01 1.942722099000000036e+00
3.411391163999999776e+01 2.762653053324960473e-01 1.988305924000000058e+00
3.416982145000000060e+01 3.396748643611474661e-01 2.012339375999999902e+00
3.412690445999999866e+01 4.114314710936447517e-01 2.023277987999999805e+00
3.406296232999999773e+01 2.222443130119775567e-01 2.130879151999999888e+00
3.405955311000000307e+01 2.067574216434380219e-01 1.365247440000000090e+00
3.406163884000000053e+01 1.549640891303681045e-01 1.386956226999999986e+00
3.405749844999999709e+01 7.143127597345715063e-02 1.435041623000000044e+00
3.403699110000000161e+01 6.702602562727048852e-02 1.507518968000000070e+00
3.399029450999999824e+01 2.094425894005020605e-01 1.607241592000000052e+00
3.391532780000000002e+01 3.645091331784989230e-01 1.735457940999999948e+00
3.382808468999999718e+01 4.948313966717665102e-01 1.878917587999999972e+00
3.376599416999999903e+01 5.663890469809502726e-01 1.987148909000000074e+00
3.376601943000000006e+01 5.663717973897701707e-01 1.990369424000000054e+00
3.382813036999999667e+01 4.947820135889975934e-01 1.886895323000000069e+00
3.391535111999999685e+01 3.644521166244754640e-01 1.745023847999999989e+00
3.399028651999999795e+01 2.094016740888136607e-01 1.616135859999999980e+00
3.403696532000000019e+01 6.700479722751703782e-02 1.514729699000000096e+00
3.405747019999999736e+01 7.144069678968190118e-02 1.440280530999999975e+00
3.406161720000000059e+01 1.549701813259951599e-01 1.390216482000000031e+00
3.405954117000000281e+01 2.067603379474689806e-01 1.366456721000000041e+00
3.406153240999999809e+01 2.032334166128905995e-01 1.674343949000000054e+00
3.402816079000000116e+01 2.290847420097174292e-01 1.502399880000000021e+00
3.401152095999999858e+01 2.233229094608923104e-01 1.394886728999999992e+00
3.400729298000000256e+01 1.723560029904813162e-01 1.407692316000000110e+00
3.399539132999999680e+01 1.297855887138341935e-01 1.473236412000000106e+00
3.396410094000000157e+01 2.062592735630945084e-01 1.573971655000000025e+00
3.391043432000000024e+01 3.533057360744844000e-01 1.701111709000000083e+00
3.384694766999999871e+01 4.934999785172790587e-01 1.834133384000000033e+00
3.380204597000000177e+01 5.777211377119578772e-01 1.927085501000000090e+00
3.380205841000000078e+01 5.776959562001514614e-01 1.929828139999999914e+00
3.384697006999999758e+01 4.934436572461353143e-01 1.841159964999999898e+00
3.391044615999999934e+01 3.532521926385516209e-01 1.709914895000000046e+00
3.396410466999999755e+01 2.062120041599050380e-01 1.582438878000000049e+00
3.399540915000000041e+01 1.296832397481858523e-01 1.480179541999999904e+00
3.400735258000000272e+01 1.722039276478097292e-01 1.412537119000000008e+00
3.401164339000000325e+01 2.231906727821739156e-01 1.397166976000000060e+00
3.402830164000000224e+01 2.290927997272769190e-01 1.501150200000000101e+00
3.406352077999999750e+01 1.516467773714520462e-01 1.688720436000000102e+00
3.401301665999999813e+01 2.219411888976932645e-01 1.632927462999999912e+00
3.392631482000000176e+01 2.601513520311162786e-01 1.476270326999999938e+00
3.387958753000000200e+01 2.734462878902806926e-01 1.364622476999999945e+00
3.387437066999999757e+01 2.356457219437686768e-01 1.389637153000000014e+00
3.388235199999999736e+01 2.320454720261100057e-01 1.488514595999999912e+00
3.388515870999999891e+01 3.369451558141301484e-01 1.608394308000000050e+00
3.387922161000000187e+01 4.687109128761475230e-01 1.716172964999999939e+00
3.387192911000000350e+01 5.524387352370506710e-01 1.781750025000000015e+00
3.387193082000000288e+01 5.524179193776018737e-01 1.783493251999999973e+00
3.387922731999999826e+01 4.686606269188427487e-01 1.720937734000000052e+00
3.388517543999999759e+01 3.368831209182225894e-01 1.615036351000000092e+00
3.388240066000000184e+01 2.319519356188112502e-01 1.495678247999999932e+00
3.387448061999999993e+01 2.354880215180883973e-01 1.395891671000000001e+00
3.387975769999999898e+01 2.733246577195335147e-01 1.367994954999999901e+00
3.392644187999999872e+01 2.601844059444921031e-01 1.474767613999999893e+00
3.401302236000000079e+01 2.220009871554820269e-01 1.629362597999999940e+00
3.405918744000000231e+01 6.861325946160035105e-02 1.719382238999999979e+00
3.400911478999999815e+01 1.705204460039934922e-01 1.706265106999999892e+00
3.388132304999999889e+01 2.723585041537436857e-01 1.639350571999999895e+00
3.373271297000000146e+01 3.285547616210804378e-01 1.443359773000000068e+00
3.368305795999999930e+01 3.370778486091749460e-01 1.293734799999999963e+00
3.374192259000000149e+01 3.204590776737321067e-01 1.392834455000000027e+00
3.381466333000000191e+01 3.526857942262252577e-01 1.487200993999999943e+00
3.386971962999999874e+01 4.066887266068581752e-01 1.554833182000000091e+00
3.389817636000000078e+01 4.453759689269590205e-01 1.591697276999999966e+00
3.389817412000000019e+01 4.453686917319503724e-01 1.592414154999999942e+00
3.386971831999999694e+01 4.066581933082064615e-01 1.556919383999999962e+00
3.381468241000000319e+01 3.526085287530028034e-01 1.490553650999999924e+00
3.374200625999999659e+01 3.203251010599171278e-01 1.397491288999999970e+00
3.368326732999999962e+01 3.369267775759067773e-01 1.299094992999999976e+00
3.373279321999999780e+01 3.286231520742488588e-01 1.441225081000000019e+00
3.388120657999999707e+01 2.724850769274692608e-01 1.633132720999999954e+00
3.400900259000000148e+01 1.707312402358740766e-01 1.701944816999999999e+00
3.403835102000000035e+01 6.923932552063863377e-02 1.760516643000000103e+00
3.399707305999999818e+01 1.296967518457352309e-01 1.766444840999999988e+00
3.387675611000000231e+01 2.343514814245121480e-01 1.775424262000000031e+00
3.368620888000000235e+01 3.357566386679448622e-01 1.780502186000000098e+00
3.343613334999999864e+01 4.163155729263522953e-01 1.863589651000000069e+00
3.356210053000000215e+01 4.123175774033061569e-01 1.390699055000000017e+00
3.367619177000000263e+01 3.981510431869013655e-01 1.387026255000000097e+00
3.375988257000000203e+01 3.817369954515740238e-01 1.385088741999999984e+00
3.380391635000000150e+01 3.710344108900920923e-01 1.384240200000000032e+00
3.380391439000000275e+01 3.710393337991476637e-01 1.384033212000000068e+00
3.375987544000000184e+01 3.817490361954086753e-01 1.384476341999999915e+00
3.367617735999999695e+01 3.981628828436060696e-01 1.386009615999999944e+00
3.356207857999999788e+01 4.123211193476581382e-01 1.389092902000000018e+00
3.343545261999999951e+01 4.162128940967751434e-01 1.787980042999999908e+00
3.368570766999999933e+01 3.359122619829513212e-01 1.768632741000000008e+00
3.387638127000000310e+01 2.345738623307140613e-01 1.766793564999999955e+00
3.399686854000000125e+01 1.299432586452347882e-01 1.761841227999999981e+00
3.399116335000000078e+01 2.115955770672597602e-01 1.811438952000000047e+00
3.396536026999999791e+01 2.079832716272579651e-01 1.825520457000000096e+00
3.388453185000000190e+01 2.324820570612423920e-01 1.860931639999999998e+00
3.374520652000000354e+01 3.199895093740965923e-01 1.911971335000000050e+00
3.356572426999999692e+01 4.123191982894545138e-01 1.942933269999999935e+00
3.345495693000000159e+01 3.518691875283225245e-01 1.681069761999999912e+00
3.347337856000000045e+01 3.977554175456233798e-01 1.384613477999999898e+00
3.351340480999999727e+01 4.848259794765388819e-01 1.259032772000000078e+00
3.353708873000000068e+01 5.354513406821830301e-01 1.207559529000000076e+00
3.353709003000000166e+01 5.354477327655329244e-01 1.206571819999999962e+00
3.351338459000000114e+01 4.848758071225486299e-01 1.255778778000000040e+00
3.347324241999999828e+01 3.980271714983146802e-01 1.377798085000000006e+00
3.345442256999999842e+01 3.519940155367292101e-01 1.667156687000000082e+00
3.356480616999999711e+01 4.123213272881950386e-01 1.925927935000000035e+00
3.374442702000000338e+01 3.199725031463613312e-01 1.898302814000000005e+00
3.388398627000000118e+01 2.324938459813110370e-01 1.851624257999999967e+00
3.396507920999999897e+01 2.079919305833188570e-01 1.820844031999999890e+00
3.391555763000000212e+01 3.661504250398425753e-01 1.871979207000000089e+00
3.391107977000000062e+01 3.550323866270365114e-01 1.885606383000000053e+00
3.388675940000000253e+01 3.384468644783230618e-01 1.914840451999999971e+00
3.381739273000000168e+01 3.531906668261173832e-01 1.940330912000000074e+00
3.367965499000000307e+01 3.982032242468085403e-01 1.931456540999999971e+00
3.347628665999999953e+01 3.997644068171677390e-01 1.831845327999999995e+00
3.326901390999999819e+01 3.852189344356550249e-01 1.554415335000000065e+00
3.314708793999999870e+01 6.066061634651346290e-01 1.245162405000000083e+00
3.310342160999999805e+01 7.475707809430626183e-01 1.111623719000000010e+00
3.310343504000000081e+01 7.475340535372833051e-01 1.109966264000000091e+00
3.314703802999999738e+01 6.066303541301935054e-01 1.239014599000000105e+00
3.326861912999999760e+01 3.851172352662409759e-01 1.541478805999999979e+00
3.347548530000000255e+01 3.995599617969436412e-01 1.814909732000000053e+00
3.367872211000000249e+01 3.982407029054416681e-01 1.914961064000000102e+00
3.381653981000000186e+01 3.531524741413687440e-01 1.926865548000000095e+00
3.388611877999999678e+01 3.382847169570139534e-01 1.905659521000000023e+00
3.391073696000000126e+01 3.549044111479514596e-01 1.881034120000000032e+00
3.382763013000000285e+01 4.958293633655393440e-01 1.935583524999999971e+00
3.384693782000000084e+01 4.948354705327145386e-01 1.940845844999999903e+00
3.388020656999999858e+01 4.704583753055391337e-01 1.948652988999999947e+00
3.387194158999999871e+01 4.080899575760647546e-01 1.947932908000000074e+00
3.376321192999999710e+01 3.818526712344324503e-01 1.923577115000000060e+00
3.351725814000000270e+01 4.849334144624622978e-01 1.861594779999999894e+00
3.315030102000000056e+01 6.082649306154888080e-01 1.738228520000000055e+00
3.277240427000000267e+01 6.583996385581015742e-01 1.451190521000000011e+00
3.258428823999999935e+01 7.947990504697149960e-01 1.110257652000000039e+00
3.258434983000000074e+01 7.946580035285478738e-01 1.107833295000000051e+00
3.277223532000000006e+01 6.580634803764139340e-01 1.441385235999999903e+00
3.314966454999999712e+01 6.077873726914831964e-01 1.723445155999999923e+00
3.351637922999999830e+01 4.847704713415900701e-01 1.844707952999999900e+00
3.376226984000000186e+01 3.819239664008415303e-01 1.907379426000000100e+00
3.387107410000000129e+01 4.080620680658285648e-01 1.934891052000000000e+00
3.387952574999999911e+01 4.702704869127039555e-01 1.939909974999999953e+00
3.384655191000000229e+01 4.946463650655021915e-01 1.936530126999999935e+00
3.376506968000000342e+01 5.668258436613337059e-01 1.980601446999999959e+00
3.380160371000000197e+01 5.787239953475848964e-01 1.975936504999999954e+00
3.387253359000000330e+01 5.542376847235965798e-01 1.965517855999999952e+00
3.390010757000000297e+01 4.472740173535191821e-01 1.950181296000000009e+00
3.380716663999999838e+01 3.711945075427651730e-01 1.919645975999999976e+00
3.354126947000000314e+01 5.346197377919170712e-01 1.868595199000000040e+00
3.310788922999999784e+01 7.474807507024184838e-01 1.802523784999999990e+00
3.258835502000000162e+01 7.956393946765798475e-01 1.718102090999999998e+00
3.217641740999999911e+01 5.241051770526027331e-01 1.402653080000000108e+00
3.217661625000000214e+01 5.235721975229014058e-01 1.397550639999999955e+00
3.258789385000000038e+01 7.950451980797348384e-01 1.707736711999999990e+00
3.310712013999999925e+01 7.471296918340117887e-01 1.788231799999999927e+00
3.354034657999999780e+01 5.345070508273289667e-01 1.851950050999999986e+00
3.380621852000000160e+01 3.712907501832401480e-01 1.903575983000000083e+00
3.389924617999999867e+01 4.472441954925891472e-01 1.937414374000000050e+00
3.387184873999999724e+01 5.540583312743622146e-01 1.957132931000000076e+00
3.380120068000000089e+01 5.785146865994523768e-01 1.971863228999999995e+00
3.420941651999999777e+01 2.091835289934224629e-01 2.125486298999999857e+00
3.419517781999999784e+01 1.953538327195011581e-01 1.567983960999999926e+00
3.416085260999999917e+01 1.543382735521656446e-01 1.567956888999999965e+00
3.409599550000000079e+01 1.309811963015559688e-01 1.583267686999999979e+00
3.399137158999999997e+01 2.099192239783740643e-01 1.613019175000000027e+00
3.384077659999999810e+01 3.631485053664654239e-01 1.663434553000000093e+00
3.365173352000000051e+01 5.314915185268230813e-01 1.742623540999999943e+00
3.346028189999999825e+01 6.641826001302038041e-01 1.849576456000000091e+00
3.333391643000000215e+01 7.279921822836131762e-01 1.942772654000000099e+00
3.333396330000000063e+01 7.279632505345076110e-01 1.946944017999999943e+00
3.346037232999999844e+01 6.640942451185103401e-01 1.859520848000000059e+00
3.365179661999999894e+01 5.313818114196136033e-01 1.753815619000000048e+00
3.384079579000000138e+01 3.630630536253993124e-01 1.673118102999999968e+00
3.399136379000000119e+01 2.098764006037741325e-01 1.620304836999999942e+00
3.409597972000000254e+01 1.309874667184316444e-01 1.588172876000000011e+00
3.416083935000000338e+01 1.543583106912496949e-01 1.570778733999999899e+00
3.419516995000000037e+01 1.953639141268791735e-01 1.568870720999999913e+00
3.419466275999999993e+01 1.915220587162661525e-01 1.471609920999999988e+00
3.417256657000000075e+01 2.181093755587256433e-01 1.502363984999999902e+00
3.413153063000000031e+01 2.023280157733550744e-01 1.524320699000000001e+00
3.406614958000000115e+01 1.680671614116543977e-01 1.545873175000000099e+00
3.396520462000000151e+01 2.068881761090487770e-01 1.579836843999999907e+00
3.382316465000000250e+01 3.433832980595287743e-01 1.634897443000000061e+00
3.364866031999999763e+01 5.130823924146427073e-01 1.718281546999999909e+00
3.347664359000000189e+01 6.581573831102670580e-01 1.824355267999999919e+00
3.336627666999999775e+01 7.376301197108575680e-01 1.910225610999999990e+00
3.336631204999999767e+01 7.375937456910457435e-01 1.914038627999999909e+00
3.347671615000000145e+01 6.580658109335292272e-01 1.833727840999999970e+00
3.364871916999999968e+01 5.129807628257313512e-01 1.729144553000000029e+00
3.382320011000000193e+01 3.433101502342735256e-01 1.644355449000000080e+00
3.396523911999999967e+01 2.068533037131738417e-01 1.586747774000000000e+00
3.406621083999999655e+01 1.680445728642795122e-01 1.550063726000000086e+00
3.413163915999999887e+01 2.022954107593208373e-01 1.525921805000000075e+00
3.417271034000000185e+01 2.181164347444513874e-01 1.501662260000000026e+00
3.416034874999999715e+01 1.510090170735159387e-01 1.483683797999999943e+00
3.413128171000000322e+01 1.999685534361025363e-01 1.484008567000000056e+00
3.406552297000000351e+01 2.540596350563017469e-01 1.474475873999999909e+00
3.398325413999999967e+01 2.537947018700910107e-01 1.471045042000000080e+00
3.388364425999999696e+01 2.329764957146950310e-01 1.494842935000000095e+00
3.376375773000000180e+01 2.979113893653353440e-01 1.554664733000000076e+00
3.363207036000000016e+01 4.622663716656684740e-01 1.648039470000000062e+00
3.351421292999999935e+01 6.337880885075406479e-01 1.752330476000000026e+00
3.344402778999999981e+01 7.371681490829847805e-01 1.823867785000000019e+00
3.344405121999999864e+01 7.371255356762201894e-01 1.826839150999999939e+00
3.351427244999999999e+01 6.336877177490544133e-01 1.760156841999999999e+00
3.363214545999999672e+01 4.621660589644714934e-01 1.657887765999999985e+00
3.376384259000000299e+01 2.978421317919242584e-01 1.563452711999999911e+00
3.388375094999999959e+01 2.329240393756608629e-01 1.500606572999999999e+00
3.398338832000000309e+01 2.537631778903846613e-01 1.473118109999999925e+00
3.406565807999999862e+01 2.540916969322549179e-01 1.473386174000000048e+00
3.413136283000000049e+01 2.000479517243158312e-01 1.481915995999999902e+00
3.409548619000000258e+01 1.299238369925685976e-01 1.515477522999999938e+00
3.406585995999999739e+01 1.663128460311835144e-01 1.510871716999999892e+00
3.398332812000000303e+01 2.521249690155430989e-01 1.486714003999999978e+00
3.386609945000000010e+01 3.256719256517152661e-01 1.438470270000000051e+00
3.374363069999999709e+01 3.213397713140415113e-01 1.400575812999999892e+00
3.364644479999999760e+01 2.812057668736420157e-01 1.438641016000000050e+00
3.358213786000000312e+01 4.033948892788765117e-01 1.541202181999999921e+00
3.354173090999999829e+01 5.761278710161836791e-01 1.640763227999999962e+00
3.352104908999999822e+01 6.771016880453907261e-01 1.698198550999999945e+00
3.352106284999999986e+01 6.770588024048768139e-01 1.700176115999999960e+00
3.354177863999999687e+01 5.760105830160864304e-01 1.646369337000000099e+00
3.358223574000000156e+01 4.032561251537757907e-01 1.549221991000000020e+00
3.364659702000000152e+01 2.811212786882618109e-01 1.446332932000000016e+00
3.374378697000000216e+01 3.212777266127999631e-01 1.404125650999999975e+00
3.386619367000000125e+01 3.257421557148372226e-01 1.437006465999999927e+00
3.398335730000000154e+01 2.522941097511949837e-01 1.483109707999999971e+00
3.406585903999999942e+01 1.664561397390696418e-01 1.508211342000000066e+00
3.399080852000000164e+01 2.114385474355037486e-01 1.563577699000000099e+00
3.396488381000000345e+01 2.077263043958547939e-01 1.562398801000000059e+00
3.388388785000000070e+01 2.320338215997087838e-01 1.551381212999999981e+00
3.374432668000000035e+01 3.194799793220575723e-01 1.512892016999999978e+00
3.356452354999999699e+01 4.121673345563117707e-01 1.400629982999999967e+00
3.345411616999999893e+01 3.521664557622634084e-01 1.311065702999999916e+00
3.347331817999999970e+01 3.982398940710041857e-01 1.419812099000000050e+00
3.351368088000000256e+01 4.847081996834902706e-01 1.498598517000000019e+00
3.353748639999999881e+01 5.350487340053265983e-01 1.536360541999999940e+00
3.353749121999999971e+01 5.350151768423336840e-01 1.537283323000000035e+00
3.351370868000000058e+01 4.845936048772274130e-01 1.501416493000000019e+00
3.347341567000000140e+01 3.980388014576548561e-01 1.424756013999999960e+00
3.345433294000000046e+01 3.520904257514815283e-01 1.317242895999999996e+00
3.356454585000000179e+01 4.122707514541807394e-01 1.398680286000000050e+00
3.374418830999999841e+01 3.197885630470815310e-01 1.506847424000000046e+00
3.388374832000000225e+01 2.322794483326357240e-01 1.546023495000000025e+00
3.396480346999999966e+01 2.078206977591310900e-01 1.559435874999999916e+00
3.384009181999999782e+01 3.652107367406303151e-01 1.631967928999999984e+00
3.382275314999999694e+01 3.453925963729818083e-01 1.636518627999999920e+00
3.376406165000000215e+01 2.994395955574275514e-01 1.647278086999999891e+00
3.364777389999999713e+01 2.812272815164932327e-01 1.663774241000000043e+00
3.345657279000000273e+01 3.508058825720334895e-01 1.683003306999999893e+00
3.318284666000000271e+01 4.678342940807968531e-01 1.772316793999999973e+00
3.329482005999999927e+01 4.505126885449444729e-01 1.354775797000000059e+00
3.337993806000000063e+01 4.315122286722623546e-01 1.350823308000000056e+00
3.342473657000000031e+01 4.195444248597857140e-01 1.348948833999999986e+00
3.342473188999999678e+01 4.195454157398436079e-01 1.348740480000000019e+00
3.337992598999999672e+01 4.315109559535934003e-01 1.350186313000000027e+00
3.329480571999999938e+01 4.505005614295281569e-01 1.353559669000000021e+00
3.318210041999999760e+01 4.676194985714687280e-01 1.701469418000000067e+00
3.345597708999999753e+01 3.509519305482927676e-01 1.670909525999999978e+00
3.364730448000000251e+01 2.813706363718587178e-01 1.654290794000000009e+00
3.376374550999999968e+01 2.994856974995405152e-01 1.640918410000000049e+00
3.382259597000000184e+01 3.453912185685213410e-01 1.633376641999999990e+00
3.365086036999999664e+01 5.333029760310541434e-01 1.725393173000000058e+00
3.364808073999999749e+01 5.150380201646971301e-01 1.733592887999999999e+00
3.363224620999999814e+01 4.644981551194369840e-01 1.755038815000000030e+00
3.358344095999999723e+01 4.054959989615521398e-01 1.788581777999999955e+00
3.347590251999999822e+01 3.989897881151004411e-01 1.828610948999999986e+00
3.329811123999999722e+01 4.506014823787494183e-01 1.842967617000000002e+00
3.313558779000000243e+01 3.191439449300693676e-01 1.584029742000000018e+00
3.311795071000000235e+01 4.781156834121181864e-01 1.274260654000000104e+00
3.313277460999999846e+01 5.671124641582728776e-01 1.188959179000000033e+00
3.313276537000000133e+01 5.671129608757403684e-01 1.187619133999999965e+00
3.311786096000000157e+01 4.783011144295372663e-01 1.269143989000000028e+00
3.313506181000000339e+01 3.191563446669858362e-01 1.570303264999999948e+00
3.329714157000000085e+01 4.505507135681673381e-01 1.825906859000000049e+00
3.347500820999999860e+01 3.988574082080310057e-01 1.814270241000000006e+00
3.358274471000000005e+01 4.053033168103712391e-01 1.778083379999999991e+00
3.363178119999999893e+01 4.643535452982028300e-01 1.748402537999999895e+00
3.364785026999999928e+01 5.149676880890382558e-01 1.730430399999999924e+00
3.345918540000000263e+01 6.653778539464764163e-01 1.835603950000000095e+00
3.347584638000000012e+01 6.595551333261380211e-01 1.839838566000000064e+00
3.351412841999999870e+01 6.355962719211579737e-01 1.848155403000000030e+00
3.354266607000000278e+01 5.781722479953763649e-01 1.856113949000000041e+00
3.351579149999999885e+01 4.862269005472603101e-01 1.855736722000000061e+00
3.338307720000000245e+01 4.316799387657853648e-01 1.832410086000000105e+00
3.312120606999999950e+01 4.795061424653741522e-01 1.751650619999999936e+00
3.282042650999999722e+01 4.897472534783244291e-01 1.461478221999999993e+00
3.269963281999999793e+01 6.967682119299498655e-01 1.125340642000000058e+00
3.269964731999999685e+01 6.966649319060874701e-01 1.122847280000000003e+00
3.282011440000000135e+01 4.894002598226930845e-01 1.450010154000000107e+00
3.312037047999999828e+01 4.790912478327201129e-01 1.734959943000000004e+00
3.338207967000000309e+01 4.316633281550679158e-01 1.815379011000000098e+00
3.351484336000000042e+01 4.861526924445366271e-01 1.841468110999999963e+00
3.354188080000000127e+01 5.779821983320835299e-01 1.845878464000000108e+00
3.351356794000000150e+01 6.353977359163244243e-01 1.841831145000000003e+00
3.347555289999999673e+01 6.594345451416689929e-01 1.836873959999999917e+00
3.333266884999999746e+01 7.285657630139219521e-01 1.919272786000000064e+00
3.336532825999999829e+01 7.384716656957989178e-01 1.913791395000000062e+00
3.344374667999999673e+01 7.385422064686937293e-01 1.899991992999999990e+00
3.352171548999999828e+01 6.789909437861474384e-01 1.883277534999999947e+00
3.353931535000000252e+01 5.369758483472629740e-01 1.861331309999999961e+00
3.342779068000000109e+01 4.197634426135211094e-01 1.827054367999999984e+00
3.313672868999999821e+01 5.662745691436337214e-01 1.775638940999999971e+00
3.270373301000000055e+01 6.971030163746206876e-01 1.703215587000000086e+00
3.232751025999999683e+01 4.693683958459154426e-01 1.393547912999999916e+00
3.232761254999999778e+01 4.687507128472613860e-01 1.387466168000000000e+00
3.270312744999999666e+01 6.964494006604210474e-01 1.690877173000000067e+00
3.313581424000000197e+01 5.659857435469590747e-01 1.759152021000000010e+00
3.342677685999999682e+01 4.197702742177057411e-01 1.809999490999999905e+00
3.353836376999999658e+01 5.369001262168352495e-01 1.847251358000000065e+00
3.352091429000000034e+01 6.788238387214406977e-01 1.873435913000000008e+00
3.344314992000000331e+01 7.383505460330201942e-01 1.894076478999999980e+00
3.336499906000000237e+01 7.383245334946726413e-01 1.911090165999999924e+00
3.433760837999999893e+01 1.688564177837501290e-01 2.121820277999999949e+00
3.431239141999999731e+01 1.679547049697531769e-01 1.777010704000000052e+00
3.424061319999999853e+01 1.768167862974875382e-01 1.762847639000000077e+00
3.411221339000000086e+01 2.384970436684087647e-01 1.753511996999999933e+00
3.391767493999999772e+01 3.649253463327101210e-01 1.747461858999999951e+00
3.365311179999999780e+01 5.316497726488198516e-01 1.750107016000000071e+00
3.333397458000000313e+01 6.984715232221997416e-01 1.771517631999999898e+00
3.301638676000000316e+01 8.141161539297364635e-01 1.824993174000000051e+00
3.280772996000000319e+01 8.532563412773523925e-01 1.894125083000000043e+00
3.280782173000000057e+01 8.532059543665256873e-01 1.899435038000000020e+00
3.301655797000000092e+01 8.139784946085658612e-01 1.836553762999999950e+00
3.333410139000000072e+01 6.983203467347016691e-01 1.783099326000000096e+00
3.365317572000000013e+01 5.315389846644313909e-01 1.759203816000000087e+00
3.391769939000000278e+01 3.648657271052318518e-01 1.753764821999999945e+00
3.411222041999999988e+01 2.384814196021738386e-01 1.757419920000000024e+00
3.424061444000000165e+01 1.768261458624152960e-01 1.764881863999999911e+00
3.431239013999999798e+01 1.679628138624572053e-01 1.777443899999999966e+00
3.430920799999999815e+01 1.642905967558727087e-01 1.260285439000000007e+00
3.429896724000000319e+01 1.824605290851292194e-01 1.504065615000000022e+00
3.423421478000000207e+01 1.970113334987317610e-01 1.651221768999999950e+00
3.410702804999999671e+01 2.430385234997973765e-01 1.696816062999999986e+00
3.391275513000000075e+01 3.538561879519587228e-01 1.712748321999999934e+00
3.365005103000000020e+01 5.133410766763510935e-01 1.725682195000000085e+00
3.333682500999999831e+01 6.797984528781703117e-01 1.752842325000000034e+00
3.303143808000000092e+01 8.036684453102871384e-01 1.809189774000000028e+00
3.283654324999999830e+01 8.587370274549066540e-01 1.875867402999999989e+00
3.283662465999999824e+01 8.586802845025955921e-01 1.880910934000000090e+00
3.303159916999999979e+01 8.035346165553028941e-01 1.820501452000000020e+00
3.333695612999999724e+01 6.796619389947288203e-01 1.764303487000000059e+00
3.365013568999999904e+01 5.132535471847445852e-01 1.734512155000000000e+00
3.391282149999999973e+01 3.538326025256523510e-01 1.718525094999999947e+00
3.410710495000000009e+01 2.430665478473534868e-01 1.699917088999999937e+00
3.423432236000000017e+01 1.970427312697294597e-01 1.652205404000000044e+00
3.429911177000000322e+01 1.824606978822468362e-01 1.503710311999999938e+00
3.423749255999999974e+01 1.745437435595716125e-01 1.266506024999999980e+00
3.423225862000000319e+01 1.960849485841244244e-01 1.345113146000000093e+00
3.418735855999999984e+01 2.292549204974739518e-01 1.474512381000000039e+00
3.407424601999999680e+01 2.670090964067872163e-01 1.566064418999999930e+00
3.388754054999999710e+01 3.377254297654510573e-01 1.619134070999999953e+00
3.363357961999999901e+01 4.628760458358980312e-01 1.655279388999999934e+00
3.333964456999999726e+01 6.210649512256982696e-01 1.697730748999999983e+00
3.307100691000000126e+01 7.701991954493490056e-01 1.762923143000000081e+00
3.291368923999999652e+01 8.626245329719124388e-01 1.825084691000000037e+00
3.291376025999999655e+01 8.625553747510327218e-01 1.829455473999999970e+00
3.307116992000000266e+01 7.700606792971728121e-01 1.773505260000000083e+00
3.333980247000000219e+01 6.209466299453105798e-01 1.708817385999999994e+00
3.363370079999999973e+01 4.628117048171523917e-01 1.663279398000000020e+00
3.388764905000000027e+01 3.377175390722378379e-01 1.623409512999999915e+00
3.407436816999999962e+01 2.670248956276093932e-01 1.567252317999999978e+00
3.418750019000000151e+01 2.292779518086953960e-01 1.473745765000000096e+00
3.423238211000000319e+01 1.961538312792806549e-01 1.343927665999999910e+00
3.410919369999999873e+01 2.382758959302557489e-01 1.291127954000000022e+00
3.410449676999999724e+01 2.427518594048281020e-01 1.313501811999999935e+00
3.407292907000000071e+01 2.667087461865645381e-01 1.369151186000000076e+00
3.398283607999999845e+01 3.096686693224595111e-01 1.436402194000000021e+00
3.381707112000000137e+01 3.532053259172314719e-01 1.496869264000000088e+00
3.358384619000000271e+01 4.045573029977863611e-01 1.548428361999999892e+00
3.332576844999999821e+01 5.181821143952927144e-01 1.608349808999999908e+00
3.311874956999999853e+01 7.073216270833971864e-01 1.688308096999999952e+00
3.301471389999999673e+01 8.365381047653043245e-01 1.748142773999999955e+00
3.301477483000000035e+01 8.364546693794199239e-01 1.751652870999999889e+00
3.311891801000000157e+01 7.071515557727895418e-01 1.697676323000000043e+00
3.332596579999999875e+01 5.180782885962634809e-01 1.618729461000000036e+00
3.358399859000000021e+01 4.044813538332485692e-01 1.554898125000000020e+00
3.381718796999999910e+01 3.531865551449697715e-01 1.498801932999999975e+00
3.398294495999999754e+01 3.097307942689558891e-01 1.435342118999999972e+00
3.407303292999999655e+01 2.668255338614575201e-01 1.367006020000000044e+00
3.410456764999999990e+01 2.428463464568831054e-01 1.311915508000000008e+00
3.391479086999999737e+01 3.660112557725616056e-01 1.334555096000000107e+00
3.391012098000000208e+01 3.547396049572432708e-01 1.337411954000000014e+00
3.388562277999999850e+01 3.379928075961461387e-01 1.346891029000000017e+00
3.381614932000000096e+01 3.528219093502538706e-01 1.366969993999999966e+00
3.367842754000000127e+01 3.980780205081028700e-01 1.395337301999999946e+00
3.347528007999999744e+01 3.994971609497455223e-01 1.427464891999999930e+00
3.326861018999999686e+01 3.849424442414490777e-01 1.487618692000000076e+00
3.314737931999999887e+01 6.066961537756382361e-01 1.585723105000000022e+00
3.310401159999999976e+01 7.473981937831285505e-01 1.645144238000000092e+00
3.310405979000000087e+01 7.473013988476605585e-01 1.647687772000000050e+00
3.314754101999999847e+01 6.064544189118012962e-01 1.593245755999999957e+00
3.326884276999999912e+01 3.848536203788759935e-01 1.496773955000000100e+00
3.347541652999999684e+01 3.993757688387169491e-01 1.431284192999999982e+00
3.367847181999999862e+01 3.981754688534304698e-01 1.394066637000000108e+00
3.381616607000000130e+01 3.530402828032792595e-01 1.363660671999999963e+00
3.388563789999999898e+01 3.381534792760969577e-01 1.343728948000000090e+00
3.391013249000000229e+01 3.548002676999727489e-01 1.335581432999999985e+00
3.365041155000000117e+01 5.332474837676364210e-01 1.407012431000000063e+00
3.364752804999999825e+01 5.148999714562811914e-01 1.405153904000000065e+00
3.363156582999999955e+01 4.641626414937147227e-01 1.399606393000000004e+00
3.358262248999999855e+01 4.048540234442700725e-01 1.394634211999999929e+00
3.347494641000000115e+01 3.982323491478056976e-01 1.389666196999999936e+00
3.329702885999999751e+01 4.503739163791822819e-01 1.362916977999999890e+00
3.313491804000000229e+01 3.191951789356705094e-01 1.343416624999999920e+00
3.311805864000000099e+01 4.783167618006780586e-01 1.455649519000000058e+00
3.313311330999999882e+01 5.667670230308464729e-01 1.506652450999999893e+00
3.313314095999999864e+01 5.666735374387956714e-01 1.508016317999999911e+00
3.311817719999999809e+01 4.780129774869374959e-01 1.460216565000000077e+00
3.313515911999999730e+01 3.191838914300030305e-01 1.350554760000000076e+00
3.329698379999999958e+01 4.504978785677345443e-01 1.361326403000000074e+00
3.347477123000000176e+01 3.986668196239703255e-01 1.384104444000000100e+00
3.358246229000000227e+01 4.051134827538423466e-01 1.389154836999999976e+00
3.363145851000000164e+01 4.642440523396913488e-01 1.395633614999999939e+00
3.364747638000000052e+01 5.149136009794678115e-01 1.403121231000000080e+00
3.333154025999999703e+01 7.000865536698216429e-01 1.524559175999999905e+00
3.333457139000000069e+01 6.815085821847035596e-01 1.525286928999999958e+00
3.333788669999999854e+01 6.230126561119568862e-01 1.526955779999999985e+00
3.332482835999999793e+01 5.203493484912277145e-01 1.533915488999999965e+00
3.326880947000000077e+01 3.867218270185222573e-01 1.551750978999999919e+00
3.313652812000000125e+01 3.186087259397614724e-01 1.583751809000000010e+00
3.290136787000000140e+01 4.281251583959705398e-01 1.681377456000000103e+00
3.298823895000000306e+01 4.039868594106960642e-01 1.332692937000000022e+00
3.303586350999999866e+01 3.880275659938374755e-01 1.329740866999999938e+00
3.303586035000000010e+01 3.880253572996957834e-01 1.329524216000000036e+00
3.298823337999999694e+01 4.039767799578054541e-01 1.331921635000000048e+00
3.290059449000000313e+01 4.277809368599775897e-01 1.619600272000000007e+00
3.313585181999999918e+01 3.187017298657106035e-01 1.571761933999999972e+00
3.326825611000000293e+01 3.867147022341923535e-01 1.541949857000000090e+00
3.332442666000000031e+01 5.202823014038531202e-01 1.526805210000000024e+00
3.333763231999999732e+01 6.229511503403841743e-01 1.522447593999999960e+00
3.333444970000000040e+01 6.814753389068126666e-01 1.523121203999999951e+00
3.301431978000000100e+01 8.153723681544107205e-01 1.693291528999999906e+00
3.302957995999999952e+01 8.050786803359855082e-01 1.696042097000000082e+00
3.306967113999999697e+01 7.720156103678427195e-01 1.702560397000000059e+00
3.311822603000000242e+01 7.096883699371582255e-01 1.713467934999999942e+00
3.314793104999999684e+01 6.094413267259028988e-01 1.728956447000000063e+00
3.311989489999999847e+01 4.803444924030522700e-01 1.746286229999999939e+00
3.299116261999999722e+01 4.041284413586585522e-01 1.745227309999999976e+00
3.280253921999999989e+01 2.748293397549250727e-01 1.496958154999999957e+00
3.276474919999999713e+01 5.090486987938351859e-01 1.179813443000000017e+00
3.276472505000000268e+01 5.090431402206050393e-01 1.177619984999999980e+00
3.280209152999999844e+01 2.746149635102348996e-01 1.484380057999999947e+00
3.299021039000000144e+01 4.040034437140034296e-01 1.728845039000000083e+00
3.311895504000000301e+01 4.801096605095271364e-01 1.732019529000000002e+00
3.314713883000000294e+01 6.091041706851770821e-01 1.718218926000000035e+00
3.311762328999999738e+01 7.094019776408286848e-01 1.706152646999999911e+00
3.306926976999999823e+01 7.718311159134176869e-01 1.698111638000000090e+00
3.302938049000000120e+01 8.049937278544885277e-01 1.693956017000000092e+00
3.280602345999999869e+01 8.539853357573805592e-01 1.846521421999999912e+00
3.283504639000000225e+01 8.596147603047274988e-01 1.841425206999999897e+00
3.291265190000000018e+01 8.638239873414358394e-01 1.827391715000000083e+00
3.301434199999999919e+01 8.381394058549265225e-01 1.809554987000000059e+00
3.310449602999999996e+01 7.494274414827907238e-01 1.790452045000000103e+00
3.313467385999999948e+01 5.689449108540040045e-01 1.768700326999999906e+00
3.303868993999999759e+01 3.882430064495512312e-01 1.738674086999999924e+00
3.276853632000000260e+01 5.083148318332147975e-01 1.688941202999999946e+00
3.245721730999999721e+01 3.929975284130927671e-01 1.392942977999999998e+00
3.245719894999999866e+01 3.922348797109354579e-01 1.385409361000000006e+00
3.276778102000000104e+01 5.077133590892877191e-01 1.674619212000000079e+00
3.303771741999999989e+01 3.881363088879798418e-01 1.722134164999999939e+00
3.313372604999999993e+01 5.687156624751245060e-01 1.754557256000000010e+00
3.310366665000000097e+01 7.491369364417497234e-01 1.780147925000000075e+00
3.301366687000000155e+01 8.378694653145127846e-01 1.802761330000000051e+00
3.291216424999999646e+01 8.636052013930354265e-01 1.823405928999999981e+00
3.283478655999999773e+01 8.594846423382519474e-01 1.839620014999999942e+00
3.443163949000000201e+01 1.087909244278807558e-01 2.119874960000000197e+00
3.439679576000000338e+01 1.403134874179609581e-01 1.969205797000000091e+00
3.429180868000000260e+01 2.200934266846755749e-01 1.949386438000000110e+00
3.410683275000000236e+01 3.410359100870604676e-01 1.925346844999999973e+00
3.383173726999999786e+01 4.952273786107203590e-01 1.896293886999999900e+00
3.346320651999999995e+01 6.645055492752057757e-01 1.865152428000000029e+00
3.301821546000000041e+01 8.143406779125827999e-01 1.836279038000000030e+00
3.255947753000000233e+01 8.912922430234448967e-01 1.819817983999999944e+00
3.223867182000000042e+01 8.688946120800008499e-01 1.837375235000000107e+00
3.223886837999999955e+01 8.687958575642149572e-01 1.844629819999999976e+00
3.255975123999999710e+01 8.911182514235478358e-01 1.831659440999999999e+00
3.301838639999999714e+01 8.142030737910177507e-01 1.845763172000000063e+00
3.346329802999999714e+01 6.644164721146710306e-01 1.871780589999999966e+00
3.383178465999999673e+01 4.951760172638616786e-01 1.900541567000000098e+00
3.410685755000000086e+01 3.410097785557535954e-01 1.927776284999999978e+00
3.429182124999999814e+01 2.200816373058662179e-01 1.950497359999999958e+00
3.439679956999999888e+01 1.403074464151893019e-01 1.969239393999999921e+00
3.439105422000000090e+01 1.379221636428187570e-01 1.060097917000000001e+00
3.439168194999999884e+01 1.323188932585162014e-01 1.506431896999999909e+00
3.430703176000000099e+01 2.158808992550462491e-01 1.759097173000000014e+00
3.412651111000000270e+01 3.426400658840210722e-01 1.836452095999999923e+00
3.385042791000000051e+01 4.937872663434360043e-01 1.850232810999999922e+00
3.347952178999999973e+01 6.585172323992809496e-01 1.839196025999999984e+00
3.303327884000000125e+01 8.039633561037412557e-01 1.820142632000000038e+00
3.257750938000000218e+01 8.791468400057301791e-01 1.808218110000000101e+00
3.226606600000000213e+01 8.682400266533295552e-01 1.826803541000000086e+00
3.226625368999999921e+01 8.681347052937170572e-01 1.833868502000000067e+00
3.257778241999999835e+01 8.789862892664978000e-01 1.820008403999999969e+00
3.303345862999999838e+01 8.038442274258476017e-01 1.829439814000000109e+00
3.347963594000000143e+01 6.584545096072368375e-01 1.845458110000000040e+00
3.385051763999999963e+01 4.937744857016819755e-01 1.853967391000000076e+00
3.412660335999999717e+01 3.426662590380847861e-01 1.838260116999999916e+00
3.430714333000000238e+01 2.159274692670324347e-01 1.759565253999999968e+00
3.439182353000000347e+01 1.323089780537627935e-01 1.506282534999999978e+00
3.428614884999999646e+01 2.191344347410104643e-01 1.061395636000000087e+00
3.430361580000000288e+01 2.182736798172495996e-01 1.230369395999999949e+00
3.427670698000000016e+01 1.971236481977081401e-01 1.475456804000000011e+00
3.413905556000000274e+01 3.049429011605612194e-01 1.641654890999999949e+00
3.388244067000000115e+01 4.687383667717883728e-01 1.729401084999999894e+00
3.351709404999999720e+01 6.342160805934744516e-01 1.765355588000000031e+00
3.307296059000000099e+01 7.707256815473747524e-01 1.773012094999999899e+00
3.262779461000000225e+01 8.407441655279893622e-01 1.774454889000000035e+00
3.234336327999999838e+01 8.627697516270408373e-01 1.796835774000000052e+00
3.234354554000000093e+01 8.626442929589864805e-01 1.803395722999999951e+00
3.262808678999999756e+01 8.406003650240041480e-01 1.786106004999999941e+00
3.307315493000000117e+01 7.706152970809522218e-01 1.781758149000000069e+00
3.351722095000000223e+01 6.341628652697004487e-01 1.770621121000000020e+00
3.388254933999999707e+01 4.687381454229793132e-01 1.731901495000000013e+00
3.413917624999999845e+01 3.049715216617162605e-01 1.642235246999999898e+00
3.427684997000000067e+01 1.971327058170791180e-01 1.474999369000000060e+00
3.430375188000000009e+01 2.183185865447112295e-01 1.229786682000000075e+00
3.410131937999999963e+01 3.409914554815278165e-01 1.074628061999999940e+00
3.412194571999999937e+01 3.438055408986127603e-01 1.140281968000000035e+00
3.413665456999999748e+01 3.069661620668069357e-01 1.281966104999999967e+00
3.406843459000000252e+01 2.896895571198217501e-01 1.435737309999999933e+00
3.387250577999999734e+01 4.063547581832194777e-01 1.565061354000000016e+00
3.354456916000000177e+01 5.764021131203581616e-01 1.651670594999999908e+00
3.312087614000000002e+01 7.081513889386686911e-01 1.697344186999999893e+00
3.269902746999999721e+01 7.703536760011799878e-01 1.720641588999999971e+00
3.245672669000000354e+01 8.430289188080042351e-01 1.751291986000000023e+00
3.245690426000000173e+01 8.428688281234356650e-01 1.757162737000000030e+00
3.269934984999999728e+01 7.702210853302212668e-01 1.732065114000000072e+00
3.312107609000000252e+01 7.080172787604773754e-01 1.705140603999999893e+00
3.354468686999999960e+01 5.763376994521678398e-01 1.655441302000000059e+00
3.387260735000000267e+01 4.063682173689766586e-01 1.566000824000000069e+00
3.406855428000000074e+01 2.897346300346692050e-01 1.435085165000000051e+00
3.413678906999999896e+01 3.070108589095862928e-01 1.280810956999999917e+00
3.412204914000000144e+01 3.438770483768682218e-01 1.139446981999999942e+00
3.382644657000000166e+01 4.956987112896072967e-01 1.103064210999999961e+00
3.384555344999999704e+01 4.945922074200154728e-01 1.125902377999999926e+00
3.387873496999999645e+01 4.702655480839028623e-01 1.186830295000000035e+00
3.387051704999999657e+01 4.080427216213444730e-01 1.278344672000000015e+00
3.376196501999999811e+01 3.817550742413512999e-01 1.392659652999999942e+00
3.351628364999999832e+01 4.845711349785448152e-01 1.507494679999999976e+00
3.314966368000000330e+01 6.077112566188882514e-01 1.593839993000000010e+00
3.277231500999999980e+01 6.581256677554181422e-01 1.646932017999999998e+00
3.258483825999999794e+01 7.949030240090000365e-01 1.692611590000000055e+00
3.258500658999999899e+01 7.946947232464066646e-01 1.697697167999999923e+00
3.277266350000000017e+01 6.579871098423260012e-01 1.657962617999999999e+00
3.314983954000000210e+01 6.075035896824068082e-01 1.600116472999999928e+00
3.351635825000000324e+01 4.845192009289081003e-01 1.509269270000000107e+00
3.376202984999999757e+01 3.818372068959604571e-01 1.391893905999999959e+00
3.387060475999999909e+01 4.081334106267902051e-01 1.276618843999999919e+00
3.387883099999999814e+01 4.703424176655374711e-01 1.185170830999999980e+00
3.384561913999999661e+01 4.946500292999497783e-01 1.124908532000000072e+00
3.345823894000000109e+01 6.652658905889079488e-01 1.158154228999999980e+00
3.347473799000000128e+01 6.593392310545395096e-01 1.161993837000000029e+00
3.351288612999999827e+01 6.352835453799872134e-01 1.174875257000000062e+00
3.354135586999999674e+01 5.778568365389101791e-01 1.204876250000000093e+00
3.351451526000000314e+01 4.860066653906965350e-01 1.264015225999999936e+00
3.338195851999999775e+01 4.314840034723715356e-01 1.357630254999999897e+00
3.312036582999999723e+01 4.790530672728541273e-01 1.463050662999999973e+00
3.282016640999999879e+01 4.893460998328288403e-01 1.546507228999999928e+00
3.270008165000000133e+01 6.967391703803812453e-01 1.616766866000000080e+00
3.270022804999999977e+01 6.964734718502830768e-01 1.620904439999999891e+00
3.282051265999999856e+01 4.891782172427683317e-01 1.556679762999999994e+00
3.312045650999999680e+01 4.787829072968952659e-01 1.466767190999999970e+00
3.338194018000000085e+01 4.315958426492312316e-01 1.356785176000000037e+00
3.351450493000000108e+01 4.861826988361344082e-01 1.261457491999999903e+00
3.354137809000000203e+01 5.779710597233385094e-01 1.202162146000000043e+00
3.351292344000000156e+01 6.353502831191178979e-01 1.172749982000000024e+00
3.347476487000000134e+01 6.593705635164869294e-01 1.160835669999999986e+00
3.301373166999999853e+01 8.152899738374136396e-01 1.261989580000000055e+00
3.302889128000000341e+01 8.049216668352975335e-01 1.258693765999999936e+00
3.306887171999999708e+01 7.717145941039714740e-01 1.249717846000000021e+00
3.311732571000000291e+01 7.092042837286449686e-01 1.241862897000000077e+00
3.314696548999999948e+01 6.088010980090088342e-01 1.246402954999999979e+00
3.311892354999999810e+01 4.796965721561575191e-01 1.277822723000000105e+00
3.299025566000000254e+01 4.038584185645904268e-01 1.339053695999999904e+00
3.280206721999999786e+01 2.744768201366660221e-01 1.402506400999999903e+00
3.276503415999999902e+01 5.088048264672422327e-01 1.504654300999999972e+00
3.276513137999999969e+01 5.084993934092708612e-01 1.507309100999999929e+00
3.280234689000000259e+01 2.743594048234815896e-01 1.410648394999999944e+00
3.299013340999999855e+01 4.039923173143051827e-01 1.337988487000000060e+00
3.311872738999999655e+01 4.800921176100400034e-01 1.273463929000000050e+00
3.314681757000000317e+01 6.090031444188206411e-01 1.241820455999999906e+00
3.311723736999999801e+01 7.092804905538642180e-01 1.238064940999999974e+00
3.306882720000000120e+01 7.717327673209314343e-01 1.247061246999999984e+00
3.302887376999999702e+01 8.049214216833627811e-01 1.257331321999999973e+00
3.255580434000000167e+01 8.923765161036686377e-01 1.458622185000000071e+00
3.257394752999999810e+01 8.803010168115166234e-01 1.456859966999999978e+00
3.262453308999999990e+01 8.420879264266490916e-01 1.451205043000000083e+00
3.269626405999999719e+01 7.720197966459367844e-01 1.445002174000000084e+00
3.277027581000000112e+01 6.602756751670202373e-01 1.443706428000000042e+00
3.281916595999999942e+01 4.920992512107796313e-01 1.455556869000000031e+00
3.280262279000000092e+01 2.764681324375329319e-01 1.493329212999999989e+00
3.267006616999999835e+01 2.945015161595481712e-01 1.606969518000000097e+00
3.271829633000000115e+01 2.730731863907330248e-01 1.325187898000000031e+00
3.271829570999999959e+01 2.730722295743144845e-01 1.324849299000000036e+00
3.266930810000000207e+01 2.940393618097912332e-01 1.559074980999999971e+00
3.280192547000000047e+01 2.764055037365590328e-01 1.482237546999999989e+00
3.281860826999999858e+01 4.918744473004634798e-01 1.446586096999999960e+00
3.276986329000000353e+01 6.600615720152858135e-01 1.436939302999999946e+00
3.269597919999999647e+01 7.718593491994363287e-01 1.440178364999999960e+00
3.262435698000000173e+01 8.419859925933930178e-01 1.448094994999999940e+00
3.257386421000000354e+01 8.802525727778356401e-01 1.455331495999999891e+00
3.223622942000000080e+01 8.698311931516891082e-01 1.744615317000000054e+00
3.226378519000000011e+01 8.692920894750564287e-01 1.741237020000000024e+00
3.234145214000000124e+01 8.640621623971534992e-01 1.731158672999999926e+00
3.245535154000000233e+01 8.446185278461741941e-01 1.717549315999999937e+00
3.258412830000000326e+01 7.968247192115130995e-01 1.703756932999999973e+00
3.270017130000000094e+01 6.990910330987941679e-01 1.691909571000000057e+00
3.276617241999999663e+01 5.116229809555196129e-01 1.682080661999999949e+00
3.272094143999999716e+01 2.732119427395618971e-01 1.668780495999999891e+00
3.254357707999999860e+01 2.646791194233211186e-01 1.417497755999999942e+00
3.254336739000000023e+01 2.636691721907385988e-01 1.406921880000000069e+00
3.272008045999999837e+01 2.730857409483018472e-01 1.653971968000000015e+00
3.276534669000000122e+01 5.112038386476680518e-01 1.669552641999999976e+00
3.269946373999999878e+01 6.986000806152862230e-01 1.682714752000000091e+00
3.258353676000000121e+01 7.963792642773254160e-01 1.697280391000000055e+00
3.245488233999999750e+01 8.442515704461526216e-01 1.713178805000000082e+00
3.234112257999999684e+01 8.637994055239960334e-01 1.728460086999999978e+00
3.226361436999999910e+01 8.691553052395167844e-01 1.739947036000000002e+00
3.448111669000000035e+01 3.745239240996781765e-02 2.119142253999999781e+00
3.444034537000000284e+01 1.263642935171245540e-01 2.094800912000000181e+00
3.431477679999999708e+01 2.550428430968849081e-01 2.075086981000000108e+00
3.409495882000000222e+01 4.034145782421135751e-01 2.045097338999999792e+00
3.377055769999999768e+01 5.669058003333454776e-01 2.006857686000000029e+00
3.333799462999999719e+01 7.286080742690902445e-01 1.963240816000000111e+00
3.281118996000000010e+01 8.539152987005893536e-01 1.915441828000000068e+00
3.224127849999999995e+01 8.694626391118679409e-01 1.858482063999999934e+00
3.178385214000000047e+01 6.029124109857694203e-01 1.783437715999999895e+00
3.178428093000000132e+01 6.027520330854373443e-01 1.794455987000000086e+00
3.224147219999999692e+01 8.693638391741300708e-01 1.864663183000000002e+00
3.281128099000000020e+01 8.538647686563836103e-01 1.919220211000000065e+00
3.333804190000000034e+01 7.285789549538339571e-01 1.965665588000000019e+00
3.377058380999999798e+01 5.668878920468030103e-01 2.008337441000000112e+00
3.409497369000000333e+01 4.034022802728183255e-01 2.045896351000000113e+00
3.431478477999999654e+01 2.550330808959696549e-01 2.075408622999999952e+00
3.444034805999999804e+01 1.263554585810437725e-01 2.094737147000000022e+00
3.443287355999999733e+01 1.259185416379869082e-01 9.238607348999999802e-01
3.444046471000000054e+01 8.721483525583191565e-02 1.508113446000000080e+00
3.434406907999999703e+01 2.382079479432873403e-01 1.823863457000000077e+00
3.413150893000000252e+01 4.096335410793178200e-01 1.925546253999999902e+00
3.380628188000000023e+01 5.778137021294925679e-01 1.944868816999999916e+00
3.337019816000000105e+01 7.380529524096709482e-01 1.929130631999999901e+00
3.283995010000000292e+01 8.593129524152069987e-01 1.895866303999999891e+00
3.226869271999999711e+01 8.688039616917716534e-01 1.846865146000000069e+00
3.181369044999999929e+01 5.987882447080302706e-01 1.776281557999999983e+00
3.181412076000000155e+01 5.986326688860215128e-01 1.787266749000000043e+00
3.226888587999999913e+01 8.687130867480908902e-01 1.852895017999999894e+00
3.284005196999999754e+01 8.592809097077878100e-01 1.899467891000000019e+00
3.337027310999999941e+01 7.380533114657713556e-01 1.931354103000000100e+00
3.380635766000000331e+01 5.778383661915180713e-01 1.946122678999999911e+00
3.413159966999999995e+01 4.096766623687607134e-01 1.926102688999999923e+00
3.434418206000000140e+01 2.382578228465301873e-01 1.823959960999999907e+00
3.444059905000000299e+01 8.720216036980517338e-02 1.508072523999999914e+00
3.430740120000000104e+01 2.547849473114955909e-01 9.242531617999999449e-01
3.433978261000000032e+01 2.430718922148292771e-01 1.162536084000000081e+00
3.432370931999999897e+01 1.737193920417244297e-01 1.476249858000000081e+00
3.417201338999999649e+01 3.364614590336367783e-01 1.685015887000000046e+00
3.387562089000000043e+01 5.519479242259618390e-01 1.795583609999999997e+00
3.344772245000000055e+01 7.372526115113299250e-01 1.839276823999999921e+00
3.291707291000000168e+01 8.630489433618935280e-01 1.841909666000000056e+00
3.234611198000000343e+01 8.633643322852065927e-01 1.814208956000000095e+00
3.189871588000000102e+01 5.857974967321865067e-01 1.756170342000000106e+00
3.189916708000000156e+01 5.856612449086033845e-01 1.767098019000000075e+00
3.234630059999999929e+01 8.632589573392209781e-01 1.819846108999999990e+00
3.291717262000000233e+01 8.630159924012601458e-01 1.845076884000000028e+00
3.344780437000000006e+01 7.372600097266893693e-01 1.841040908999999948e+00
3.387571561000000031e+01 5.519806788852157364e-01 1.796381462000000040e+00
3.417213224000000338e+01 3.364964812068637623e-01 1.685180381999999977e+00
3.432384617999999676e+01 1.737195402869325112e-01 1.476101142999999949e+00
3.433990361000000036e+01 2.431206799548017439e-01 1.162394221000000005e+00
3.408775255999999843e+01 4.031859841424997315e-01 9.292568490999999486e-01
3.412568298000000055e+01 4.116923521339438397e-01 1.033714578999999967e+00
3.416900555000000139e+01 3.400130626500733055e-01 1.233711376000000026e+00
3.411345783000000154e+01 2.761661067734279551e-01 1.435609515999999974e+00
3.390114853000000039e+01 4.444781591416365196e-01 1.601847052000000104e+00
3.352442611000000028e+01 6.767157112955231035e-01 1.710055603000000035e+00
3.301806590000000341e+01 8.366894740244666950e-01 1.761453998999999992e+00
3.245965334000000269e+01 8.436021784695961756e-01 1.765392110999999931e+00
3.202607237000000140e+01 5.618811671148046250e-01 1.726589439999999920e+00
3.202655788999999942e+01 5.617617407339269286e-01 1.737514865000000075e+00
3.245982613999999700e+01 8.434554852705704597e-01 1.770489442999999996e+00
3.301814582000000087e+01 8.366440507475947364e-01 1.764048901000000003e+00
3.352449471999999986e+01 6.767287516371467415e-01 1.711245163999999930e+00
3.390124045999999680e+01 4.445237496108389030e-01 1.602127174000000043e+00
3.411357954999999720e+01 2.761937822583912516e-01 1.435395726999999955e+00
3.416913657999999998e+01 3.400321231133855426e-01 1.233357867999999913e+00
3.412577901000000224e+01 4.117492287212576874e-01 1.033474750999999969e+00
3.376359835000000231e+01 5.666614249740323794e-01 9.433192210999999938e-01
3.379996624000000338e+01 5.785385415254923336e-01 9.903384106000000520e-01
3.387090143000000353e+01 5.542257551420152195e-01 1.097410360999999890e+00
3.389860733999999809e+01 4.474151015617217619e-01 1.233605169000000057e+00
3.380590969000000001e+01 3.711183502474235674e-01 1.391453365999999914e+00
3.354032052000000164e+01 5.341932594991235517e-01 1.545259514999999917e+00
3.310722991000000093e+01 7.470665827158766703e-01 1.655505989999999983e+00
3.258793227999999687e+01 7.953020369800319900e-01 1.703823469999999896e+00
3.217646114000000068e+01 5.239002826388222678e-01 1.691579600000000072e+00
3.217698485999999747e+01 5.237733875376154868e-01 1.702631867000000021e+00
3.258807122999999706e+01 7.950911290061399850e-01 1.708287235000000015e+00
3.310727090999999689e+01 7.470118231443997336e-01 1.657414465000000003e+00
3.354036059999999964e+01 5.342332586893804303e-01 1.545778904999999925e+00
3.380598720999999784e+01 3.711814054913817884e-01 1.391203777000000086e+00
3.389871912000000265e+01 4.474394235269030795e-01 1.233074113000000027e+00
3.387101584999999915e+01 5.542590446107906743e-01 1.096905924999999948e+00
3.380004144000000110e+01 5.785824440688921433e-01 9.900360967000000345e-01
3.333135278000000312e+01 7.283609751115104336e-01 9.729221772999999684e-01
3.336385156000000052e+01 7.382207128391584661e-01 9.928959204999999733e-01
3.344220401999999837e+01 7.383541792546084448e-01 1.042222758999999943e+00
3.352019778999999744e+01 6.789213642801266158e-01 1.112129892000000009e+00
3.353792614999999699e+01 5.370125379724483006e-01 1.212461296000000077e+00
3.342665224999999651e+01 4.195904527781608717e-01 1.355260861000000094e+00
3.313592299999999824e+01 5.657873689219522495e-01 1.514578497000000024e+00
3.270323594999999983e+01 6.966750770867135012e-01 1.625855781000000055e+00
3.232749198999999862e+01 4.690794819305096341e-01 1.653456618999999961e+00
3.232804408999999879e+01 4.688946655096380423e-01 1.664746572999999952e+00
3.270331367000000000e+01 6.963866520339665467e-01 1.629511726000000049e+00
3.313590316999999885e+01 5.657591734806410866e-01 1.515579782999999958e+00
3.342665327000000275e+01 4.196877215351202950e-01 1.354994596000000051e+00
3.353798275999999845e+01 5.370575093628413565e-01 1.211707507000000072e+00
3.352029273000000131e+01 6.789456758944928394e-01 1.111323287000000049e+00
3.344229975999999738e+01 7.383851377323693566e-01 1.041570375000000048e+00
3.336391128999999722e+01 7.382489394264535321e-01 9.925258219999999465e-01
3.280491271999999725e+01 8.537539530778308627e-01 1.025740233000000057e+00
3.283379536000000343e+01 8.593213861987690771e-01 1.032280313000000005e+00
3.291130996999999780e+01 8.635149242347622822e-01 1.048860982000000108e+00
3.301297049000000072e+01 8.378627916957444022e-01 1.073766696000000076e+00
3.310316750999999869e+01 7.492308743674453986e-01 1.114691840999999961e+00
3.313348178999999760e+01 5.688579916351359511e-01 1.192903639000000071e+00
3.303775667000000027e+01 3.879972541895111426e-01 1.335134956000000095e+00
3.276794713000000314e+01 5.078015872651158169e-01 1.511979189000000057e+00
3.245712886999999824e+01 3.925556101478533955e-01 1.608202695999999987e+00
3.245767675999999824e+01 3.922164532324121100e-01 1.619601091000000048e+00
3.276791744999999878e+01 5.074664665138720610e-01 1.514297618999999928e+00
3.303765478999999772e+01 3.881170175872178940e-01 1.334848306000000040e+00
3.313344000000000023e+01 5.689331533779888872e-01 1.191792342999999921e+00
3.310319805999999687e+01 7.492584013622284322e-01 1.113448742000000102e+00
3.301304331000000047e+01 8.378842760995844907e-01 1.072647490999999897e+00
3.291138629999999665e+01 8.635370443122315498e-01 1.048002644999999955e+00
3.283384260999999782e+01 8.593367501106317086e-01 1.031805542999999936e+00
3.223540736999999723e+01 8.696184715692228950e-01 1.117253019000000069e+00
3.226286349000000087e+01 8.689955370601025741e-01 1.116457150000000009e+00
3.234044764000000072e+01 8.636776718392835672e-01 1.113652040999999926e+00
3.245429774000000123e+01 8.441752683388279443e-01 1.110391895000000018e+00
3.258306981999999863e+01 7.963746174571448844e-01 1.111235737999999973e+00
3.269915731999999764e+01 6.986996475643942883e-01 1.126804184999999903e+00
3.276526209000000023e+01 5.113832210773334719e-01 1.182241807999999894e+00
3.272023786999999828e+01 2.729927467400619090e-01 1.329943496000000058e+00
3.254335860999999852e+01 2.638464086519905494e-01 1.525303910000000096e+00
3.254380972999999955e+01 2.631319794019005842e-01 1.535764482999999903e+00
3.272002647000000053e+01 2.731101436839826757e-01 1.329459088999999983e+00
3.276507433999999819e+01 5.115031496407316247e-01 1.180245897999999904e+00
3.269906682999999958e+01 6.987332799241181558e-01 1.124729729000000011e+00
3.258305751000000328e+01 7.963979563865642985e-01 1.109335323000000040e+00
3.245433056000000249e+01 8.441983292576622500e-01 1.108767797000000055e+00
3.234049198999999675e+01 8.636953195943014583e-01 1.112431688000000030e+00
3.226289280000000304e+01 8.690040813543883358e-01 1.115792343999999936e+00
3.177928451000000010e+01 6.037787169245321106e-01 1.421657831000000094e+00
3.180920103000000054e+01 5.996855711235336006e-01 1.418774541999999972e+00
3.189444396000000026e+01 5.867631797063869170e-01 1.409894191000000019e+00
3.202213882000000211e+01 5.629606082690788993e-01 1.397193708000000090e+00
3.217295801000000210e+01 5.251606186187728342e-01 1.383806840999999954e+00
3.232448800000000233e+01 4.706811272418369718e-01 1.373508023000000078e+00
3.245472973999999766e+01 3.950132773176397993e-01 1.371850953999999900e+00
3.254202435999999921e+01 2.689445578193861985e-01 1.395643277000000015e+00
3.254418526999999983e+01 9.870980995906619704e-02 1.564950724000000015e+00
3.254344637999999890e+01 9.761036819246879381e-02 1.527829775000000057e+00
3.254146247999999986e+01 2.681186773096394527e-01 1.386696359999999961e+00
3.245436498000000114e+01 3.943639753238020185e-01 1.365837581999999939e+00
3.232423768000000308e+01 4.702200182984610510e-01 1.369020770000000109e+00
3.217278517999999821e+01 5.248327999803225064e-01 1.380308402000000045e+00
3.202202455999999842e+01 5.627350469955655354e-01 1.394501398999999919e+00
3.189437579999999883e+01 5.866228569414055904e-01 1.408010361999999960e+00
3.180916966999999929e+01 5.996189511355719537e-01 1.417790955999999936e+00
