2.468112895000000151e+01 0.000000000000000000e+00 2.188189077000000093e+00
2.467375961000000117e+01 2.223972115868782726e-02 2.264683042000000146e+00
2.465170334000000096e+01 4.315479829119547167e-02 2.274288309000000119e+00
2.461655907999999826e+01 6.080108010877372654e-02 2.285844847999999985e+00
2.457145283999999918e+01 7.233087671291005272e-02 2.278996735999999856e+00
2.452153863999999928e+01 7.465981958520462314e-02 2.269356977999999803e+00
2.447381354999999914e+01 6.559011405090610369e-02 2.268566744000000135e+00
2.443608187999999970e+01 4.510890502991907886e-02 2.271342327999999799e+00
2.441519904999999824e+01 1.609364134856649739e-02 2.273690118999999843e+00
2.467482285999999903e+01 2.228304761001145134e-02 2.292820428000000188e+00
2.469789538999999934e+01 3.367880716464400487e-02 2.218386562000000062e+00
2.468872783999999854e+01 1.033111292258572234e-01 2.164699173999999893e+00
2.465489386999999866e+01 1.246177023749798912e-01 2.159419703999999829e+00
2.460914698999999928e+01 1.320910460757954430e-01 2.161811891999999791e+00
2.455810701000000051e+01 1.317956465737887273e-01 2.166559481000000176e+00
2.450922750999999877e+01 1.242677318492188959e-01 2.171722369999999902e+00
2.447054965999999965e+01 1.120331753464878788e-01 2.175723248000000165e+00
2.444911571000000095e+01 1.019037478437249816e-01 2.177607747999999788e+00
2.465269908999999871e+01 4.330393227002225093e-02 2.290999108999999923e+00
2.468915730999999880e+01 1.029290524236058657e-01 2.265214051000000062e+00
2.474506912000000014e+01 6.512615183659987983e-02 2.177701180000000125e+00
2.474584919000000127e+01 1.470921850006922105e-01 2.119269039999999826e+00
2.470994079999999826e+01 1.926743610463617917e-01 2.101568780000000025e+00
2.466045181000000142e+01 2.062256966909523925e-01 2.097364203000000149e+00
2.461044589999999843e+01 2.049641178840307942e-01 2.097529945999999867e+00
2.457011182999999832e+01 1.973363273912603355e-01 2.098609227999999938e+00
2.454756543999999963e+01 1.906452322564847757e-01 2.099155520000000053e+00
2.461742750000000157e+01 6.105668391178764587e-02 2.289641260999999872e+00
2.465525055999999893e+01 1.246576267925132708e-01 2.272571709000000162e+00
2.474612044999999938e+01 1.467872005905402066e-01 2.206503784000000135e+00
2.481997849000000045e+01 9.161266621917754649e-02 2.103797828999999897e+00
2.483216923999999892e+01 1.684731034691718254e-01 2.030374780999999906e+00
2.480277574999999857e+01 2.287744250166998949e-01 1.996016208999999986e+00
2.475951953999999944e+01 2.514355926478258341e-01 1.980658154999999976e+00
2.472067247000000023e+01 2.552476387349933984e-01 1.973474114999999918e+00
2.469808816000000107e+01 2.533912686880100962e-01 1.970366945999999952e+00
2.457212270999999859e+01 7.267655638832153098e-02 2.289604034999999982e+00
2.460935272000000040e+01 1.322360501231589491e-01 2.274381265000000152e+00
2.471019654999999915e+01 1.927594201797022122e-01 2.219142565999999928e+00
2.483238528000000045e+01 1.682269479233873266e-01 2.115656602000000053e+00
2.491657964999999919e+01 1.104204428372102947e-01 1.990601449999999994e+00
2.493931968000000055e+01 1.739901462732064141e-01 1.896849675999999985e+00
2.492268230000000173e+01 2.351928461114595748e-01 1.843309064999999913e+00
2.489531338999999832e+01 2.626982082593632972e-01 1.815372328000000035e+00
2.487674947000000003e+01 2.711204448798076871e-01 1.803171239000000092e+00
2.452196467999999996e+01 7.503385674789833648e-02 2.291088563000000189e+00
2.455816407000000012e+01 1.319461843277973390e-01 2.275510704000000217e+00
2.466061235999999823e+01 2.064623471705277769e-01 2.224076836000000057e+00
2.480304804000000019e+01 2.288286690120661937e-01 2.126443405999999925e+00
2.493954424000000003e+01 1.737391598472514675e-01 1.983953324000000018e+00
2.502648866999999910e+01 1.192495600160859842e-01 1.835145910999999908e+00
2.505752654000000135e+01 1.637614759016680910e-01 1.723595506999999971e+00
2.505650517999999849e+01 2.122295580923295732e-01 1.657076500999999924e+00
2.504891087000000027e+01 2.337224757396698382e-01 1.626786778000000044e+00
2.447399954999999849e+01 6.592198610005832460e-02 2.293665113999999949e+00
2.450917450000000031e+01 1.243869559427186605e-01 2.276923403000000068e+00
2.461052057999999931e+01 2.052471451826949345e-01 2.226337700999999836e+00
2.475978411999999906e+01 2.516616794167624294e-01 2.131515848999999907e+00
2.492304195000000178e+01 2.351482235857893788e-01 1.986037916999999986e+00
2.505777975000000168e+01 1.634743589968255528e-01 1.808772352000000083e+00
2.513868687000000079e+01 1.143071862340967193e-01 1.646401012999999969e+00
2.517262480000000124e+01 1.351670003065387482e-01 1.533973122999999994e+00
2.518169226999999921e+01 1.588101295518548339e-01 1.478904731999999944e+00
2.443607739000000123e+01 4.533693292476952824e-02 2.296381656999999965e+00
2.447044183999999944e+01 1.121363846110720736e-01 2.278432824999999884e+00
2.457014387999999983e+01 1.976288261401137336e-01 2.227570474999999828e+00
2.472092994999999860e+01 2.555521740269616759e-01 2.133295173000000045e+00
2.489574689000000163e+01 2.628159089327859466e-01 1.987105565000000018e+00
2.505694091999999884e+01 2.120414443530305448e-01 1.798188436000000001e+00
2.517287329999999912e+01 1.348555749487529154e-01 1.606129359000000090e+00
2.523666718999999858e+01 8.774327897163827772e-02 1.458579285999999975e+00
2.526177829999999958e+01 8.389841795533506397e-02 1.381435358000000058e+00
2.441508934999999880e+01 1.617481869268286993e-02 2.298119599000000068e+00
2.444899807999999908e+01 1.020350271409862508e-01 2.279424983000000182e+00
2.454759469000000038e+01 1.909464373276832938e-01 2.228166702000000221e+00
2.469835421000000153e+01 2.537286248753641282e-01 2.133721695999999834e+00
2.487722412999999833e+01 2.713153872210982143e-01 1.987011309999999975e+00
2.504944224999999847e+01 2.336268755533685570e-01 1.793771205000000091e+00
2.518208517000000057e+01 1.584821453420676429e-01 1.589164215000000047e+00
2.526194127999999850e+01 8.359512887081710364e-02 1.424293140999999929e+00
2.529641068000000104e+01 3.391223995560494614e-02 1.335072910000000057e+00
2.467446517999999855e+01 2.221947074175286904e-02 2.274866895000000167e+00
2.469688830000000124e+01 3.379723883436458465e-02 2.276456051999999897e+00
2.468820769999999953e+01 1.022772333151089480e-01 2.274008714999999903e+00
2.465463386000000057e+01 1.240691098934413594e-01 2.280212574000000103e+00
2.460901302999999984e+01 1.317951745150168497e-01 2.289680521000000191e+00
2.455804045000000002e+01 1.316410790859739166e-01 2.301633181000000139e+00
2.450919722000000078e+01 1.241988863113109992e-01 2.314606616999999922e+00
2.447053971000000061e+01 1.120204678317900382e-01 2.326347617999999784e+00
2.444912251999999953e+01 1.019341177632961809e-01 2.333997781999999965e+00
2.444912927000000025e+01 1.019423911458908344e-01 2.334760131999999988e+00
2.447056651999999843e+01 1.120600711395201149e-01 2.328469686000000038e+00
2.450926249999999840e+01 1.243031727712090584e-01 2.317792784999999967e+00
2.455817406999999974e+01 1.318579398009267489e-01 2.305675091999999982e+00
2.460926102999999898e+01 1.322030610028386288e-01 2.294543949999999999e+00
2.465507573000000008e+01 1.248179353433123834e-01 2.286187745999999965e+00
2.468901918999999978e+01 1.036600611173598280e-01 2.282201988999999820e+00
2.469832676000000049e+01 3.363360811183125493e-02 2.288691454999999930e+00
2.469721177999999995e+01 3.339722736245170909e-02 2.211326971000000086e+00
2.469064129999999935e+01 4.123461223309359686e-02 2.206629388000000080e+00
2.469468282000000059e+01 6.634474555341254853e-02 2.223151408000000107e+00
2.467004284000000069e+01 1.094564246643616318e-01 2.218697666999999818e+00
2.463185994999999906e+01 1.331961247354540578e-01 2.222021232999999985e+00
2.458783719999999917e+01 1.476912360840935690e-01 2.228168034999999936e+00
2.454521837000000062e+01 1.551517890078339124e-01 2.235141066999999815e+00
2.451141545000000121e+01 1.575158379997940727e-01 2.241238663999999936e+00
2.449270394999999922e+01 1.575704822516940939e-01 2.244966976000000169e+00
2.449269686999999962e+01 1.575547517255276031e-01 2.245434803999999840e+00
2.451140077000000161e+01 1.574830165150585271e-01 2.242662961000000177e+00
2.454521417000000127e+01 1.551353951214572979e-01 2.237581957999999815e+00
2.458786974999999941e+01 1.477283361351523772e-01 2.231732585000000046e+00
2.463196205999999933e+01 1.333235241902346324e-01 2.226924085999999914e+00
2.467025886000000057e+01 1.097179104718103287e-01 2.225474231999999830e+00
2.469508357999999859e+01 6.672159093762938809e-02 2.233397532000000130e+00
2.469103849000000039e+01 4.049454470846942933e-02 2.288427195000000136e+00
2.468820764999999895e+01 1.028279771386831354e-01 2.253373074000000198e+00
2.469561833999999934e+01 6.586285634815734757e-02 2.242844421000000033e+00
2.473853486000000146e+01 6.889067192134964990e-02 2.177781105999999856e+00
2.474541732999999866e+01 1.296425099899554956e-01 2.129840871999999941e+00
2.471949331000000072e+01 1.746171788605811181e-01 2.117360387000000177e+00
2.468055113000000134e+01 1.959768465436421137e-01 2.120132856000000121e+00
2.464086697999999842e+01 2.070999333916526408e-01 2.129468735000000112e+00
2.460926973000000118e+01 2.132794466329421268e-01 2.140089396000000033e+00
2.459189685999999853e+01 2.161677349496642642e-01 2.147211323000000061e+00
2.459187672999999918e+01 2.161395752624803990e-01 2.147699288000000095e+00
2.460921314999999865e+01 2.132027529275173916e-01 2.141448417999999965e+00
2.464078080999999898e+01 2.069814277833768312e-01 2.131447088999999906e+00
2.468043385000000001e+01 1.957868418108529851e-01 2.122475725000000146e+00
2.471931982999999988e+01 1.742647360563586434e-01 2.119897609000000127e+00
2.474511121999999830e+01 1.289834336751020383e-01 2.132314233999999864e+00
2.473787553000000017e+01 6.889780258066936780e-02 2.178463869999999858e+00
2.469404554000000118e+01 6.639310428296778255e-02 2.233303311999999874e+00
2.465406305999999859e+01 1.246797763759660005e-01 2.262722499000000109e+00
2.467076524999999876e+01 1.096669126035957481e-01 2.257964069999999879e+00
2.474596412000000001e+01 1.288150056687026035e-01 2.197272826999999928e+00
2.481440497999999906e+01 9.404279697588173448e-02 2.103240829000000200e+00
2.483150357999999969e+01 1.550635082004312992e-01 2.036592211999999957e+00
2.481171583000000069e+01 2.100810655768175217e-01 2.007193357999999872e+00
2.477902999999999878e+01 2.363245419129009206e-01 1.999124885999999934e+00
2.474965131000000085e+01 2.476599014648493968e-01 2.001552819000000039e+00
2.473292848000000177e+01 2.521488534712130747e-01 2.006138688000000059e+00
2.473288688999999962e+01 2.521070211700254249e-01 2.006607461000000203e+00
2.474952907999999852e+01 2.475414271286958678e-01 2.002786781000000182e+00
2.477882954000000026e+01 2.361365017602869432e-01 2.000747947999999887e+00
2.481142587000000077e+01 2.098105592443169631e-01 2.008857444000000214e+00
2.483108195999999879e+01 1.547150524049497877e-01 2.037945982000000100e+00
2.481376811000000160e+01 9.408474442511664815e-02 2.103408645000000021e+00
2.474496914999999930e+01 1.295983281132933040e-01 2.193888579999999866e+00
2.466910181000000080e+01 1.097837948752216769e-01 2.246831548999999928e+00
2.460781533999999837e+01 1.324223140414301780e-01 2.267975041000000136e+00
2.463220566000000034e+01 1.335799768556379108e-01 2.263194878999999826e+00
2.472010664000000091e+01 1.745016251530167040e-01 2.208596379999999915e+00
2.483188523999999830e+01 1.545336647584828471e-01 2.107072131999999876e+00
2.491163218999999884e+01 1.116167022230570571e-01 1.989204728000000033e+00
2.493811357999999956e+01 1.625070235332461421e-01 1.902018962999999951e+00
2.492937841000000176e+01 2.161534373740946480e-01 1.854563874999999973e+00
2.491010075999999884e+01 2.433452335056046356e-01 1.834181537000000084e+00
2.489672467000000111e+01 2.536072364495398079e-01 1.828414801000000089e+00
2.489665851000000174e+01 2.535609064235143650e-01 1.828808463000000106e+00
2.490990698999999964e+01 2.432202620923828162e-01 1.835191663000000029e+00
2.492906431999999839e+01 2.159794808239186015e-01 1.855810001000000042e+00
2.493767392999999899e+01 1.623362094423551061e-01 1.903061678999999895e+00
2.491104006000000126e+01 1.116914508685671326e-01 1.989401745999999971e+00
2.483109251000000128e+01 1.549055824083443722e-01 2.105268784000000171e+00
2.471897524999999973e+01 1.750305845968371521e-01 2.202928478000000023e+00
2.463052332000000177e+01 1.336316467947940567e-01 2.251540611999999886e+00
2.455619163000000071e+01 1.322321314671844050e-01 2.272986486000000195e+00
2.458777751999999950e+01 1.480975935319053804e-01 2.265959018000000214e+00
2.468103557999999964e+01 1.962458249652118125e-01 2.213072549000000055e+00
2.481223370000000017e+01 2.099599238669958845e-01 2.113923694999999991e+00
2.493844882999999868e+01 1.620846814968419369e-01 1.974797840999999998e+00
2.502105982999999867e+01 1.189984341132717671e-01 1.833192562000000025e+00
2.505416662000000017e+01 1.539957504176155956e-01 1.728682193000000034e+00
2.505788371999999953e+01 1.948167968693826635e-01 1.668694416999999985e+00
2.505385298999999932e+01 2.138623297941159018e-01 1.643387633999999986e+00
2.505376740000000169e+01 2.138337446005559583e-01 1.643702355999999920e+00
2.505763663000000108e+01 1.947550415760683495e-01 1.669488308000000032e+00
2.505377809999999883e+01 1.539658009473839351e-01 1.729572585000000107e+00
2.502054180000000017e+01 1.191210095604263303e-01 1.833614684999999911e+00
2.493778803000000011e+01 1.623342584651331078e-01 1.973923783000000043e+00
2.481136547999999920e+01 2.102798486000690414e-01 2.110622606000000179e+00
2.467980009000000052e+01 1.965880770456798765e-01 2.205845678999999837e+00
2.458608588999999967e+01 1.481566287989163067e-01 2.254091116000000117e+00
2.450673258999999859e+01 1.246660023747258872e-01 2.278165570000000084e+00
2.454478934000000123e+01 1.555069060528523339e-01 2.268006356999999973e+00
2.464113821999999843e+01 2.074984913492227967e-01 2.214861242000000008e+00
2.477954341999999954e+01 2.365077835512633675e-01 2.117157280999999891e+00
2.492990668999999926e+01 2.159762998837341519e-01 1.971896686000000010e+00
2.505449282000000011e+01 1.536074806961571781e-01 1.799649440000000045e+00
2.513106309000000138e+01 1.133714440304092741e-01 1.644594456000000093e+00
2.516517947999999905e+01 1.286956235480419264e-01 1.538850586999999992e+00
2.517553828999999865e+01 1.474884705475386915e-01 1.488210676000000010e+00
2.517544563999999951e+01 1.475072235266883525e-01 1.488481437999999990e+00
2.516491647999999870e+01 1.287812307034807147e-01 1.539518512999999977e+00
2.513066150999999948e+01 1.135631994392383853e-01 1.645244852999999896e+00
2.505397016999999948e+01 1.538201398005460130e-01 1.799606899999999898e+00
2.492923161999999948e+01 2.162131431296056561e-01 1.970225069000000051e+00
2.477861607000000177e+01 2.367899242352163036e-01 2.112723519000000216e+00
2.463981670000000079e+01 2.077204497792541071e-01 2.206542209000000199e+00
2.454309459999999987e+01 1.555944577546954366e-01 2.256055185000000129e+00
2.446756437000000162e+01 1.122981996963494516e-01 2.282904347000000111e+00
2.451070289000000102e+01 1.577900196802595190e-01 2.269587872999999867e+00
2.460931558000000052e+01 2.136562733460126429e-01 2.215713716999999860e+00
2.475009507000000042e+01 2.479922936570360115e-01 2.118281040999999920e+00
2.491071127000000018e+01 2.434048338842230430e-01 1.970711585000000099e+00
2.505843124000000088e+01 1.945347980313242298e-01 1.784498453000000096e+00
2.516547682999999935e+01 1.283257380213294052e-01 1.598644251999999932e+00
2.522550448000000145e+01 9.013961920309170039e-02 1.457692430000000039e+00
2.524975141999999906e+01 8.620869335482822526e-02 1.384882541999999939e+00
2.524966639000000157e+01 8.630429575322395852e-02 1.385148274000000068e+00
2.522526603000000023e+01 9.038631291736530515e-02 1.458337036000000086e+00
2.516511640999999955e+01 1.285570587770512030e-01 1.599206611000000056e+00
2.505795163999999886e+01 1.947322872797273285e-01 1.784207027999999973e+00
2.491004889999999961e+01 2.436459535997218262e-01 1.968523795000000076e+00
2.474912828000000076e+01 2.482533018036242323e-01 2.113064055000000163e+00
2.460794482000000016e+01 2.138401383770206499e-01 2.206748510000000163e+00
2.450901512000000082e+01 1.579163812993064908e-01 2.257614695000000005e+00
2.444582626000000047e+01 1.020458541081700199e-01 2.285988017999999844e+00
2.449182938999999948e+01 1.577781006454753998e-01 2.270488256000000149e+00
2.459178756000000021e+01 2.164939209869703174e-01 2.216122463000000042e+00
2.473330128999999999e+01 2.525243379486564188e-01 2.118709095999999903e+00
2.489735595999999873e+01 2.537923466594596555e-01 1.970078876000000090e+00
2.505450940000000060e+01 2.137092172268769408e-01 1.778288354999999932e+00
2.517601095999999927e+01 1.470927611475879027e-01 1.578853513999999958e+00
2.524995351999999826e+01 8.587217114906481319e-02 1.420225727000000049e+00
2.528230170999999871e+01 5.253411247704437709e-02 1.335263081999999990e+00
2.528223664000000070e+01 5.269174688122078842e-02 1.335538522000000006e+00
2.524977154999999840e+01 8.611691748952504666e-02 1.420891386999999950e+00
2.517573085000000077e+01 1.472831537809352886e-01 1.579415763999999944e+00
2.505410909000000075e+01 2.139080788213468531e-01 1.777911454999999918e+00
2.489674272999999971e+01 2.540565548690784659e-01 1.967646452000000101e+00
2.473234376999999995e+01 2.527961315760235972e-01 2.113109537000000149e+00
2.459041846999999947e+01 2.166975348517520272e-01 2.206890716999999835e+00
2.449016199000000071e+01 1.579477288493199016e-01 2.258516720999999894e+00
2.465239863000000042e+01 4.322244320498389025e-02 2.279762786000000041e+00
2.468855917000000133e+01 1.019752408872250660e-01 2.286520100000000166e+00
2.474422703000000112e+01 6.535759160368416476e-02 2.267051659999999913e+00
2.474531075999999885e+01 1.467041830106438904e-01 2.262783499000000198e+00
2.470966213999999894e+01 1.924292537030285188e-01 2.268536740000000052e+00
2.466032707000000102e+01 2.061366504279970036e-01 2.278383702000000177e+00
2.461040965999999841e+01 2.049746451822233861e-01 2.289909331000000048e+00
2.457012685000000118e+01 1.974033198998658700e-01 2.300752252000000109e+00
2.454761574999999851e+01 1.907396774333841305e-01 2.308175857999999803e+00
2.454761809000000028e+01 1.907200629264621805e-01 2.309654522000000210e+00
2.457014829999999961e+01 1.973696197248369366e-01 2.304941229000000202e+00
2.461049144000000055e+01 2.049857615015663048e-01 2.296318217000000050e+00
2.466053587000000036e+01 2.062651319155086038e-01 2.286611524000000006e+00
2.471009640999999846e+01 1.927524705367817948e-01 2.278466131000000061e+00
2.474611171999999826e+01 1.471812263192371628e-01 2.274708920000000134e+00
2.474542488999999890e+01 6.501082476876327010e-02 2.280399504000000022e+00
2.468937410999999926e+01 1.033596649334009715e-01 2.294691462999999931e+00
2.468812880999999848e+01 1.029095975682551428e-01 2.163561080000000025e+00
2.469416542000000092e+01 6.599854901805583818e-02 2.228746413000000093e+00
2.473767694000000006e+01 6.909947409926049666e-02 2.266519103999999896e+00
2.474501091999999858e+01 1.291136475483450896e-01 2.257167148000000179e+00
2.471934535999999838e+01 1.743833286923459069e-01 2.254778297000000098e+00
2.468053658999999911e+01 1.959483640158478090e-01 2.254678725000000217e+00
2.464091404999999924e+01 2.071652762309431350e-01 2.254274564000000147e+00
2.460933813000000114e+01 2.133690619484513162e-01 2.253132584999999910e+00
2.459196748000000099e+01 2.162501741877919381e-01 2.252437265999999827e+00
2.459194613000000018e+01 2.162078273829415864e-01 2.253532991000000152e+00
2.460929249000000141e+01 2.132688413134965766e-01 2.256514446000000174e+00
2.464089780999999846e+01 2.070830432835428225e-01 2.260067491000000039e+00
2.468063448999999920e+01 1.959929223327410153e-01 2.262813066000000095e+00
2.471967211999999847e+01 1.746655571079214209e-01 2.265073114000000221e+00
2.474571896999999865e+01 1.296153649442944034e-01 2.269556585000000126e+00
2.473887643999999852e+01 6.876274648335689577e-02 2.279811023000000159e+00
2.469548761000000070e+01 6.645474361068892666e-02 2.237486109999999861e+00
2.474406262000000112e+01 6.472247551837326252e-02 2.171900130000000040e+00
2.473757923000000147e+01 6.843908088333976181e-02 2.172068917999999904e+00
2.471931130999999837e+01 7.858602608525402933e-02 2.174932432999999943e+00
2.475441484999999986e+01 6.295281688818826771e-02 2.199596571999999917e+00
2.475795225999999971e+01 1.246065258483237265e-01 2.179866263000000082e+00
2.474262832999999873e+01 1.752901212231520456e-01 2.171069774999999868e+00
2.472060244000000040e+01 2.090226487709969105e-01 2.167369788999999880e+00
2.470075217999999850e+01 2.295529420327160064e-01 2.166082030000000103e+00
2.468921160000000015e+01 2.392599044058781044e-01 2.166099333000000016e+00
2.468917532000000037e+01 2.392071805830769116e-01 2.167052292999999796e+00
2.470066041999999840e+01 2.294153416112376387e-01 2.168959971000000042e+00
2.472050179000000014e+01 2.088512237774672320e-01 2.172217024000000052e+00
2.474258371999999895e+01 1.751398922679048564e-01 2.177937113000000036e+00
2.475803356000000122e+01 1.244918773402678286e-01 2.188815010999999977e+00
2.475467079999999953e+01 6.272562106263451787e-02 2.210743191000000163e+00
2.471964584999999914e+01 7.831609821389699799e-02 2.278205074999999802e+00
2.473757390999999828e+01 6.842775160380459853e-02 2.172448311000000132e+00
2.474478816999999964e+01 1.467459233274061303e-01 2.199325995000000145e+00
2.474482877999999886e+01 1.282893808062852692e-01 2.191250945000000172e+00
2.475477333999999985e+01 6.238894475079198587e-02 2.150917710999999954e+00
2.479802173999999937e+01 1.006150919370554925e-01 2.101906080000000010e+00
2.483011829000000148e+01 1.176548471420110487e-01 2.063280321000000139e+00
2.483702738999999937e+01 1.586911021045539771e-01 2.044388770999999938e+00
2.482989629000000065e+01 1.972409394712997532e-01 2.039131745000000162e+00
2.481947273000000109e+01 2.236923245565147211e-01 2.039757756999999838e+00
2.481261380000000116e+01 2.368292362289474429e-01 2.041589842000000043e+00
2.481255523999999824e+01 2.367665819169841868e-01 2.042497147000000179e+00
2.481931365000000156e+01 2.235232812880030007e-01 2.042358557000000019e+00
2.482967512000000099e+01 1.970001296757210307e-01 2.043063677000000133e+00
2.483677095999999906e+01 1.583590546729583270e-01 2.049009210999999997e+00
2.482978187000000148e+01 1.171342287262027992e-01 2.067375014000000011e+00
2.479735774999999975e+01 1.006258338709500877e-01 2.102353662000000067e+00
2.475349379000000027e+01 6.274302739227614889e-02 2.142787783000000168e+00
2.474423064000000139e+01 1.295926658864405556e-01 2.187512154999999847e+00
2.470853078000000025e+01 1.928046115277816663e-01 2.214145126000000019e+00
2.471880206999999885e+01 1.740174275449287988e-01 2.204903246000000205e+00
2.475824002999999962e+01 1.243423312006825682e-01 2.159621035999999883e+00
2.483049493000000041e+01 1.173225307494309422e-01 2.076164663000000132e+00
2.489710520999999943e+01 1.148383227518021410e-01 1.985491789999999979e+00
2.493387686000000159e+01 1.344293883305036352e-01 1.919986632999999943e+00
2.494578900000000132e+01 1.672111757613576333e-01 1.886854730999999896e+00
2.494595551000000100e+01 1.936527921791458828e-01 1.875681946999999905e+00
2.494386961000000014e+01 2.076538781098333231e-01 1.874197837000000089e+00
2.494378277999999938e+01 2.075918097758448488e-01 1.875008830999999931e+00
2.494571284999999961e+01 1.934893155805257337e-01 1.877871078999999943e+00
2.494542716000000127e+01 1.669912326358180821e-01 1.889718919000000108e+00
2.493340564000000015e+01 1.342025788072214176e-01 1.922394578000000021e+00
2.489644818000000015e+01 1.148795335004313412e-01 1.985749347000000053e+00
2.482945186999999976e+01 1.179779550967095247e-01 2.071817318999999991e+00
2.475678633000000062e+01 1.247679281550884145e-01 2.150252019999999931e+00
2.471789100000000161e+01 1.749002206563072814e-01 2.198919657999999888e+00
2.465854649999999992e+01 2.066039539704867811e-01 2.222413841999999917e+00
2.467960276999999891e+01 1.958600934364596591e-01 2.212196075000000040e+00
2.474267589999999828e+01 1.753582266103576315e-01 2.163697981999999964e+00
2.483747654000000082e+01 1.586705896876510757e-01 2.069970357999999955e+00
2.493421312999999984e+01 1.341293865142270114e-01 1.946464173000000075e+00
2.500516139999999865e+01 1.180915460984270499e-01 1.828128680000000061e+00
2.504360404000000173e+01 1.301655160824883306e-01 1.744882397999999890e+00
2.505933677999999887e+01 1.502568311994968708e-01 1.701332231999999944e+00
2.506403377999999904e+01 1.624207339291693641e-01 1.685637821000000036e+00
2.506392041999999876e+01 1.623882948505051826e-01 1.686303509000000034e+00
2.505901917999999995e+01 1.501894943094893853e-01 1.703013992000000032e+00
2.504312755000000124e+01 1.301287946280947627e-01 1.746700609999999987e+00
2.500453910999999962e+01 1.181915875503228575e-01 1.828774952999999925e+00
2.493337414000000152e+01 1.345065229746003066e-01 1.944356736000000030e+00
2.483628567999999959e+01 1.591707684608371920e-01 2.063752480999999861e+00
2.474117453999999938e+01 1.756851529635759801e-01 2.154074035999999914e+00
2.467847045999999978e+01 1.964033444814557439e-01 2.204680200999999951e+00
2.460802085999999989e+01 2.054345136028754293e-01 2.228104114000000191e+00
2.463967273000000091e+01 2.072966438280888501e-01 2.216244468000000190e+00
2.472038449000000071e+01 2.092715052630741146e-01 2.163943925999999962e+00
2.483024423999999897e+01 1.974576219221216289e-01 2.066725032999999989e+00
2.494628957999999841e+01 1.671133205722792059e-01 1.928215613999999967e+00
2.504393183999999906e+01 1.298866603226705718e-01 1.773168966999999929e+00
2.510886663000000141e+01 1.105270299266064155e-01 1.640204546000000096e+00
2.514316788000000003e+01 1.130383928245161235e-01 1.554141822000000062e+00
2.515671904999999953e+01 1.191690585202151015e-01 1.515655374999999916e+00
2.515659069000000159e+01 1.192071230979999813e-01 1.516199011000000096e+00
2.514281122999999951e+01 1.131633375698872651e-01 1.555430316999999896e+00
2.510833747999999943e+01 1.107310927243772974e-01 1.641291877000000010e+00
2.504324584000000087e+01 1.301598345113289534e-01 1.772727946000000054e+00
2.494537878999999947e+01 1.674863440238311407e-01 1.924935979000000019e+00
2.482901444999999896e+01 1.978405316200008424e-01 2.059963456999999831e+00
2.471888987999999898e+01 2.095741870777021454e-01 2.154520710999999977e+00
2.463837857000000042e+01 2.076237886638171437e-01 2.207648406000000119e+00
2.456724265000000074e+01 1.977975152568718642e-01 2.232239906999999857e+00
2.460790791000000155e+01 2.136686259913512798e-01 2.218440692000000158e+00
2.470032051000000095e+01 2.299033718589881814e-01 2.162565271000000067e+00
2.481967536999999879e+01 2.240351361751684311e-01 2.063734752999999866e+00
2.494648966000000101e+01 1.937817033630643837e-01 1.919274772999999934e+00
2.505987817000000106e+01 1.500562427501018203e-01 1.744603055000000014e+00
2.514347379000000160e+01 1.127620388056726902e-01 1.577541341000000097e+00
2.519323577000000114e+01 9.576759649169447330e-02 1.455908197000000071e+00
2.521500843999999830e+01 9.246257831328723309e-02 1.395669048000000023e+00
2.521488177000000164e+01 9.257853858788346602e-02 1.396160325000000091e+00
2.519288669000000169e+01 9.604736692288810829e-02 1.457026761999999920e+00
2.514295861000000087e+01 1.130512952916951086e-01 1.578309073000000007e+00
2.505920301000000094e+01 1.503384052633862933e-01 1.743715683000000016e+00
2.494558229000000082e+01 1.941215904072552401e-01 1.915638291999999909e+00
2.481846493000000109e+01 2.243924787448799418e-01 2.057027709999999843e+00
2.469886024999999918e+01 2.302198113729652662e-01 2.153463043999999993e+00
2.460652149999999949e+01 2.139129149393113605e-01 2.209201418000000139e+00
2.454442646000000039e+01 1.910621890465782624e-01 2.234603153000000120e+00
2.459044524999999837e+01 2.166405429762086887e-01 2.219405726999999828e+00
2.468865534000000039e+01 2.396665781427760045e-01 2.161363495999999884e+00
2.481271634000000148e+01 2.372453141509772712e-01 2.061778145999999978e+00
2.494439381000000111e+01 2.079136546344568792e-01 1.915420829000000102e+00
2.506467938999999845e+01 1.623482692738276723e-01 1.732808493000000061e+00
2.515721441999999897e+01 1.188397348782421203e-01 1.549558857999999928e+00
2.521523181999999963e+01 9.221667157821751559e-02 1.408911052999999969e+00
2.524175333000000165e+01 8.237536311224975816e-02 1.336112935999999918e+00
2.524164401999999896e+01 8.251361721202653265e-02 1.336599861999999916e+00
2.521493149999999872e+01 9.250842606474139751e-02 1.410007556999999911e+00
2.515676704999999913e+01 1.191073403784973783e-01 1.550266023999999909e+00
2.506407141000000038e+01 1.626215950758859718e-01 1.731836509000000079e+00
2.494354283999999922e+01 2.082550403639933101e-01 1.911777566000000039e+00
2.481156036999999870e+01 2.376168292851238983e-01 2.055237770000000186e+00
2.468724599000000097e+01 2.400103293712997077e-01 2.152485631999999871e+00
2.458903907999999916e+01 2.168866666618463612e-01 2.209897808000000019e+00
2.461717399999999856e+01 6.099246817349360250e-02 2.289948873000000162e+00
2.465491545000000073e+01 1.241312452378344200e-01 2.294752684000000098e+00
2.474552957999999947e+01 1.464573523156083301e-01 2.271510825000000011e+00
2.481941501000000017e+01 9.196741225371267425e-02 2.248425526000000119e+00
2.483185904000000122e+01 1.685001996140300107e-01 2.240354868999999916e+00
2.480268245999999976e+01 2.288306347014472941e-01 2.243296232000000057e+00
2.475955653000000112e+01 2.515696871128939027e-01 2.250886839000000084e+00
2.472077669999999827e+01 2.554178403337379888e-01 2.259366964999999894e+00
2.469822595999999848e+01 2.535539764646371763e-01 2.265828169000000170e+00
2.469820205999999985e+01 2.534913148720803200e-01 2.268045456999999931e+00
2.472073022000000009e+01 2.552660105247065991e-01 2.265713843999999977e+00
2.475955894000000157e+01 2.514102544319570254e-01 2.260681759000000124e+00
2.480284307000000155e+01 2.287354437849400124e-01 2.255826003000000135e+00
2.483230779999999882e+01 1.684018774236127614e-01 2.254936091999999892e+00
2.482019614000000018e+01 9.144194003610389698e-02 2.263554828000000185e+00
2.474633168000000083e+01 1.469331622456676312e-01 2.283330394000000041e+00
2.465535927999999899e+01 1.248780255062342526e-01 2.300595691999999914e+00
2.465398366999999880e+01 1.246952600500046693e-01 2.159563712999999829e+00
2.466938019999999909e+01 1.095095195180804809e-01 2.227502626000000152e+00
2.474499635000000097e+01 1.293699504095035535e-01 2.264658075999999909e+00
2.481380946000000165e+01 9.437915445297558048e-02 2.247383500999999839e+00
2.483126409999999851e+01 1.549694335208227358e-01 2.236824110999999782e+00
2.481171615999999958e+01 2.100952731324527145e-01 2.234089318000000102e+00
2.477915709999999905e+01 2.364538864186495615e-01 2.233724555999999861e+00
2.474982641000000072e+01 2.478298271352321891e-01 2.233001726999999992e+00
2.473310500999999917e+01 2.523003893294283873e-01 2.232562043999999801e+00
2.473304963000000001e+01 2.522180214451256175e-01 2.234506651999999871e+00
2.474969430999999886e+01 2.476254422401169830e-01 2.238831515000000216e+00
2.477904386999999886e+01 2.362372222954403633e-01 2.243213063999999868e+00
2.481176097000000169e+01 2.099750611298538128e-01 2.246619361000000037e+00
2.483162550000000124e+01 1.549017465148560257e-01 2.251483868000000221e+00
2.481458482000000032e+01 9.385244052887226074e-02 2.262404130000000180e+00
2.474603679999999883e+01 1.292252495477478058e-01 2.276238907000000200e+00
2.467045377000000173e+01 1.099869300613130207e-01 2.232887486000000088e+00
2.474472619999999878e+01 1.468111264022567697e-01 2.117501148000000111e+00
2.474425924000000165e+01 1.293937391038825491e-01 2.128539909000000119e+00
2.475359720000000152e+01 6.274425053035909139e-02 2.201692769000000105e+00
2.479739732000000174e+01 1.009270792625455299e-01 2.244471138999999837e+00
2.482993895999999978e+01 1.175441162607718387e-01 2.220232010000000145e+00
2.483705306999999962e+01 1.587289906379505400e-01 2.197110390000000191e+00
2.483000257000000133e+01 1.973454778909273510e-01 2.179350052999999843e+00
2.481959670000000173e+01 2.237940633121296985e-01 2.167048369000000196e+00
2.481272734999999940e+01 2.369073817859449482e-01 2.161219626999999921e+00
2.481265091999999939e+01 2.368197941050821653e-01 2.162886535999999804e+00
2.481940084000000013e+01 2.235616141258079670e-01 2.172134455000000131e+00
2.482978444999999823e+01 1.970557945598744309e-01 2.187972225000000215e+00
2.483696537000000149e+01 1.585112483950365525e-01 2.209099467999999789e+00
2.483017592999999934e+01 1.174404874125635490e-01 2.234753881000000053e+00
2.479816435000000041e+01 1.004076376384028663e-01 2.259187331000000132e+00
2.475472411000000150e+01 6.247391444639817382e-02 2.210819601999999939e+00
2.474470370999999957e+01 1.285674284465092021e-01 2.130480362000000127e+00
2.481856308000000055e+01 9.118906418267951064e-02 2.100433976000000147e+00
2.481302303000000009e+01 9.358304245928041054e-02 2.100162475999999945e+00
2.479677424999999857e+01 1.000769738877900078e-01 2.098909486999999796e+00
2.477218312999999839e+01 1.092659278463516404e-01 2.133644831999999880e+00
2.483563604000000069e+01 8.653111905075294708e-02 2.144923116000000185e+00
2.487601318000000106e+01 1.047949829447599596e-01 2.106940912000000221e+00
2.489639442000000003e+01 1.471091947552190526e-01 2.080759946000000138e+00
2.490444478999999944e+01 1.810022137072857529e-01 2.064741677999999858e+00
2.490667043999999919e+01 1.984551907238849833e-01 2.057683362000000127e+00
2.490656960999999825e+01 1.983711590482564180e-01 2.059197691000000052e+00
2.490417718999999863e+01 1.807751563590341004e-01 2.069238744000000185e+00
2.489605432999999834e+01 1.467953073826225030e-01 2.088062358000000174e+00
2.487572549000000066e+01 1.044266856400955928e-01 2.116650627999999923e+00
2.483551025999999950e+01 8.614589281447591895e-02 2.156499048000000140e+00
2.477228936999999931e+01 1.090484321701110232e-01 2.249550424000000159e+00
2.479674441999999956e+01 1.000477794460443992e-01 2.098560597000000083e+00
2.481300712999999902e+01 9.356746107785912647e-02 2.099758363999999933e+00
2.483064045000000064e+01 1.682560166068021446e-01 2.112972405999999914e+00
2.483025386999999995e+01 1.542998676615638942e-01 2.104826713000000016e+00
2.482926684999999978e+01 1.162707706570626637e-01 2.074638172999999863e+00
2.483541381999999942e+01 8.640117282597500892e-02 2.013517019000000019e+00
2.487432131999999996e+01 1.191344653734990183e-01 1.980455206000000024e+00
2.492642963999999850e+01 1.072549135648410840e-01 1.960504011000000046e+00
2.496451006999999933e+01 1.105722322306675331e-01 1.937956682999999902e+00
2.498651114000000106e+01 1.297038701881381983e-01 1.922835765999999946e+00
2.499607991999999967e+01 1.435962696867535415e-01 1.916272844999999947e+00
2.499595133000000047e+01 1.435385163067230685e-01 1.917618285999999950e+00
2.498616333000000012e+01 1.295568855977915212e-01 1.926612720000000056e+00
2.496403438999999835e+01 1.103888212264524243e-01 1.943296901000000076e+00
2.492589544000000146e+01 1.070723971875865571e-01 1.965538572999999900e+00
2.487361372999999887e+01 1.191411903380675680e-01 1.980813208000000047e+00
2.483443052000000151e+01 8.635576372848290105e-02 2.006046957000000130e+00
2.482856323000000032e+01 1.172994206949603269e-01 2.069713920999999957e+00
2.482989557999999874e+01 1.549507506739968843e-01 2.102643259999999792e+00
2.480093826999999962e+01 2.290120331303166223e-01 2.126221460000000008e+00
2.481036148999999824e+01 2.098090133773661825e-01 2.114003659000000201e+00
2.483629827000000034e+01 1.579214266080102291e-01 2.070287990999999828e+00
2.487584719000000177e+01 1.044020869516568834e-01 1.991421466000000029e+00
2.492652881000000065e+01 1.074859251557108153e-01 1.896409409999999962e+00
2.498044014999999973e+01 1.160966780583431168e-01 1.820943243999999961e+00
2.502559301000000147e+01 1.054339254877779547e-01 1.774618779999999951e+00
2.505569565000000054e+01 9.750477778672680951e-02 1.750788473000000067e+00
2.507020460000000028e+01 9.708900127481592812e-02 1.741806007999999961e+00
2.507005124000000151e+01 9.710674351720827158e-02 1.742910599000000005e+00
2.505527876000000020e+01 9.756003813673004565e-02 1.753612699999999913e+00
2.502500752999999989e+01 1.054977919120223262e-01 1.777633795000000072e+00
2.497973436999999919e+01 1.161709300623542801e-01 1.821592273999999900e+00
2.492562708999999899e+01 1.076754021173618459e-01 1.892305528999999931e+00
2.487474286999999862e+01 1.047619978480021641e-01 1.983973057000000040e+00
2.483527600000000035e+01 1.586448773342943597e-01 2.063708815000000030e+00
2.480975533999999882e+01 2.103802843580130644e-01 2.110449104999999825e+00
2.475728999000000030e+01 2.519221964077248965e-01 2.134217441000000104e+00
2.477749826000000155e+01 2.363973846121834310e-01 2.119701346999999902e+00
2.482915819999999840e+01 1.970704023605940880e-01 2.068357456999999844e+00
2.489621744000000092e+01 1.469520768576706715e-01 1.978040283999999982e+00
2.496469335999999828e+01 1.106676449130414436e-01 1.856441213999999951e+00
2.502579477000000097e+01 1.055374266336748662e-01 1.730357047999999898e+00
2.507464948999999876e+01 1.054123203905114187e-01 1.634093341000000033e+00
2.510832715000000093e+01 9.667821877536579567e-02 1.580627444000000104e+00
2.512530871999999960e+01 8.856692376303720859e-02 1.560114768000000041e+00
2.512514262999999914e+01 8.866953063009637426e-02 1.560954522999999927e+00
2.510787858000000128e+01 9.689592239234326443e-02 1.582515539999999943e+00
2.507402125000000126e+01 1.056041214059349059e-01 1.635315644999999929e+00
2.502503490999999869e+01 1.057190745507873286e-01 1.728948139000000106e+00
2.496375490000000141e+01 1.109671845472524482e-01 1.851702972000000003e+00
2.489508478999999852e+01 1.473555489036676436e-01 1.971133594999999961e+00
2.482799861999999891e+01 1.975516072044876670e-01 2.061359201999999780e+00
2.477670137000000139e+01 2.368391074268830498e-01 2.115047887999999876e+00
2.471808710000000175e+01 2.558384535225617928e-01 2.138534480000000126e+00
2.474798786999999933e+01 2.479695744832499105e-01 2.122650371999999841e+00
2.481869893000000005e+01 2.238758094333687387e-01 2.066066850999999982e+00
2.490424402000000015e+01 1.810978884092557251e-01 1.969018216000000043e+00
2.498674201000000039e+01 1.298137325994863367e-01 1.835145916000000099e+00
2.505606171000000160e+01 9.759993288006896250e-02 1.681762283999999941e+00
2.510856951999999964e+01 9.669354809513534821e-02 1.544023520999999954e+00
2.514388586000000103e+01 1.006976936963730890e-01 1.453662535000000089e+00
2.516174001999999987e+01 9.980655056608433995e-02 1.414466433999999939e+00
2.516157876999999843e+01 9.992075008192853602e-02 1.415121998000000048e+00
2.514345448999999988e+01 1.009362704809175504e-01 1.454983946000000028e+00
2.510796846999999943e+01 9.691111586809592060e-02 1.544450674999999995e+00
2.505532884000000138e+01 9.783136415492146853e-02 1.679900495000000049e+00
2.498583410999999899e+01 1.301418230631820050e-01 1.830740857999999971e+00
2.490313938999999976e+01 1.814868927887909877e-01 1.962786750000000024e+00
2.481750579999999928e+01 2.242728056108547752e-01 2.059167899000000190e+00
2.474706013999999854e+01 2.483112995035609838e-01 2.117182244999999963e+00
2.469528323999999841e+01 2.540068628845453258e-01 2.140481578999999801e+00
2.473119778999999951e+01 2.525982562805911269e-01 2.123993480000000211e+00
2.481181143999999961e+01 2.371862310515414352e-01 2.064381500000000091e+00
2.490646418000000040e+01 1.987207891318515385e-01 1.964100720000000022e+00
2.499634930999999938e+01 1.437976247800428209e-01 1.825394685000000017e+00
2.507068221000000108e+01 9.718549739995271941e-02 1.661101702000000069e+00
2.512573047000000059e+01 8.853121376699595035e-02 1.503370593999999949e+00
2.516194966000000122e+01 9.974319103713720491e-02 1.390465531999999893e+00
2.518007525999999885e+01 1.056488963675803333e-01 1.337562595999999937e+00
2.517993438999999967e+01 1.057428022907276055e-01 1.338150557999999934e+00
2.516157474999999977e+01 9.994061411465056388e-02 1.391607387999999945e+00
2.512520501999999922e+01 8.872622346600121668e-02 1.503631861999999986e+00
2.507002398999999926e+01 9.742517690501911742e-02 1.659309291000000020e+00
2.499550937000000062e+01 1.441276176135384557e-01 1.821356938999999953e+00
2.490541868000000036e+01 1.991059412647576410e-01 1.958317155999999892e+00
2.481064487000000085e+01 2.375696452968038552e-01 2.057654916000000167e+00
2.473022156000000038e+01 2.529006934500324100e-01 2.118100713000000024e+00
2.457190332000000055e+01 7.263066238430501698e-02 2.304020847999999955e+00
2.460915896999999930e+01 1.319508619757330803e-01 2.304712128999999887e+00
2.470986309999999975e+01 1.925081625424096554e-01 2.280209350999999884e+00
2.483203307000000137e+01 1.683001903142356814e-01 2.246631235999999809e+00
2.491639407999999989e+01 1.108516619970789097e-01 2.218024876999999950e+00
2.493935821999999902e+01 1.742401881971859801e-01 2.204664415999999960e+00
2.492287306000000058e+01 2.354381295392039275e-01 2.202756715000000032e+00
2.489556917999999897e+01 2.629512932705156958e-01 2.205979212999999994e+00
2.487701318999999955e+01 2.713312545250691765e-01 2.210208665000000128e+00
2.487693867999999853e+01 2.712311786293993277e-01 2.213130592000000174e+00
2.489538482000000030e+01 2.626971703538009684e-01 2.214360206999999914e+00
2.492268712999999991e+01 2.351221819963738857e-01 2.215604873000000197e+00
2.493932084000000060e+01 1.738725941672865372e-01 2.220558373999999890e+00
2.491662712000000113e+01 1.102509709730297022e-01 2.234818707000000071e+00
2.483248199999999883e+01 1.682020354210745361e-01 2.261130462000000119e+00
2.471029739000000092e+01 1.928317372811206298e-01 2.289980003000000153e+00
2.460940868999999864e+01 1.323541417163049683e-01 2.309413596999999818e+00
2.460774913999999924e+01 1.324221660203164785e-01 2.162772589999999884e+00
2.463091345000000132e+01 1.334342249739192132e-01 2.232299755000000108e+00
2.471918351000000058e+01 1.748443674260956038e-01 2.265070930999999899e+00
2.483129555000000011e+01 1.550313175637217933e-01 2.242454810999999992e+00
2.491139158000000009e+01 1.120270783590608665e-01 2.216546345999999890e+00
2.493817543000000114e+01 1.626370867600099301e-01 2.201369929000000170e+00
2.492962075999999882e+01 2.163183164270600645e-01 2.194974382999999918e+00
2.491040939000000165e+01 2.435475857547862999e-01 2.192525423000000195e+00
2.489702228999999889e+01 2.537840009037818367e-01 2.192354136000000064e+00
2.489691307000000009e+01 2.536744052333719801e-01 2.195137872000000101e+00
2.491013464999999982e+01 2.432770227687689191e-01 2.200662016999999970e+00
2.492932409000000149e+01 2.160103607029127681e-01 2.207683970000000162e+00
2.493805041999999972e+01 1.623211335656197796e-01 2.217191394999999954e+00
2.491160911000000056e+01 1.114244368124359258e-01 2.233181848000000080e+00
2.483187072000000128e+01 1.546114437047459433e-01 2.256693884000000150e+00
2.471997388999999856e+01 1.748115284293683958e-01 2.274235362999999843e+00
2.463179557000000131e+01 1.337690485856337375e-01 2.235869048000000081e+00
2.470845777999999981e+01 1.927940242205278543e-01 2.101378544000000126e+00
2.471801625999999885e+01 1.746130944691892950e-01 2.118688763999999836e+00
2.475702800999999909e+01 1.246297099337030090e-01 2.185143162000000139e+00
2.482969377999999949e+01 1.181126712252805605e-01 2.224277283000000160e+00
2.489681578000000073e+01 1.152221211466558787e-01 2.212356434999999788e+00
2.493393103000000011e+01 1.345570977624493680e-01 2.189805718000000123e+00
2.494601331000000144e+01 1.673629814494765056e-01 2.168590929000000056e+00
2.494622472000000002e+01 1.938156917978647586e-01 2.152005647999999827e+00
2.494411419000000052e+01 2.077846240916017828e-01 2.143533607000000174e+00
2.494397843000000137e+01 2.076785642187973790e-01 2.146047808000000057e+00
2.494587342999999890e+01 1.935435068959486249e-01 2.159527446999999878e+00
2.494560801000000083e+01 1.670432533333680303e-01 2.180745962000000038e+00
2.493370828999999844e+01 1.342380324633571376e-01 2.205274505000000218e+00
2.489701128999999824e+01 1.146265539367228581e-01 2.228539245999999974e+00
2.483041005999999840e+01 1.173617503372655635e-01 2.237459277000000135e+00
2.475800877000000000e+01 1.245681005914925088e-01 2.192105796999999967e+00
2.471856285999999869e+01 1.742689966815456348e-01 2.120543513999999963e+00
2.483058027999999950e+01 1.683234127785770695e-01 2.029630355000000108e+00
2.482990361999999962e+01 1.548995040716875937e-01 2.036308239999999881e+00
2.482864723000000140e+01 1.171833753992412991e-01 2.063867675000000013e+00
2.483462791999999908e+01 8.652341447012366904e-02 2.147769240000000135e+00
2.487399530000000070e+01 1.194910430346702995e-01 2.206145169000000017e+00
2.492645225000000053e+01 1.074557589255650675e-01 2.160747633000000167e+00
2.496464650000000063e+01 1.107319196933466560e-01 2.114007636000000190e+00
2.498666624999999897e+01 1.298157412671347988e-01 2.081757808999999959e+00
2.499621493000000072e+01 1.436747209264459535e-01 2.066343284999999863e+00
2.499605465999999865e+01 1.435971811791073582e-01 2.068605408999999895e+00
2.498624378999999962e+01 1.296072289856266824e-01 2.088514142000000184e+00
2.496412969000000004e+01 1.104432267167339138e-01 2.125042237999999806e+00
2.492610250999999977e+01 1.071043735590664764e-01 2.175300936000000185e+00
2.487416535999999923e+01 1.189033539649659715e-01 2.221637422999999778e+00
2.483532770000000056e+01 8.623391644019426372e-02 2.156805724999999896e+00
2.482914356999999939e+01 1.163777103480097275e-01 2.066573058999999990e+00
2.483014335000000017e+01 1.544560096920265801e-01 2.036874760999999978e+00
2.491480748000000034e+01 1.101348249752442665e-01 1.990290163999999917e+00
2.490987403999999827e+01 1.113004143134609103e-01 1.989220348999999999e+00
2.489544755000000009e+01 1.144534283302481165e-01 1.985795591000000027e+00
2.487283356000000012e+01 1.186679002976357422e-01 1.980520306999999924e+00
2.484587425000000138e+01 1.227370482946851526e-01 2.086212746000000173e+00
2.492248963999999845e+01 1.035355146730992243e-01 2.061994478999999991e+00
2.498175412000000151e+01 8.147354131187713178e-02 2.010434715999999788e+00
2.502011634000000129e+01 7.314488246670336480e-02 1.974431811999999953e+00
2.503842108999999994e+01 7.490597209787822064e-02 1.956968298999999911e+00
2.503823797000000084e+01 7.492151028629832898e-02 1.958952865000000099e+00
2.501962890000000073e+01 7.317198903247548736e-02 1.980169381000000062e+00
2.498112572000000142e+01 8.140828420348734940e-02 2.019275221000000009e+00
2.492192122000000154e+01 1.032884300676211869e-01 2.073078585000000196e+00
2.484556360999999924e+01 1.223983553643102906e-01 2.188188348000000172e+00
2.487274447000000066e+01 1.186075343265009518e-01 1.979930331999999904e+00
2.489538114000000135e+01 1.144098044865917152e-01 1.985058570999999938e+00
2.490983870000000167e+01 1.112774227485918699e-01 1.988805739000000017e+00
2.493750084999999928e+01 1.739348237453362533e-01 1.985444022999999891e+00
2.493647709000000035e+01 1.620803503118214139e-01 1.976511609999999974e+00
2.493248416999999861e+01 1.336658884196394448e-01 1.948235010000000100e+00
2.492530640000000020e+01 1.065818329146469429e-01 1.897543442999999996e+00
2.492177047999999928e+01 1.038061497941212274e-01 1.820373336999999925e+00
2.494968648000000044e+01 1.123046413021156348e-01 1.813513514999999909e+00
2.500215913999999984e+01 9.143335856732127953e-02 1.831123604000000071e+00
2.504433629000000039e+01 6.185195518702319567e-02 1.818824844000000107e+00
2.506620831000000038e+01 3.848559400749462095e-02 1.808475696999999993e+00
2.506600880999999958e+01 3.874908924718974135e-02 1.810091216000000003e+00
2.504380477999999854e+01 6.220716969085252762e-02 1.823089471999999933e+00
2.500145433999999867e+01 9.160513759444836868e-02 1.836000344999999978e+00
2.494892837000000085e+01 1.123507546998948059e-01 1.813875045999999935e+00
2.492103785000000116e+01 1.037142360913374944e-01 1.814086430999999999e+00
2.492469071000000014e+01 1.069056566741776598e-01 1.892845383999999909e+00
2.493200861000000046e+01 1.342207634810350936e-01 1.945469694000000027e+00
2.493621070000000017e+01 1.624690546510847988e-01 1.975250340999999965e+00
2.492068679999999858e+01 2.355688310785445938e-01 1.989943494000000035e+00
2.492772833000000077e+01 2.161151814340821764e-01 1.975788024999999948e+00
2.494458583999999846e+01 1.667224810686181169e-01 1.931584957999999963e+00
2.496371023000000022e+01 1.099936670723700993e-01 1.858509943999999914e+00
2.498125445999999883e+01 8.156967135856083018e-02 1.761777380000000059e+00
2.500200504000000024e+01 9.200693436442197726e-02 1.668321165999999911e+00
2.503254768000000041e+01 9.722229647304854450e-02 1.627567224000000090e+00
2.506442780000000070e+01 8.571936328058667176e-02 1.622932336999999947e+00
2.508357943000000034e+01 7.245627430562340265e-02 1.622972778999999921e+00
2.508337766000000002e+01 7.263071497411123512e-02 1.624118057000000004e+00
2.506389829000000091e+01 8.600878193852662390e-02 1.625388550999999904e+00
2.503186162000000081e+01 9.737437821265453042e-02 1.628524816000000097e+00
2.500127635000000126e+01 9.204052291391766338e-02 1.665304660000000103e+00
2.498047461999999896e+01 8.168188009399519889e-02 1.756409906000000021e+00
2.496289802000000080e+01 1.103965723707810431e-01 1.853388401999999990e+00
2.494386319999999913e+01 1.672597763157342432e-01 1.927856373000000012e+00
2.492728809000000112e+01 2.165092676134870997e-01 1.973850493000000039e+00
2.489310563000000087e+01 2.633276437699729744e-01 1.993172420000000056e+00
2.490839706999999947e+01 2.435947892925578728e-01 1.976424632999999931e+00
2.494488237999999924e+01 1.935499830077950789e-01 1.923725764000000060e+00
2.498593260000000171e+01 1.294593530412847526e-01 1.837643751999999964e+00
2.501983124999999930e+01 7.310211141411657176e-02 1.724544864000000066e+00
2.504431822000000096e+01 6.246076622616801577e-02 1.599640060000000030e+00
2.506449706000000077e+01 8.611593963727647016e-02 1.497684570999999965e+00
2.508375674999999916e+01 1.008675265625165740e-01 1.451587801999999927e+00
2.509666355999999965e+01 1.036370644853503026e-01 1.443449983999999908e+00
2.509647853999999967e+01 1.037263664218072007e-01 1.444176703999999978e+00
2.508328214999999872e+01 1.010133695257425662e-01 1.452755675999999996e+00
2.506389009000000101e+01 8.618441288639576425e-02 1.497217859000000040e+00
2.504364384999999871e+01 6.254294986594524652e-02 1.596716232999999985e+00
2.501906068999999988e+01 7.336836829593305909e-02 1.720116763000000049e+00
2.498507097999999971e+01 1.298362794896362193e-01 1.832959157999999977e+00
2.494404704000000095e+01 1.939774705918374531e-01 1.919719450999999966e+00
2.490784106999999992e+01 2.439373654772597766e-01 1.973981033999999912e+00
2.487439528000000166e+01 2.718528215326904696e-01 1.994361869000000009e+00
2.489498256999999981e+01 2.540180888651249469e-01 1.976799798999999913e+00
2.494286793999999929e+01 2.077982981928702122e-01 1.920366185000000003e+00
2.499563340999999994e+01 1.435884514509445653e-01 1.828044435000000023e+00
2.503830787000000058e+01 7.485988744866944877e-02 1.706565995000000058e+00
2.506635783000000117e+01 3.900278082444476324e-02 1.568812513999999991e+00
2.508379984999999834e+01 7.287632928405643473e-02 1.442028254000000009e+00
2.509680596000000108e+01 1.037743859743004565e-01 1.364147180000000015e+00
2.510539959999999837e+01 1.165936464551043800e-01 1.339605439000000064e+00
2.510524395999999925e+01 1.166341057699067929e-01 1.340147954999999946e+00
2.509641073999999961e+01 1.038211732839684764e-01 1.364899931999999927e+00
2.508328622999999880e+01 7.287750301383118245e-02 1.441399894999999987e+00
2.506575737000000004e+01 3.913304315109447651e-02 1.566270467999999916e+00
2.503758841000000146e+01 7.515515785205680033e-02 1.702733518000000057e+00
2.499479634000000061e+01 1.439340429804871480e-01 1.823762035999999975e+00
2.494201723999999842e+01 2.081696394960504681e-01 1.916365611000000024e+00
2.489438039999999930e+01 2.543223277538051996e-01 1.974076511999999894e+00
2.452176874999999967e+01 7.500284522520429820e-02 2.320067218999999792e+00
2.455805587000000045e+01 1.318037604588380152e-01 2.316706952000000097e+00
2.466044773999999862e+01 2.063434303596989039e-01 2.291029693000000034e+00
2.480290370000000166e+01 2.288757728913758116e-01 2.252523473000000109e+00
2.493954357000000144e+01 1.740292309035706142e-01 2.209255439000000099e+00
2.502670103000000168e+01 1.196380618623401892e-01 2.175207998999999948e+00
2.505790061000000080e+01 1.640315451713614814e-01 2.156745116000000184e+00
2.505693550999999886e+01 2.124766737440819953e-01 2.150008575000000199e+00
2.504931264000000013e+01 2.339242680743358616e-01 2.149797432999999813e+00
2.504917941000000070e+01 2.338353566581746479e-01 2.153178374999999978e+00
2.505659075999999885e+01 2.122570665134517476e-01 2.159625796999999903e+00
2.505749266999999847e+01 1.637456877428766777e-01 2.171099427000000137e+00
2.502641812999999971e+01 1.192003885238149957e-01 2.191890669999999819e+00
2.493950614999999971e+01 1.736630503516060076e-01 2.225133813999999877e+00
2.480306333000000052e+01 2.287831583545208436e-01 2.264963462999999955e+00
2.466065526999999946e+01 2.064715962469517163e-01 2.299114679000000105e+00
2.455819119999999955e+01 1.320140428863739723e-01 2.320584339999999912e+00
2.455614222000000169e+01 1.322339245020453524e-01 2.168285227999999787e+00
2.458656451999999959e+01 1.480025022916114652e-01 2.239379200000000125e+00
2.468013868999999971e+01 1.964699191876193574e-01 2.265868382999999930e+00
2.481168511999999993e+01 2.103739993050967039e-01 2.242471574000000079e+00
2.493824936000000037e+01 1.626203375387181016e-01 2.205578791999999844e+00
2.502119060000000061e+01 1.193735412975548554e-01 2.173631948000000147e+00
2.505451934999999963e+01 1.541637318856646233e-01 2.153966072999999870e+00
2.505831866000000119e+01 1.949784803172569803e-01 2.144383126000000139e+00
2.505426115999999936e+01 2.140102594506529399e-01 2.141767601000000187e+00
2.505409657999999951e+01 2.139309857568955087e-01 2.145089358999999973e+00
2.505789800999999883e+01 1.947977623477635256e-01 2.153887702000000015e+00
2.505403605000000056e+01 1.539501810828660666e-01 2.168207401000000090e+00
2.502088648999999876e+01 1.189415713214457965e-01 2.190142139000000210e+00
2.493829554999999942e+01 1.620469643491126710e-01 2.221159742999999853e+00
2.481207626000000133e+01 2.100349630811226831e-01 2.254363689999999920e+00
2.468076663000000082e+01 1.964370977456909029e-01 2.272766676999999902e+00
2.458730420999999922e+01 1.482238985250307894e-01 2.241731880000000121e+00
2.465848417000000126e+01 2.065601470589130684e-01 2.098008699999999838e+00
2.467871265999999864e+01 1.961394471847920373e-01 2.123407894000000073e+00
2.474152521999999976e+01 1.755438652433015667e-01 2.177936696999999810e+00
2.483664860000000019e+01 1.592454068427824609e-01 2.203426997000000220e+00
2.493386319000000029e+01 1.347956548314483416e-01 2.193145889999999820e+00
2.500521927999999861e+01 1.184436985537271614e-01 2.169159532000000112e+00
2.504390865999999960e+01 1.303189573714101657e-01 2.145019401999999964e+00
2.505972447999999986e+01 1.503964743035852425e-01 2.126155009000000096e+00
2.506439195999999825e+01 1.625543440433459830e-01 2.116621369000000197e+00
2.506420045000000130e+01 1.624982809515940207e-01 2.119763974000000051e+00
2.505923350000000127e+01 1.502761316480535903e-01 2.135272980999999959e+00
2.504334818999999968e+01 1.301709370188471326e-01 2.158865543000000109e+00
2.500488782000000043e+01 1.180299603268090969e-01 2.185175076999999799e+00
2.493398565000000033e+01 1.340491116373348501e-01 2.207862965999999982e+00
2.483723640999999915e+01 1.587627825090348888e-01 2.213791599999999971e+00
2.474233161000000081e+01 1.755364839137285304e-01 2.182984015999999805e+00
2.467927356999999944e+01 1.960428385237622806e-01 2.124990696999999873e+00
2.480085688000000133e+01 2.290099760409471108e-01 1.996661298999999890e+00
2.480982185999999956e+01 2.102227156959239063e-01 2.008764138000000088e+00
2.483546180000000092e+01 1.584770428006762044e-01 2.047723245999999886e+00
2.487503577000000021e+01 1.048354744331265742e-01 2.111603729000000040e+00
2.492610276999999996e+01 1.079883663617515061e-01 2.163969830000000094e+00
2.498044237999999950e+01 1.164187595763592209e-01 2.162506926999999912e+00
2.502582496000000134e+01 1.056447505872947085e-01 2.127179386999999977e+00
2.505598681000000028e+01 9.768210965927963396e-02 2.091142740000000000e+00
2.507046598999999887e+01 9.724760437194140961e-02 2.071416297999999934e+00
2.507025236000000135e+01 9.725791342402280437e-02 2.074307221000000201e+00
2.505543431999999981e+01 9.769620821916753795e-02 2.099633834000000032e+00
2.502518780999999848e+01 1.055565431371098400e-01 2.140352397000000018e+00
2.498008190999999911e+01 1.160276948120106261e-01 2.177774074999999865e+00
2.492629316000000017e+01 1.073248818565912532e-01 2.176843834000000033e+00
2.487563905000000020e+01 1.044403945458270838e-01 2.119062192999999983e+00
2.483605829000000043e+01 1.580967598701857046e-01 2.050745864000000029e+00
2.481015847000000107e+01 2.099602569915149097e-01 2.009575578000000196e+00
2.493743999000000144e+01 1.740066243114607725e-01 1.898176737000000003e+00
2.493622711000000081e+01 1.624825785986664384e-01 1.903826989999999997e+00
2.493210373000000146e+01 1.342033519297343158e-01 1.922532622999999941e+00
2.492487356000000176e+01 1.069040106139689528e-01 1.964218315999999964e+00
2.492140459000000163e+01 1.038563279775826798e-01 2.067806694000000167e+00
2.494965746999999823e+01 1.125952193509016236e-01 2.154664074999999901e+00
2.500229905999999858e+01 9.164657221061986436e-02 2.089165810999999984e+00
2.504449602000000041e+01 6.203361371147677467e-02 2.029616524000000144e+00
2.506634632999999823e+01 3.870891372339137909e-02 2.000148831000000182e+00
2.506611622000000139e+01 3.896151290271727269e-02 2.002719010999999938e+00
2.504389450000000039e+01 6.232514950684121813e-02 2.037182317000000076e+00
2.500158243999999996e+01 9.161955850717040661e-02 2.101260986000000219e+00
2.494927003999999826e+01 1.122224814351994587e-01 2.169043097999999947e+00
2.492161331999999874e+01 1.037145647619205635e-01 2.076195407000000159e+00
2.492516529999999975e+01 1.065408917930020100e-01 1.967604106000000019e+00
2.493233714000000134e+01 1.337181412447714102e-01 1.923701845999999938e+00
2.493635645999999895e+01 1.621816777343808580e-01 1.904131964999999926e+00
2.502455644999999862e+01 1.192371420989309094e-01 1.838086282999999987e+00
2.501912311999999972e+01 1.189619138193061809e-01 1.836428514999999928e+00
2.500329229999999825e+01 1.179911126219110595e-01 1.831649961999999965e+00
2.497869675000000100e+01 1.159145712437593678e-01 1.824525772000000101e+00
2.494810423999999927e+01 1.120501915890249334e-01 1.816104786999999998e+00
2.491717969999999838e+01 1.054810134141054012e-01 2.026476963999999992e+00
2.498154820999999970e+01 8.878241059654051748e-02 1.965274621999999916e+00
2.502848322999999908e+01 6.285904445419823738e-02 1.914867534000000093e+00
2.505277797000000106e+01 3.866797775736614123e-02 1.888561165000000042e+00
2.505254030000000043e+01 3.902788451714905849e-02 1.890688885999999957e+00
2.502785645000000159e+01 6.328615107874274726e-02 1.920870757000000095e+00
2.498075017000000031e+01 8.887912527081238967e-02 1.974243267000000079e+00
2.491648291999999998e+01 1.052417170414845643e-01 2.093963127999999951e+00
2.494792935999999983e+01 1.119759172222767746e-01 1.816037526999999985e+00
2.497854012999999895e+01 1.158552537551689049e-01 1.824220090999999933e+00
2.500317489000000037e+01 1.179497560298017750e-01 1.831427337999999905e+00
2.501906033999999934e+01 1.189405945368539469e-01 1.836325610000000053e+00
2.505569330999999877e+01 1.639125399381734516e-01 1.813851483999999958e+00
2.505244511000000074e+01 1.538957169092646238e-01 1.804838407999999950e+00
2.504204448999999855e+01 1.298469011078444979e-01 1.778185370999999959e+00
2.502419580999999837e+01 1.051489256178846227e-01 1.734607172000000030e+00
2.500090166000000025e+01 9.157041745050335801e-02 1.670627027999999958e+00
2.498052773999999943e+01 8.950112856422658136e-02 1.583303464999999965e+00
2.498797572999999872e+01 8.487699478706631218e-02 1.623282786999999949e+00
2.501773577999999887e+01 7.903341164736435442e-02 1.699568873999999896e+00
2.503702708999999871e+01 7.336910934682999708e-02 1.712513053999999979e+00
2.503679835999999881e+01 7.352922797720558290e-02 1.713960405999999992e+00
2.501714494000000144e+01 7.929589977255259436e-02 1.702668757000000088e+00
2.498727994000000052e+01 8.497046437107116934e-02 1.623207274000000089e+00
2.497998478999999961e+01 8.941243267475393330e-02 1.578985292999999901e+00
2.500040552999999832e+01 9.154575064106486304e-02 1.667255551000000002e+00
2.502372835999999978e+01 1.053475008916610611e-01 1.732543753999999936e+00
2.504166461000000155e+01 1.301707972050670237e-01 1.777137951000000049e+00
2.505222859999999940e+01 1.541345437899921123e-01 1.804442375000000043e+00
2.505466995999999824e+01 2.127264759700265295e-01 1.805183584999999979e+00
2.505627469999999946e+01 1.949951288231023538e-01 1.791401009000000100e+00
2.505804403000000136e+01 1.500416399931610301e-01 1.750833963999999909e+00
2.505469425000000072e+01 9.710143643677718317e-02 1.686616770000000098e+00
2.504354474000000153e+01 6.186271835508993372e-02 1.602306432000000003e+00
2.502783584999999889e+01 6.356906336331838436e-02 1.504770348000000091e+00
2.501744225999999927e+01 7.970085699391747658e-02 1.432595199999999958e+00
2.502076312000000158e+01 9.334069127798241827e-02 1.450791710999999928e+00
2.502840914000000083e+01 9.973457928646227433e-02 1.489533325000000019e+00
2.502821374000000176e+01 9.977963183978730277e-02 1.490189251999999964e+00
2.502028960000000168e+01 9.336939919547639077e-02 1.451310641000000068e+00
2.501691122000000078e+01 7.964481130168772627e-02 1.430841357999999897e+00
2.502729506000000015e+01 6.349897349350136500e-02 1.501452561000000019e+00
2.504295683000000139e+01 6.193770041787951403e-02 1.599049809999999905e+00
2.505408684000000008e+01 9.738800024360703966e-02 1.684230592000000026e+00
2.505751373000000015e+01 1.504049208820810446e-01 1.749452428999999976e+00
2.505595690999999903e+01 1.952558710079643767e-01 1.790821194999999921e+00
2.504703622999999979e+01 2.344045907852079225e-01 1.801888174999999981e+00
2.505228774000000058e+01 2.142361484023616036e-01 1.786168616000000098e+00
2.506290733000000159e+01 1.623781123594857378e-01 1.739673489999999934e+00
2.506947157000000104e+01 9.672168759035401631e-02 1.666238279999999961e+00
2.506574187000000009e+01 3.805827093686361962e-02 1.571578077999999934e+00
2.505244455000000059e+01 3.915275616577836709e-02 1.464169301000000090e+00
2.503688603000000157e+01 7.399690078953748140e-02 1.366157601000000055e+00
2.502840454000000037e+01 1.000393724019092712e-01 1.326685722999999983e+00
2.502767937999999859e+01 1.128231582910284442e-01 1.342587892000000060e+00
2.502752742999999924e+01 1.128089908604392733e-01 1.342894056000000003e+00
2.502804430999999852e+01 9.995178732221444984e-02 1.326652887000000058e+00
2.503645209000000094e+01 7.386361136026428631e-02 1.364621890000000004e+00
2.505194619999999972e+01 3.902911754507935871e-02 1.461462929999999938e+00
2.506515947999999838e+01 3.819569194350470875e-02 1.568732389000000005e+00
2.506883721999999892e+01 9.699006707068943967e-02 1.663969398000000099e+00
2.506232676999999853e+01 1.626928667113734794e-01 1.738230125999999931e+00
2.505192622999999941e+01 2.144710711832183425e-01 1.785499710000000073e+00
2.447381883999999985e+01 6.590258712216535975e-02 2.335776652999999925e+00
2.450911878999999871e+01 1.243358232099733979e-01 2.329412180999999915e+00
2.461046178999999867e+01 2.052207602537615694e-01 2.302800545999999837e+00
2.475977596999999975e+01 2.517564676620983044e-01 2.261385477000000144e+00
2.492317457000000047e+01 2.353928334902913866e-01 2.209896967000000156e+00
2.505811346000000128e+01 1.637839293711406685e-01 2.160055278999999828e+00
2.513918669999999977e+01 1.145142508159134459e-01 2.123704335000000221e+00
2.517318261000000135e+01 1.352945279513421695e-01 2.103676929000000140e+00
2.518220248000000083e+01 1.589334883974632684e-01 2.096764574999999908e+00
2.518203837000000078e+01 1.589406173283169355e-01 2.100026689999999974e+00
2.517275581000000173e+01 1.353355058527156707e-01 2.112812965999999903e+00
2.513866910999999860e+01 1.144865243030874224e-01 2.136846484999999962e+00
2.505770563999999823e+01 1.635001477672319847e-01 2.174435628999999981e+00
2.492298784000000111e+01 2.350806206482636551e-01 2.222747694999999801e+00
2.475977598000000057e+01 2.515998458733907928e-01 2.271123606999999822e+00
2.461054123999999987e+01 2.052303617273565084e-01 2.309109868000000176e+00
2.450918572999999867e+01 1.244322179370223047e-01 2.332437302000000212e+00
2.450669841999999932e+01 1.246815598258582403e-01 2.174056102999999851e+00
2.454364194000000055e+01 1.554677606201856077e-01 2.246972282999999848e+00
2.464024584999999945e+01 2.076404302218793352e-01 2.265644310999999966e+00
2.477899976999999865e+01 2.368618783073870027e-01 2.243273444999999811e+00
2.492971989000000121e+01 2.164677494970012883e-01 2.201575345000000183e+00
2.505464556000000087e+01 1.540752719188061837e-01 2.157061511999999848e+00
2.513146444999999929e+01 1.135975864345053349e-01 2.122568958000000006e+00
2.516568638000000036e+01 1.287768923406266142e-01 2.102090978000000110e+00
2.517602211999999895e+01 1.475768083207786852e-01 2.094225218000000055e+00
2.517583610000000149e+01 1.476121750638045849e-01 2.097456691000000095e+00
2.516521450999999843e+01 1.288869417276504448e-01 2.111147647000000127e+00
2.513092812000000009e+01 1.135821040869490206e-01 2.135571333000000127e+00
2.505429840000000041e+01 1.536522009120871723e-01 2.171178854999999963e+00
2.492971159000000014e+01 2.159625804725896214e-01 2.213923721000000011e+00
2.477931565000000091e+01 2.365698182508735592e-01 2.252042262999999878e+00
2.464078637000000072e+01 2.076251450821666455e-01 2.270278859999999899e+00
2.454427646999999979e+01 1.556066787909787252e-01 2.248407010999999844e+00
2.460797763000000060e+01 2.053791218890144432e-01 2.098706183000000003e+00
2.463873424999999884e+01 2.074167692568938126e-01 2.134413117999999887e+00
2.471931664999999967e+01 2.094381788929132737e-01 2.174967362999999931e+00
2.482943674999999928e+01 1.978624482792396555e-01 2.186684721000000220e+00
2.494589635000000172e+01 1.677202148565014317e-01 2.173960616000000012e+00
2.504395109000000019e+01 1.304057163189028534e-01 2.147641335999999956e+00
2.510917889999999986e+01 1.107540368204265602e-01 2.119365316000000110e+00
2.514360775000000103e+01 1.131276154082929142e-01 2.097046417000000051e+00
2.515715003000000038e+01 1.192719992477809104e-01 2.085816364999999895e+00
2.515694373999999911e+01 1.193493507650071062e-01 2.088942550000000065e+00
2.514309216999999919e+01 1.133129953961494463e-01 2.105844182999999870e+00
2.510862144000000029e+01 1.107567145357511024e-01 2.131966718999999788e+00
2.504365466999999867e+01 1.299127141402986463e-01 2.161056330000000081e+00
2.494602902000000100e+01 1.671069769622457180e-01 2.185120504999999991e+00
2.482994422000000156e+01 1.975637815574318723e-01 2.193841488999999978e+00
2.471998780999999923e+01 2.094260952388077579e-01 2.178328060000000121e+00
2.463927617999999953e+01 2.074250324568888970e-01 2.135686149000000089e+00
2.475721336000000150e+01 2.518782208579911086e-01 1.982094581999999994e+00
2.477685539999999875e+01 2.366519167602150198e-01 2.002069060999999817e+00
2.482827942000000121e+01 1.974002994294672686e-01 2.044144190999999999e+00
2.489543880000000087e+01 1.473648810846193702e-01 2.086547748000000091e+00
2.496424581999999859e+01 1.111963840534609810e-01 2.118886335000000010e+00
2.502574648999999951e+01 1.059424558463541999e-01 2.129799604000000013e+00
2.507489302999999836e+01 1.056170765237604975e-01 2.114646529999999913e+00
2.510868912999999836e+01 9.681591594649205379e-02 2.087376021999999942e+00
2.512566410999999889e+01 8.872746099254073815e-02 2.068984202999999855e+00
2.512544069000000135e+01 8.886083225378671457e-02 2.071944883000000015e+00
2.510813424999999910e+01 9.705819358164158306e-02 2.095777318000000111e+00
2.507431538999999887e+01 1.056361949375680259e-01 2.126649161000000010e+00
2.502549222000000029e+01 1.055406295514884629e-01 2.142042446000000044e+00
2.496445260000000133e+01 1.106734501969644652e-01 2.128223773999999846e+00
2.489596039999999988e+01 1.470783427219543027e-01 2.092018744999999846e+00
2.482884960999999890e+01 1.972308952292181339e-01 2.046634886000000098e+00
2.477722709000000023e+01 2.365150217685915435e-01 2.002930375000000041e+00
2.492059791999999874e+01 2.355869843879053738e-01 1.845624053999999958e+00
2.492733321000000046e+01 2.164404005340671289e-01 1.857608544000000084e+00
2.494402410000000003e+01 1.671836931655796832e-01 1.891158408999999985e+00
2.496316288999999955e+01 1.103880611868175293e-01 1.943543856000000014e+00
2.498089390999999893e+01 8.177622502832306017e-02 2.016660717000000158e+00
2.500195506000000023e+01 9.216980435787291981e-02 2.093597806000000006e+00
2.503275181000000060e+01 9.738333631434167859e-02 2.109154628000000198e+00
2.506470806999999823e+01 8.587715213401224401e-02 2.069506044000000156e+00
2.508384378999999953e+01 7.263718597061057103e-02 2.038184434000000156e+00
2.508360777000000041e+01 7.280570230138232179e-02 2.040929912000000179e+00
2.506412007999999858e+01 8.612610648162249971e-02 2.077423059000000016e+00
2.503215790000000140e+01 9.741161274698312278e-02 2.120453251999999900e+00
2.500174718999999968e+01 9.205720194386618482e-02 2.103929208999999911e+00
2.498108394999999859e+01 8.163408791766534056e-02 2.023482384999999883e+00
2.496352214999999930e+01 1.100640740719069088e-01 1.947287921999999893e+00
2.494436703999999949e+01 1.668248444626730664e-01 1.892847783999999978e+00
2.492753691000000060e+01 2.162139952608803650e-01 1.858177825999999921e+00
2.505563602000000145e+01 1.639834851900083545e-01 1.727502725999999988e+00
2.505226619999999826e+01 1.541735635770276613e-01 1.733011295000000063e+00
2.504179762000000053e+01 1.301817701248790538e-01 1.749919607000000044e+00
2.502395024000000134e+01 1.053431547098094001e-01 1.780639370000000055e+00
2.500072907999999927e+01 9.154266125102723806e-02 1.838676819000000018e+00
2.498052678999999898e+01 8.943522721483118665e-02 1.975558825000000018e+00
2.498817495000000122e+01 8.498224814547238049e-02 2.103624444999999898e+00
2.501792376999999945e+01 7.912913142155086899e-02 2.028871026000000022e+00
2.503718373999999969e+01 7.346804154914210461e-02 1.979096943000000053e+00
2.503694182999999995e+01 7.360731984734494859e-02 1.981547699000000051e+00
2.501730965000000140e+01 7.933616055491490848e-02 2.036175146999999797e+00
2.498756974999999869e+01 8.501205374265728698e-02 2.114237753999999914e+00
2.498038949000000031e+01 8.959837438807752297e-02 1.981907038999999981e+00
2.500076028999999878e+01 9.156838507186379483e-02 1.842327841999999993e+00
2.502402402999999964e+01 1.051121050809955687e-01 1.782631545999999956e+00
2.504187255000000079e+01 1.298652912503387713e-01 1.750890733000000088e+00
2.505231251000000015e+01 1.539664191842550212e-01 1.733384524000000093e+00
2.513687914000000134e+01 1.145994176772566625e-01 1.652338564999999981e+00
2.512923917999999901e+01 1.136468701458548669e-01 1.650754328000000104e+00
2.510708383000000055e+01 1.107285116088398552e-01 1.646583971000000091e+00
2.507295442999999935e+01 1.055109903982376085e-01 1.640550286000000080e+00
2.503097041999999917e+01 9.722407391061278770e-02 1.633634298999999901e+00
2.498652640999999974e+01 8.481711265336885908e-02 1.627068728000000020e+00
2.494762857999999994e+01 6.696057066239007038e-02 1.971714336000000012e+00
2.497831147000000129e+01 7.329347786182958957e-02 1.879985594999999954e+00
2.499442403999999840e+01 7.892216043382904722e-02 1.848837582000000035e+00
2.499418989000000124e+01 7.899455548531268689e-02 1.850666332000000081e+00
2.497769886000000028e+01 7.341930816831557238e-02 1.885057321999999980e+00
2.494686534999999949e+01 6.698892859972854774e-02 2.004294398999999949e+00
2.498630093999999957e+01 8.476832171093987012e-02 1.627665251999999896e+00
2.503073572999999996e+01 9.720247983032941075e-02 1.634214303999999895e+00
2.507274239999999921e+01 1.055098178642010498e-01 1.641129760000000104e+00
2.510692363000000071e+01 1.107367993470440570e-01 1.647073156000000038e+00
2.512915306000000015e+01 1.136541220274037284e-01 1.651038312999999924e+00
2.517104829000000166e+01 1.354909521517386473e-01 1.613885097000000046e+00
2.516366689999999906e+01 1.288606892606500853e-01 1.606454588000000072e+00
2.514175940000000153e+01 1.130391706752257031e-01 1.585125667000000016e+00
2.510702606999999986e+01 9.664451443543745079e-02 1.550901977000000098e+00
2.506320662999999982e+01 8.583872389572588801e-02 1.502989184000000034e+00
2.501655291999999875e+01 7.943481454315479140e-02 1.434729020000000022e+00
2.497723189999999960e+01 7.399379584992378522e-02 1.344527451999999901e+00
2.496347662999999883e+01 7.694802878851524086e-02 1.455399260999999944e+00
2.496665348000000151e+01 8.626698971805840666e-02 1.579510766999999927e+00
2.496646137000000110e+01 8.625356090555512389e-02 1.579918742000000043e+00
2.496304651000000163e+01 7.685869228515125606e-02 1.454081388999999946e+00
2.497687257999999844e+01 7.384775945114424589e-02 1.342315617999999988e+00
2.501617582000000084e+01 7.930655626975015304e-02 1.433039634000000007e+00
2.506279606000000015e+01 8.583421249617133320e-02 1.502139762000000101e+00
2.510662921999999853e+01 9.680507145487825260e-02 1.550788905000000106e+00
2.514144075999999828e+01 1.132809902873107843e-01 1.585408700999999976e+00
2.516348831000000175e+01 1.290340349191329838e-01 1.606732406999999974e+00
2.518020985000000067e+01 1.592935249979450518e-01 1.597973872999999934e+00
2.517419247999999854e+01 1.477587479048212971e-01 1.587613135000000009e+00
2.515556828000000067e+01 1.191210446592463890e-01 1.557817921000000050e+00
2.512434932000000032e+01 8.828362272251398524e-02 1.510531679000000072e+00
2.508276080999999991e+01 7.227436228533129503e-02 1.447300170000000108e+00
2.503628173999999973e+01 7.355587653298338580e-02 1.368640198000000030e+00
2.499372113000000084e+01 7.938553706476504657e-02 1.283233808000000087e+00
2.496634656999999891e+01 8.669544254442039521e-02 1.266510175000000071e+00
2.495742497000000171e+01 9.434677670067434518e-02 1.348349325000000043e+00
2.495729417000000083e+01 9.428313138414995409e-02 1.348113349999999988e+00
2.496607106000000087e+01 8.652564953699397321e-02 1.265460499000000016e+00
2.499339928999999927e+01 7.921790264271411086e-02 1.281507093999999958e+00
2.503588279999999955e+01 7.341212806078845077e-02 1.366862610999999950e+00
2.508229623000000075e+01 7.226244118685429263e-02 1.446203010000000067e+00
2.512387697999999858e+01 8.847961749488315875e-02 1.510250811999999998e+00
2.515517442999999886e+01 1.193977626397070418e-01 1.558060666999999899e+00
2.517396645000000177e+01 1.479494815150257658e-01 1.587909379999999926e+00
2.443590561999999977e+01 4.532649904807119212e-02 2.348463719000000172e+00
2.447041742000000042e+01 1.121424448445440814e-01 2.340521745000000209e+00
2.457014828999999878e+01 1.976563501098845543e-01 2.313542554000000084e+00
2.472099477000000078e+01 2.556694919915964981e-01 2.270362035999999861e+00
2.489593603999999871e+01 2.630397943120004745e-01 2.214379071000000199e+00
2.505730339000000129e+01 2.123080009654496336e-01 2.155240318999999793e+00
2.517339245999999875e+01 1.350247411588180180e-01 2.105884538999999833e+00
2.523725754999999893e+01 8.774856576262526908e-02 2.074015350999999896e+00
2.526233919999999955e+01 8.391164995641195445e-02 2.060112490999999935e+00
2.526220251000000161e+01 8.407652105761656558e-02 2.062490336999999840e+00
2.523690411999999839e+01 8.807618819359692985e-02 2.080575719000000046e+00
2.517296585000000064e+01 1.350677357513601629e-01 2.115042836000000204e+00
2.505695856000000177e+01 2.120913908721664132e-01 2.164893702000000086e+00
2.489575028000000145e+01 2.627892463716053895e-01 2.222775442000000101e+00
2.472094544000000127e+01 2.555194046252008966e-01 2.276687019999999784e+00
2.457016722999999914e+01 1.976202627950839896e-01 2.317674414999999932e+00
2.447044557999999981e+01 1.121747321171186196e-01 2.342501033000000010e+00
2.446753933000000103e+01 1.123320480837645546e-01 2.178038352000000177e+00
2.450960978000000168e+01 1.578070481489312060e-01 2.253414405000000009e+00
2.460842843000000002e+01 2.137655596368050748e-01 2.264397602999999926e+00
2.474953204999999912e+01 2.482792575614705954e-01 2.242956652000000162e+00
2.491049719999999823e+01 2.438340647102343606e-01 2.200303428999999866e+00
2.505854641000000171e+01 1.949812626055581755e-01 2.149305468000000108e+00
2.516584698000000131e+01 1.286256816671232373e-01 2.104195432000000032e+00
2.522600854999999953e+01 9.022285593258703995e-02 2.073720025000000078e+00
2.525026907999999892e+01 8.625378991736708245e-02 2.059899079000000022e+00
2.525012175999999897e+01 8.643215778442195352e-02 2.062255708999999992e+00
2.522564442999999912e+01 9.054141902167787970e-02 2.080210076999999824e+00
2.516545869999999852e+01 1.285747202074139228e-01 2.113198071999999872e+00
2.505833665999999837e+01 1.946012836741897456e-01 2.158633395999999927e+00
2.491056902000000051e+01 2.434491249358796960e-01 2.208050925000000220e+00
2.474986274999999836e+01 2.480944186010201613e-01 2.248116877999999819e+00
2.460892872999999881e+01 2.137806269052661967e-01 2.266853731999999955e+00
2.451017042999999873e+01 1.578886773795227794e-01 2.254116998999999844e+00
2.456721942000000070e+01 1.977426391561561414e-01 2.100037125000000060e+00
2.460696461999999940e+01 2.137495839859571145e-01 2.146276464000000050e+00
2.469933264999999878e+01 2.300810335945804308e-01 2.173922661999999839e+00
2.481890355000000170e+01 2.243603200888776572e-01 2.174712728999999900e+00
2.494606407999999931e+01 1.942702343013084365e-01 2.158372514999999936e+00
2.505983024000000015e+01 1.505768782624133384e-01 2.130394279999999974e+00
2.514372957000000142e+01 1.130973536488239506e-01 2.098943363000000062e+00
2.519366090999999841e+01 9.589061226122236326e-02 2.072909761000000017e+00
2.521547624000000098e+01 9.254636952494144087e-02 2.059117726000000204e+00
2.521531887000000083e+01 9.271011994881947493e-02 2.061407979999999807e+00
2.519328648000000115e+01 9.616465184246322795e-02 2.079197133000000086e+00
2.514337550000000121e+01 1.130087661210996963e-01 2.107537651999999984e+00
2.505972988999999984e+01 1.501211124592175539e-01 2.138977378999999956e+00
2.494630279000000073e+01 1.938669728852315532e-01 2.165020812999999933e+00
2.481939493000000141e+01 2.241962910611481619e-01 2.178728604999999874e+00
2.469991837999999973e+01 2.300747257358869147e-01 2.175790310000000005e+00
2.460747226000000154e+01 2.137798858514243505e-01 2.147183827000000100e+00
2.471802625000000120e+01 2.557781245553130689e-01 1.975335515000000042e+00
2.474729860000000059e+01 2.481349167294725211e-01 2.005527288000000130e+00
2.481785101999999910e+01 2.241306385719184224e-01 2.045598121999999908e+00
2.490351758999999987e+01 1.814541074864957637e-01 2.071011009999999875e+00
2.498629331000000064e+01 1.302767011292794708e-01 2.087440842999999990e+00
2.505595634000000160e+01 9.804856111504656191e-02 2.095301305000000003e+00
2.510876187999999942e+01 9.693546171218864194e-02 2.089389065000000212e+00
2.514424962000000008e+01 1.008117403195287337e-01 2.071778172000000140e+00
2.516215624000000162e+01 9.991098448374045871e-02 2.057240311000000155e+00
2.516199001000000024e+01 1.000395719204128786e-01 2.059434933999999995e+00
2.514386664999999965e+01 1.010231822787120148e-01 2.077766726000000119e+00
2.510843785000000139e+01 9.689661945249590513e-02 2.097338790999999869e+00
2.505592723000000177e+01 9.768937031809611649e-02 2.102808062999999894e+00
2.498659239999999926e+01 1.299483135963163671e-01 2.092939687999999965e+00
2.490401579999999981e+01 1.812810059154023323e-01 2.074268078999999876e+00
2.481837889999999902e+01 2.240464339774768388e-01 2.047215073999999913e+00
2.474767728000000133e+01 2.480708485748426284e-01 2.006300684999999806e+00
2.489301508000000140e+01 2.633055176962096899e-01 1.818243366999999999e+00
2.490793259000000148e+01 2.438264824818978660e-01 1.838043660999999940e+00
2.494426517000000132e+01 1.938838875079837432e-01 1.881060028999999911e+00
2.498537418000000088e+01 1.298202233520767968e-01 1.929215342000000000e+00
2.501947565000000040e+01 7.343537399483897332e-02 1.981068468999999999e+00
2.504424112999999963e+01 6.261485059007974863e-02 2.035333810000000021e+00
2.506468101000000104e+01 8.617893536484194650e-02 2.072633623999999841e+00
2.508408487000000164e+01 1.009361512200362132e-01 2.070549993999999838e+00
2.509703095000000062e+01 1.037326291159931801e-01 2.052939058999999844e+00
2.509685757000000095e+01 1.038169882395676563e-01 2.055032919999999930e+00
2.508369623999999831e+01 1.010792488793681582e-01 2.076193410000000128e+00
2.506438619000000045e+01 8.626620643824117751e-02 2.079676454999999979e+00
2.504424622999999883e+01 6.266124976350710696e-02 2.041468344000000101e+00
2.501974522000000078e+01 7.330290415988871544e-02 1.985437633000000091e+00
2.498577119000000124e+01 1.296008301459937173e-01 1.931877854999999977e+00
2.494464718000000047e+01 1.936698894971695395e-01 1.882456727999999968e+00
2.490817121999999983e+01 2.436753761329920887e-01 1.838642662999999899e+00
2.505458415000000016e+01 2.127672763313936954e-01 1.661559003999999895e+00
2.505599438000000134e+01 1.952461744373922836e-01 1.673712815000000020e+00
2.505767013000000176e+01 1.503746094705115666e-01 1.707431958999999999e+00
2.505434683000000007e+01 9.734882386472862303e-02 1.758198761999999915e+00
2.504332838999999922e+01 6.183996476135583675e-02 1.827547779999999955e+00
2.502782926000000074e+01 6.337717062187768480e-02 1.924318935999999924e+00
2.501766514999999913e+01 7.959571539968574028e-02 2.035684890000000191e+00
2.502108604000000014e+01 9.334614853835483672e-02 2.069401158999999879e+00
2.502872960999999918e+01 9.979872778859970317e-02 2.042376599999999875e+00
2.502855113000000031e+01 9.983549884369698202e-02 2.044398707000000037e+00
2.502069519999999869e+01 9.341950873887060192e-02 2.074709116999999825e+00
2.501740855999999980e+01 7.982276036938952546e-02 2.041281995999999932e+00
2.502783068999999827e+01 6.377319033738519660e-02 1.928765615999999961e+00
2.504348334000000165e+01 6.195708170352796917e-02 1.830815523000000056e+00
2.505455584999999985e+01 9.711003470532443560e-02 1.760291384000000070e+00
2.505785699999999849e+01 1.500842495416887801e-01 1.708566978999999986e+00
2.505610305000000082e+01 1.950654264521336223e-01 1.674182118999999913e+00
2.517100229000000056e+01 1.355532894150763834e-01 1.540430313000000107e+00
2.516354194000000177e+01 1.290474650447960281e-01 1.545609349000000021e+00
2.514159473000000133e+01 1.132355857580341352e-01 1.561501416000000031e+00
2.510687155000000104e+01 9.671517501348755874e-02 1.588863713000000066e+00
2.506311522000000025e+01 8.573146102492137932e-02 1.632406330000000017e+00
2.501658562000000074e+01 7.922581846851180221e-02 1.711217793999999959e+00
2.497748689999999883e+01 7.379145138946083260e-02 1.896417035999999889e+00
2.496382360000000133e+01 7.689364357600571298e-02 2.068351958000000046e+00
2.496690481999999989e+01 8.630052384343384064e-02 2.009119763000000169e+00
2.496672368000000120e+01 8.628453145325880314e-02 2.011124923000000120e+00
2.496343329999999838e+01 7.689370080331935087e-02 2.073421505999999859e+00
2.497730267000000026e+01 7.405793640663767274e-02 1.898874461999999985e+00
2.501651565999999960e+01 7.945833856728440336e-02 1.713846336000000026e+00
2.506308135000000092e+01 8.580529614016889350e-02 1.634546038999999951e+00
2.510685632999999939e+01 9.661995012681746930e-02 1.590364316000000056e+00
2.514158955999999989e+01 1.130713688228399127e-01 1.562416540999999937e+00
2.516354091999999909e+01 1.289330705349720496e-01 1.546034126999999980e+00
2.523521029999999854e+01 8.816757336511692189e-02 1.466807143000000035e+00
2.522403221000000073e+01 9.053911230990216441e-02 1.466059170999999939e+00
2.519178972999999999e+01 9.604586347165298965e-02 1.464425752999999997e+00
2.514250055000000117e+01 1.008284624673002200e-01 1.462245902000000042e+00
2.508245555999999965e+01 1.008722999774568224e-01 1.459954804999999967e+00
2.501955674999999957e+01 9.325727708729514287e-02 1.458114482999999906e+00
2.496236039000000062e+01 7.681801920162749375e-02 1.458205082999999957e+00
2.492055902999999972e+01 5.259430715084359442e-02 1.948453645999999928e+00
2.492201044999999837e+01 6.741738426524758465e-02 1.831336239000000088e+00
2.492184005000000013e+01 6.733044802259333106e-02 1.832353177000000111e+00
2.492011571000000103e+01 5.241743383290909525e-02 1.962653562000000074e+00
2.496218913999999955e+01 7.674837095798689446e-02 1.458609218000000096e+00
2.501934805000000139e+01 9.323672324109456844e-02 1.458992134000000052e+00
2.508223656999999918e+01 1.009062024306729005e-01 1.460997748999999901e+00
2.514230102000000144e+01 1.009066276625947278e-01 1.463260304000000067e+00
2.519163787999999826e+01 9.613948263972994790e-02 1.465233255000000012e+00
2.522395016999999839e+01 9.060449657282833302e-02 1.466507978999999962e+00
2.526053813000000048e+01 8.417774467070014699e-02 1.433548894999999934e+00
2.524856023999999977e+01 8.636086210324603329e-02 1.429526399000000003e+00
2.521389163999999994e+01 9.246865911903598412e-02 1.418093282000000066e+00
2.516070200000000057e+01 9.974738451690212671e-02 1.399219640999999958e+00
2.509568638000000007e+01 1.036005275490479299e-01 1.371865077999999905e+00
2.502745293999999987e+01 9.977208834763318102e-02 1.332060978999999978e+00
2.496565293000000096e+01 8.641091823388798165e-02 1.266464419000000063e+00
2.492097277999999960e+01 6.770758407397392542e-02 1.168457357999999946e+00
2.490430255000000059e+01 6.357102971603983965e-02 1.368879726000000074e+00
2.490420639999999963e+01 6.346799057078425510e-02 1.367254141999999950e+00
2.492082235999999895e+01 6.754082422120230578e-02 1.167650475999999937e+00
2.496543125000000174e+01 8.625056146253567979e-02 1.265699144999999914e+00
2.502716125999999974e+01 9.967768474403242152e-02 1.331891119000000012e+00
2.509536308999999932e+01 1.036238129599545005e-01 1.372290698000000031e+00
2.516039579999999987e+01 9.990628725670488985e-02 1.399984346000000102e+00
2.521365232999999861e+01 9.270989269229204521e-02 1.418868612999999890e+00
2.524842891999999850e+01 8.654815029445871166e-02 1.430007108000000082e+00
2.441492166999999824e+01 1.617155549112207075e-02 2.355593836000000163e+00
2.444899445000000071e+01 1.020747439898013059e-01 2.347412369999999804e+00
2.454763627999999898e+01 1.909961323480612039e-01 2.320755231000000141e+00
2.469845017999999826e+01 2.538311253606536644e-01 2.276958000000000037e+00
2.487741246999999944e+01 2.714847739717221597e-01 2.219120023999999969e+00
2.504975900999999894e+01 2.338347930542356012e-01 2.155892675000000036e+00
2.518253298999999856e+01 1.586505103042531450e-01 2.100041033000000112e+00
2.526247666000000081e+01 8.365092310114487228e-02 2.061237479999999955e+00
2.529696707000000089e+01 3.387426019401895694e-02 2.042423410000000050e+00
2.529691396999999853e+01 3.409036629492995241e-02 2.043293972999999930e+00
2.526234001999999990e+01 8.381683359516534093e-02 2.063619094999999959e+00
2.518236897999999968e+01 1.586586967651286983e-01 2.103315702999999814e+00
2.504962566000000024e+01 2.337472607930727309e-01 2.159289985000000023e+00
2.487733722000000114e+01 2.713861176492907701e-01 2.222050569999999947e+00
2.469842493000000161e+01 2.537689391235821712e-01 2.279171269999999971e+00
2.454763747999999879e+01 1.909751984218634457e-01 2.322214337000000128e+00
2.444900176999999886e+01 1.020798574471283721e-01 2.348110108999999834e+00
2.444580348999999941e+01 1.020892391561990103e-01 2.179017285000000026e+00
2.449078173999999919e+01 1.578486112376163431e-01 2.257223397000000187e+00
2.459092352000000048e+01 2.166105075502547384e-01 2.263515373999999802e+00
2.473273327000000066e+01 2.527631053537272021e-01 2.242561600000000155e+00
2.489711026999999888e+01 2.541477317008775105e-01 2.200565430999999794e+00
2.505456062000000017e+01 2.140956950406685266e-01 2.147493662000000025e+00
2.517630108999999905e+01 1.474105601066536542e-01 2.097349255000000134e+00
2.525040089000000165e+01 8.605476387018190509e-02 2.060982614999999907e+00
2.528282211999999873e+01 5.259701213455357516e-02 2.042818217000000214e+00
2.528276590999999840e+01 5.273634084829308122e-02 2.043680070999999820e+00
2.525027598000000140e+01 8.615564554244577178e-02 2.063325999999999993e+00
2.517621132000000017e+01 1.472818543824034321e-01 2.100518195999999893e+00
2.505460701999999884e+01 2.138488693279514408e-01 2.150651899000000089e+00
2.489733667999999867e+01 2.539561833703474769e-01 2.203031188000000196e+00
2.473311770999999837e+01 2.527145279684454571e-01 2.244010761000000187e+00
2.459140594000000135e+01 2.166586773548390132e-01 2.264001984000000078e+00
2.449129369999999994e+01 1.578919380102824510e-01 2.257310718999999910e+00
2.454441810000000146e+01 1.910135593577750035e-01 2.100553296999999819e+00
2.458953074000000072e+01 2.167433475925402142e-01 2.153940174000000152e+00
2.468773893999999913e+01 2.398628981847736596e-01 2.173870243000000091e+00
2.481198918999999847e+01 2.375356557204310326e-01 2.168842741999999824e+00
2.494395862000000008e+01 2.083150605318285775e-01 2.150195361000000194e+00
2.506457203000000078e+01 1.628071868057158200e-01 2.121540276000000169e+00
2.515739320999999862e+01 1.192172164923858135e-01 2.088643020000000128e+00
2.521560829999999953e+01 9.241913913127294822e-02 2.060137099999999943e+00
2.524223909999999904e+01 8.245300640007145743e-02 2.043957154000000109e+00
2.524218012000000044e+01 8.253147332257351754e-02 2.044792571999999975e+00
2.521549511999999993e+01 9.246555876377529626e-02 2.062380393000000200e+00
2.515736962000000077e+01 1.190010022391871231e-01 2.091579258999999968e+00
2.506475410999999909e+01 1.624864525395485759e-01 2.124294493999999922e+00
2.494435259000000116e+01 2.081251000535805917e-01 2.152172027000000210e+00
2.481250714999999829e+01 2.374955113774016580e-01 2.169949738000000128e+00
2.468827896999999894e+01 2.398836040723114071e-01 2.174388587000000150e+00
2.458999956999999981e+01 2.167654818765391844e-01 2.154435358999999828e+00
2.469523826000000000e+01 2.539453267719364860e-01 1.972364704999999940e+00
2.473051380000000066e+01 2.527374442329506365e-01 2.010594578000000077e+00
2.481102076000000167e+01 2.374204145110093978e-01 2.047595953000000080e+00
2.490579289000000074e+01 1.990323607799250882e-01 2.063964659999999895e+00
2.499591158999999863e+01 1.441896805432984763e-01 2.072212952000000108e+00
2.507053464000000176e+01 9.761982208896176350e-02 2.076151015000000211e+00
2.512586001000000024e+01 8.882047360636896594e-02 2.071954021999999895e+00
2.516228299999999862e+01 9.987262238584616869e-02 2.058374576999999928e+00
2.518053232000000108e+01 1.057118885309278472e-01 2.045706269000000077e+00
2.518047122000000115e+01 1.057574773936842544e-01 2.046502872000000028e+00
2.516218183999999880e+01 9.989033555295766253e-02 2.060455973999999912e+00
2.512588960000000071e+01 8.862222564240151979e-02 2.074524879999999794e+00
2.507079425999999955e+01 9.732685945525226812e-02 2.078422302999999971e+00
2.499636045999999823e+01 1.440336842595563438e-01 2.073822289999999846e+00
2.490632026999999837e+01 1.989790829900249525e-01 2.064941008999999994e+00
2.481152256000000023e+01 2.373999497188135355e-01 2.048187462000000014e+00
2.473087951999999845e+01 2.527104383654844577e-01 2.011116965999999895e+00
2.487431447999999889e+01 2.718151186012137122e-01 1.806270153000000045e+00
2.489450610000000097e+01 2.541937385391508375e-01 1.832626802000000055e+00
2.494226199999999949e+01 2.080572126745068029e-01 1.879917993000000065e+00
2.499509674000000103e+01 1.438886195404585344e-01 1.922772447999999912e+00
2.503795531999999824e+01 7.520131848326004620e-02 1.963643033000000093e+00
2.506624899999999911e+01 3.926907387218466633e-02 2.006221008999999889e+00
2.508393780999999834e+01 7.292199549368594269e-02 2.042480422000000129e+00
2.509712975000000057e+01 1.037985730444959537e-01 2.054684793999999926e+00
2.510583764000000073e+01 1.166297718208060413e-01 2.047849804999999801e+00
2.510577534999999827e+01 1.166523814437249590e-01 2.048602438000000081e+00
2.509704138000000029e+01 1.038100613451872212e-01 2.056529073000000096e+00
2.508400590000000108e+01 7.289614479527450897e-02 2.044538564999999863e+00
2.506653393999999935e+01 3.921310142210592681e-02 2.007991941999999863e+00
2.503838462999999948e+01 7.509938803918857209e-02 1.964993932999999915e+00
2.499556314999999884e+01 1.437850229703832305e-01 1.923714884000000014e+00
2.494266839999999874e+01 2.079533716411588740e-01 1.880569613999999889e+00
2.489475785000000130e+01 2.541031440905159311e-01 1.833059725000000029e+00
2.504694608999999872e+01 2.344198420983691356e-01 1.631530673000000098e+00
2.505196766999999980e+01 2.144244626515396102e-01 1.648691297000000056e+00
2.506248636999999846e+01 1.626306268689366175e-01 1.692177969999999920e+00
2.506908513999999855e+01 9.693615255032553280e-02 1.749634646000000071e+00
2.506549345000000173e+01 3.806420141484047337e-02 1.817343487999999896e+00
2.505240067000000082e+01 3.886255496289902495e-02 1.897812757000000072e+00
2.503706831999999949e+01 7.382986422831208650e-02 1.986890247000000054e+00
2.502875333000000069e+01 9.997033627683218904e-02 2.045915938999999906e+00
2.502811041000000003e+01 1.128284356170746461e-01 2.050104392000000164e+00
2.502804798000000019e+01 1.128313261025750969e-01 2.050816097999999865e+00
2.502867934000000005e+01 9.999056378076093266e-02 2.047375880999999787e+00
2.503715929999999901e+01 7.399940586743766757e-02 1.988256489000000071e+00
2.505266200999999882e+01 3.923881584998011735e-02 1.899161019999999978e+00
2.506583932999999931e+01 3.807947407418516006e-02 1.818567162999999987e+00
2.506942927000000054e+01 9.673844072612414191e-02 1.750584327000000107e+00
2.506275905000000037e+01 1.624330653684144532e-01 1.692815790999999903e+00
2.505211832000000172e+01 2.142999994732256441e-01 1.649018827999999992e+00
2.518014468999999877e+01 1.593496047427974960e-01 1.485606516000000044e+00
2.517399645000000064e+01 1.479456197956248442e-01 1.495219738999999937e+00
2.515530422999999871e+01 1.193303551632902276e-01 1.523478451999999983e+00
2.512409466000000080e+01 8.835924634721227522e-02 1.569175551999999918e+00
2.508259327000000027e+01 7.210594102329342947e-02 1.633651393999999923e+00
2.503627320000000012e+01 7.326370133511178606e-02 1.725175491999999977e+00
2.499393376000000089e+01 7.913783865141484075e-02 1.863098064000000109e+00
2.496674975999999901e+01 8.656279475174750992e-02 2.018352108000000200e+00
2.495786071999999933e+01 9.432574312620629897e-02 2.052126276000000082e+00
2.495779921000000101e+01 9.430808794623576907e-02 2.052812432000000076e+00
2.496669474999999849e+01 8.660408860483759241e-02 2.018966330000000031e+00
2.499402402000000123e+01 7.937085342449934355e-02 1.863737763999999908e+00
2.503645145999999855e+01 7.347881223629004754e-02 1.726373098000000050e+00
2.508279501999999894e+01 7.211065602870271596e-02 1.634829407000000012e+00
2.512427622999999954e+01 8.817320379613026449e-02 1.570065338999999893e+00
2.515543719000000067e+01 1.191303730140467199e-01 1.524033887999999948e+00
2.517406569999999988e+01 1.478303660254618179e-01 1.495478030999999985e+00
2.526051203000000100e+01 8.422736368429782627e-02 1.389882510000000071e+00
2.524847099000000128e+01 8.650533399089677111e-02 1.393481715999999926e+00
2.521376306999999883e+01 9.259791802728561949e-02 1.404641787999999947e+00
2.516056629999999927e+01 9.978095902094168135e-02 1.424031027000000060e+00
2.509558168999999950e+01 1.035235262511196436e-01 1.453858609000000079e+00
2.502742424999999926e+01 9.961154233837009320e-02 1.501240504999999947e+00
2.496576881000000014e+01 8.620267189502507643e-02 1.594374691999999927e+00
2.492138282999999888e+01 6.754103233102877468e-02 1.859398029000000063e+00
2.490474704000000017e+01 6.355422032434926427e-02 2.053250461999999832e+00
2.490468695999999937e+01 6.350736404788354106e-02 2.053987354000000209e+00
2.492135945000000063e+01 6.762150587966457571e-02 1.857862385000000005e+00
2.496579675999999992e+01 8.629911869898501675e-02 1.595157900000000017e+00
2.502746082000000172e+01 9.966019955838605060e-02 1.502321913999999925e+00
2.509561589999999853e+01 1.035201429408233037e-01 1.454791954000000054e+00
2.516059285000000045e+01 9.973294841183531767e-02 1.424734994999999893e+00
2.521378012999999996e+01 9.252994282114460067e-02 1.405106513000000001e+00
2.524847902999999860e+01 8.645575791283691136e-02 1.393711987000000097e+00
2.529527415000000090e+01 3.412050056441958551e-02 1.344532719999999903e+00
2.528116598000000081e+01 5.265673605947474717e-02 1.344788308999999904e+00
2.524064715000000092e+01 8.239287369769560110e-02 1.345740573000000051e+00
2.517902209000000013e+01 1.055980274371331601e-01 1.347265527000000018e+00
2.510441468999999870e+01 1.165004240813742042e-01 1.349215682999999943e+00
2.502676821000000018e+01 1.127095513094740348e-01 1.351579526000000087e+00
2.495658206999999962e+01 9.423380263394304235e-02 1.355008245999999916e+00
2.490350540000000024e+01 6.349545075266441185e-02 1.364961617000000071e+00
2.487630611000000158e+01 2.682285072160759884e-02 1.957579208000000071e+00
2.487624375000000043e+01 2.665783256617672639e-02 1.960030345000000063e+00
2.490345864000000020e+01 6.343923334719808738e-02 1.364620383999999964e+00
2.495651082999999915e+01 9.419453496991078700e-02 1.355238759999999987e+00
2.502668105000000054e+01 1.126966790955560016e-01 1.352028430000000059e+00
2.510432278000000039e+01 1.165192385930748920e-01 1.349744134000000040e+00
2.517893793000000002e+01 1.056490773897507535e-01 1.347771861000000015e+00
2.524058279999999854e+01 8.246960320251731091e-02 1.346137863999999906e+00
2.528113109999999963e+01 5.273702238924535268e-02 1.345006970000000024e+00
