8.285277130000000056e+01 0.000000000000000000e+00 1.418422429999999901e+00
8.285760602999999946e+01 1.235812056294636335e-02 1.459966628000000100e+00
8.286949481000000617e+01 2.281434266473281874e-02 1.461452245999999899e+00
8.288755319999999926e+01 3.041769991712951413e-02 1.461962173000000087e+00
8.290941478000000586e+01 3.399891278663766392e-02 1.462360687999999964e+00
8.293216035000000375e+01 3.300727286075190448e-02 1.462714167999999981e+00
8.295270682999999678e+01 2.750986774726831008e-02 1.463008429999999915e+00
8.296823114999999405e+01 1.820883320508987976e-02 1.463219881999999972e+00
8.297657698999999809e+01 6.367176289677443056e-03 1.463330295000000003e+00
8.285879644999999982e+01 1.218417044000626170e-02 1.496402460999999962e+00
8.288319284000000664e+01 6.261616353935046952e-02 1.441500031999999987e+00
8.290311384999999689e+01 9.724788148845965596e-02 1.395369883999999949e+00
8.292106022000000110e+01 1.032740219344409349e-01 1.390308571000000049e+00
8.294128833999999983e+01 1.009878823372749451e-01 1.390621902999999993e+00
8.296186083000000622e+01 9.508305853505978622e-02 1.391875578000000058e+00
8.298010888999999679e+01 8.726920957129070955e-02 1.392292767000000042e+00
8.299358012999999801e+01 7.943845729280253620e-02 1.390496343999999995e+00
8.300061313000000496e+01 7.425034677442643449e-02 1.387090291999999891e+00
8.287065608000000339e+01 2.277380891001170096e-02 1.496684201999999964e+00
8.290361527000000308e+01 9.657839943558893525e-02 1.489059557000000034e+00
8.296874990000000594e+01 1.152606240699073914e-01 1.438916949000000001e+00
8.300785066999999628e+01 1.517396436796993320e-01 1.402996922999999896e+00
8.303085864000000527e+01 1.660978101489624936e-01 1.393233074999999932e+00
8.304811540000000036e+01 1.635564807698613177e-01 1.391040534000000051e+00
8.306100327999999422e+01 1.545259225599671382e-01 1.390115050999999990e+00
8.306906650000000525e+01 1.443637089777751181e-01 1.387721352000000019e+00
8.307247479000000112e+01 1.373863765775271695e-01 1.383962447000000040e+00
8.288869429999999738e+01 3.038632455607815849e-02 1.497089421999999947e+00
8.292160212000000286e+01 1.027690014083459807e-01 1.496413650000000040e+00
8.300807788000000187e+01 1.513312706234388738e-01 1.473993059999999966e+00
8.309636168999999484e+01 1.502299273805232371e-01 1.433944445999999928e+00
8.314764433999999937e+01 1.799592601362178523e-01 1.404450275000000081e+00
8.317110877000000357e+01 1.982634623485047543e-01 1.392980840999999970e+00
8.318053854000000058e+01 1.973908153755914996e-01 1.388648665999999920e+00
8.318214070000000504e+01 1.886150500395332164e-01 1.385025128999999966e+00
8.318045789999999329e+01 1.805448222215992049e-01 1.380654390999999981e+00
8.291053458000000376e+01 3.396827017866401593e-02 1.497570521999999960e+00
8.294181416000000695e+01 1.005068275024878915e-01 1.498873923000000108e+00
8.303110832999999502e+01 1.657009452514916215e-01 1.486267291999999962e+00
8.314767148999999336e+01 1.797132894154209182e-01 1.461524629999999991e+00
8.324702474000000052e+01 1.634697508086226381e-01 1.427911198999999964e+00
8.330069804000000033e+01 1.856441128530321727e-01 1.401993800000000068e+00
8.331776938999999516e+01 2.051579018713354241e-01 1.389576611000000073e+00
8.331598080000000550e+01 2.054903676932867962e-01 1.382769665999999953e+00
8.330909850000000461e+01 1.985023373011420567e-01 1.376921049999999980e+00
8.293325891000000638e+01 3.297904401944511815e-02 1.498061670000000012e+00
8.296235867999999414e+01 9.458431344667009300e-02 1.500064862999999971e+00
8.304833383999999796e+01 1.631491540471319557e-01 1.491580750000000011e+00
8.317107437999999320e+01 1.979055329613054193e-01 1.475507925000000053e+00
8.330053277999999750e+01 1.855482077214107017e-01 1.451608156999999899e+00
8.339963733999999818e+01 1.545308793203541697e-01 1.421710969999999907e+00
8.344586040000000082e+01 1.717752376404328984e-01 1.397021392999999945e+00
8.345071357999999861e+01 1.912013917311187750e-01 1.382762534000000043e+00
8.344068391999999790e+01 1.897568584750157494e-01 1.373456143000000074e+00
8.295378664999999785e+01 2.748675250132882886e-02 1.498497431000000102e+00
8.298058220000000063e+01 8.672577491609639866e-02 1.500602471000000104e+00
8.306117403999999738e+01 1.540927857960583125e-01 1.494539980999999962e+00
8.318042056000000173e+01 1.969466207679859415e-01 1.482871784000000082e+00
8.331740874000000474e+01 2.048710884225529993e-01 1.466593140000000073e+00
8.344546606999999483e+01 1.718653415822846142e-01 1.444607199000000008e+00
8.353411511000000189e+01 1.258610746763679789e-01 1.416176571000000051e+00
8.356470880999999906e+01 1.429774364714054835e-01 1.389216753999999998e+00
8.355765689999999779e+01 1.561181783991481831e-01 1.371372229999999970e+00
8.296929701000000534e+01 1.819381436232421836e-02 1.498821823000000109e+00
8.299404248000000450e+01 7.882752953704508236e-02 1.500589919999999911e+00
8.306918679999999711e+01 1.438915107121719328e-01 1.496298984999999915e+00
8.318192987999999843e+01 1.880907231625578435e-01 1.487343998999999917e+00
8.331543569999999477e+01 2.050261978112874472e-01 1.475600057000000076e+00
8.344992732999999419e+01 1.910025418521674734e-01 1.461293995999999984e+00
8.356396825999999578e+01 1.433646954025152576e-01 1.442313077999999971e+00
8.363371909999999332e+01 8.192555892084528446e-02 1.412039500999999975e+00
8.364452208999999527e+01 1.009971469741146460e-01 1.373973529999999998e+00
8.297763539999999693e+01 6.361970016893935681e-03 1.498994512999999973e+00
8.300107878000000028e+01 7.357489589371248029e-02 1.500238323000000040e+00
8.307255720999999937e+01 1.368741914796211823e-01 1.497120414000000066e+00
8.318016774999999541e+01 1.799440414504693275e-01 1.489798997000000069e+00
8.330839946999999768e+01 1.978801085542665761e-01 1.480679507000000061e+00
8.343959187000000099e+01 1.892227522750727919e-01 1.471007272999999893e+00
8.355626352000000168e+01 1.558488402883964341e-01 1.461422575999999918e+00
8.364308454000000381e+01 1.015791683210886115e-01 1.450073927999999901e+00
8.368658130999999401e+01 2.868849262640583292e-02 1.409985355999999967e+00
8.285722814999999741e+01 1.234111267729609551e-02 1.470056443999999907e+00
8.288101711999999566e+01 6.248314251501300987e-02 1.514835265999999958e+00
8.290211057999999866e+01 9.510598981939567820e-02 1.512077174000000079e+00
8.292060895999999559e+01 1.019026576075124785e-01 1.508716627000000088e+00
8.294109976000000017e+01 1.000415153486942377e-01 1.506135640999999969e+00
8.296183320999999466e+01 9.438645328631747877e-02 1.504323575999999996e+00
8.298020961999999656e+01 8.675647134123874726e-02 1.503893104000000092e+00
8.299381809999999859e+01 7.910061243047634971e-02 1.505507858000000088e+00
8.300101632999999879e+01 7.411683095126804510e-02 1.507897099000000019e+00
8.300113883000000214e+01 7.429242730935457784e-02 1.506806709999999994e+00
8.299415815000000407e+01 7.958059688009752608e-02 1.502938566000000087e+00
8.298073788000000661e+01 8.748449231223651146e-02 1.500493255999999942e+00
8.296256212000000119e+01 9.537596576224612044e-02 1.500069985999999966e+00
8.294209345000000155e+01 1.013940652057620795e-01 1.500624227999999949e+00
8.292202335999999718e+01 1.038693405144971021e-01 1.501065571999999904e+00
8.290436391999999444e+01 9.814756019240659934e-02 1.500055343000000097e+00
8.288480167999999537e+01 6.260471935314092240e-02 1.494716987999999969e+00
8.288171592999999859e+01 6.239866480979575081e-02 1.444342162000000096e+00
8.288720372999999597e+01 6.376606857232124115e-02 1.432140514999999947e+00
8.291514779000000601e+01 8.634435032499926388e-02 1.458083770000000001e+00
8.293720095000000470e+01 1.015074817421329489e-01 1.451599241000000040e+00
8.295991954999999507e+01 1.064445475900387822e-01 1.449393965000000062e+00
8.298259706999999707e+01 1.069936673727845677e-01 1.448493913999999938e+00
8.300279999999999347e+01 1.053184410448619879e-01 1.448077169999999914e+00
8.301798985000000641e+01 1.029581546800505815e-01 1.447846181000000065e+00
8.302616084999999657e+01 1.013334074528332712e-01 1.447671931999999995e+00
8.302621646999999427e+01 1.013834278667537780e-01 1.447498163999999976e+00
8.301816080000000397e+01 1.031105559063744959e-01 1.447312240000000028e+00
8.300309977000000572e+01 1.055829242371723042e-01 1.447142772999999938e+00
8.298305327999999292e+01 1.073942117730497942e-01 1.447083300000000072e+00
8.296058582999999942e+01 1.070293112964304932e-01 1.447383509000000013e+00
8.293818788999999470e+01 1.023510085554743543e-01 1.448844406000000085e+00
8.291669478999999399e+01 8.728906382784959450e-02 1.455322251999999983e+00
8.288880052999999748e+01 6.345679889650417127e-02 1.494181382000000058e+00
8.290270443000000000e+01 9.545286782589423868e-02 1.494055146000000001e+00
8.291646950000000516e+01 8.609667000718931873e-02 1.471305101000000004e+00
8.297230878999999959e+01 1.151676327876697270e-01 1.438556806000000021e+00
8.301387176000000068e+01 1.465074999687766555e-01 1.410598148000000052e+00
8.304046198999999717e+01 1.614376262142108165e-01 1.402740829000000078e+00
8.306117050999999663e+01 1.614703318724247938e-01 1.402541135000000105e+00
8.307758151999999541e+01 1.559898096759544106e-01 1.404837947000000087e+00
8.308910323000000631e+01 1.501079343547391531e-01 1.407462014999999900e+00
8.309501819000000467e+01 1.466330335306538779e-01 1.409081814000000099e+00
8.309500341000000390e+01 1.466147500640071766e-01 1.408924406999999990e+00
8.308906113000000460e+01 1.500317981086647379e-01 1.406979006000000032e+00
8.307751423000000557e+01 1.558143508470090366e-01 1.403999817000000094e+00
8.306107124000000397e+01 1.611484252340278089e-01 1.401308924000000067e+00
8.304030041000000040e+01 1.608892040850575800e-01 1.401112984000000061e+00
8.301353530000000092e+01 1.456033089021468996e-01 1.408961192000000029e+00
8.297129101999999534e+01 1.150775863481431210e-01 1.440176957000000035e+00
8.291280584999999803e+01 8.687671237910360444e-02 1.488186937999999904e+00
8.292105053999999598e+01 1.021101918927130175e-01 1.502154943999999936e+00
8.293853950999999824e+01 1.015099961159627862e-01 1.484981890000000027e+00
8.301443021000000044e+01 1.456961845409580070e-01 1.467570615000000078e+00
8.309927842999999825e+01 1.497163787635446275e-01 1.433839893000000032e+00
8.315216710999999350e+01 1.758919680370556182e-01 1.407718027999999899e+00
8.317897919000000684e+01 1.930531889584032323e-01 1.397471198000000081e+00
8.319208672999999976e+01 1.932678413467762146e-01 1.394588380999999933e+00
8.319741648000000112e+01 1.867107471887462511e-01 1.393671514000000000e+00
8.319860672999999451e+01 1.811277768218453044e-01 1.392823606999999964e+00
8.319853134999999611e+01 1.810726852885029547e-01 1.392649242000000065e+00
8.319721029000000101e+01 1.865500268199495881e-01 1.393163667000000050e+00
8.319177070000000640e+01 1.929994739899473788e-01 1.393758417999999999e+00
8.317853374000000599e+01 1.926550552143757311e-01 1.396363333000000040e+00
8.315150671000000671e+01 1.753948440321267122e-01 1.406653892000000017e+00
8.309821112999999571e+01 1.496939376092531193e-01 1.434278696000000020e+00
8.301257282999999632e+01 1.469145166118686896e-01 1.473285182999999998e+00
8.293464996999999528e+01 1.017656347129542727e-01 1.503741162000000076e+00
8.294147180999999591e+01 1.001117166073993009e-01 1.504814282999999975e+00
8.296119796000000690e+01 1.064742551978425655e-01 1.489535011000000075e+00
8.304115817000000277e+01 1.607605932272267724e-01 1.479387691999999976e+00
8.315238671000000181e+01 1.754439981807494886e-01 1.458076254000000072e+00
8.324917116000000306e+01 1.627502420110110981e-01 1.427843924000000042e+00
8.330412626999999759e+01 1.818063804921946913e-01 1.404094120999999973e+00
8.332438507999999899e+01 1.993820778092985635e-01 1.392762798999999996e+00
8.332622385000000520e+01 2.001241148345096477e-01 1.387456720999999948e+00
8.332228120999999987e+01 1.947220928794997918e-01 1.383869175999999923e+00
8.332214064999999437e+01 1.946241073871383676e-01 1.383693135999999990e+00
8.332585059000000172e+01 1.998836673482324577e-01 1.386966869999999963e+00
8.332382040999999617e+01 1.990384549046652074e-01 1.392023648999999974e+00
8.330333742999999913e+01 1.814426040141316476e-01 1.403369926999999961e+00
8.324808656999999812e+01 1.627394700915735792e-01 1.428058663000000061e+00
8.315093348000000617e+01 1.758916611642868666e-01 1.461000131000000035e+00
8.303899846999999568e+01 1.618029845213291851e-01 1.487625234000000018e+00
8.295730417000000045e+01 1.065768733220077424e-01 1.508891648000000085e+00
8.296217568999999514e+01 9.435047357277628888e-02 1.506128273000000073e+00
8.298381240000000503e+01 1.070094330835687918e-01 1.491710333000000110e+00
8.306190465999999617e+01 1.609079265279811932e-01 1.484275412999999988e+00
8.317924177999999813e+01 1.925315042917047637e-01 1.470806472999999892e+00
8.330410616999999718e+01 1.815618180839721207e-01 1.449127550999999903e+00
8.340099028000000203e+01 1.537728656109140224e-01 1.421636094999999989e+00
8.344836807999999451e+01 1.678924824879199362e-01 1.398734007999999918e+00
8.345621318999999971e+01 1.851765646579419111e-01 1.385686130000000071e+00
8.344900511000000165e+01 1.843295447610499571e-01 1.377999082999999958e+00
8.344878020000000163e+01 1.841581192836712344e-01 1.377824557000000061e+00
8.345563746999999921e+01 1.848366776320863325e-01 1.385238962999999934e+00
8.344752286000000652e+01 1.675633051206365520e-01 1.398232632000000031e+00
8.339989515000000608e+01 1.537662099840673147e-01 1.421790161999999969e+00
8.330278477999999609e+01 1.818075355163830398e-01 1.451106049999999925e+00
8.317759902000000238e+01 1.929702505210624808e-01 1.475805982000000016e+00
8.305952422999999385e+01 1.617154390290554689e-01 1.494461881000000103e+00
8.297995407000000512e+01 1.070756573143633178e-01 1.511275337999999913e+00
8.298054473999999914e+01 8.661426307928148105e-02 1.506902670000000111e+00
8.300395788999999525e+01 1.053130557369561515e-01 1.492951160999999916e+00
8.307833411999999385e+01 1.555302698902836234e-01 1.486563225999999904e+00
8.319235077999999817e+01 1.927187646840022306e-01 1.477108949000000004e+00
8.332427060000000552e+01 1.989655486517136473e-01 1.462631422999999931e+00
8.344810345999999868e+01 1.678390024232922495e-01 1.442407280000000069e+00
8.353475860999999725e+01 1.252070522027363686e-01 1.416078382000000024e+00
8.356647359000000108e+01 1.389387982019274215e-01 1.390980840000000107e+00
8.356180614000000162e+01 1.509124199389462184e-01 1.374685117999999928e+00
8.356145087999999532e+01 1.505865667008371989e-01 1.374516617999999912e+00
8.356563405999999361e+01 1.385475532133825238e-01 1.390666976000000110e+00
8.353365571000000500e+01 1.252030013590534896e-01 1.416232970999999896e+00
8.344684741999999744e+01 1.680053201733094081e-01 1.444017303000000085e+00
8.332282272000000489e+01 1.992315762383532751e-01 1.466455791000000008e+00
8.319052679000000694e+01 1.931223256152714562e-01 1.484056669999999967e+00
8.307571815999999387e+01 1.560641287697972501e-01 1.498629073000000034e+00
8.300014339999999891e+01 1.053800555170395226e-01 1.512581335999999999e+00
8.299415426000000195e+01 7.883880884250769883e-02 1.507374538000000097e+00
8.301909747000000550e+01 1.029291952921080888e-01 1.493673148999999922e+00
8.308987111999999797e+01 1.497373272766767960e-01 1.487588131000000091e+00
8.319768236000000172e+01 1.861615749936509634e-01 1.480307091000000019e+00
8.332602366000000416e+01 1.995763077053450685e-01 1.470197626999999896e+00
8.345566580999999928e+01 1.848516479631715226e-01 1.457351940999999984e+00
8.356586910999999418e+01 1.391548438207446114e-01 1.439923837000000040e+00
8.363383174000000508e+01 8.148601992747901701e-02 1.411905768000000005e+00
8.364565373000000648e+01 9.738258300541113854e-02 1.376471943000000087e+00
8.364504526000000340e+01 9.669304432738863586e-02 1.376352985999999889e+00
8.363272240999999951e+01 8.148539551891585686e-02 1.412122394999999919e+00
8.356467850999999314e+01 1.392468086620139989e-01 1.441490949999999938e+00
8.345435449000000006e+01 1.850416419032802351e-01 1.460795174999999890e+00
8.332445396999999332e+01 1.998568308540720206e-01 1.475983827999999942e+00
8.319564986000000317e+01 1.864887449039562550e-01 1.489305808999999980e+00
8.308702802999999903e+01 1.500257411569431987e-01 1.501449535999999974e+00
8.301532758000000456e+01 1.030137269553221963e-01 1.513314663999999921e+00
8.300133719000000099e+01 7.373478495893752427e-02 1.507621922000000003e+00
8.302722550999999385e+01 1.012774481260372145e-01 1.494015709999999997e+00
8.309579032000000609e+01 1.463082986512407313e-01 1.487927621999999950e+00
8.319887577000000078e+01 1.805939358287361740e-01 1.481620756999999955e+00
8.332202257999999517e+01 1.940979353453493317e-01 1.473860106999999919e+00
8.344825679999999579e+01 1.837449964822639170e-01 1.465416365999999915e+00
8.356067328999999688e+01 1.505461299071677861e-01 1.456916673000000051e+00
8.364439273000000696e+01 9.777518094184708963e-02 1.446697343999999941e+00
8.368641216999999699e+01 2.849327051991076484e-02 1.409739250999999971e+00
8.368529297999999983e+01 2.852404396323078573e-02 1.410317036999999996e+00
8.364345384000000649e+01 9.755866876060244330e-02 1.448690261999999951e+00
8.355966904999999656e+01 1.506585149502974175e-01 1.460389790000000021e+00
8.344702393999999401e+01 1.839830831559893798e-01 1.470659498999999926e+00
8.332042499000000646e+01 1.943772614356998052e-01 1.481390095999999934e+00
8.319673181999999656e+01 1.808593568601245538e-01 1.492290563000000070e+00
8.309283471000000532e+01 1.465025532476580961e-01 1.503019738999999966e+00
8.302349920999999711e+01 1.013910439427005289e-01 1.513653372999999913e+00
8.286910122000000456e+01 2.278929487008045721e-02 1.470963873000000088e+00
8.290213228000000356e+01 9.503226126504624172e-02 1.507133424000000055e+00
8.296651855000000353e+01 1.152198268775654622e-01 1.510355099000000090e+00
8.300628274000000317e+01 1.504838348349411548e-01 1.507356621000000008e+00
8.302988335999999947e+01 1.649820330151599013e-01 1.503588566999999987e+00
8.304751444000000049e+01 1.627121146147878783e-01 1.500964651999999955e+00
8.306068091999999581e+01 1.538930022677163223e-01 1.500018469000000021e+00
8.306901526000000047e+01 1.439198658985466617e-01 1.501402968000000060e+00
8.307274694999999554e+01 1.371652151362675320e-01 1.503829223999999964e+00
8.307300847000000488e+01 1.373686175892073758e-01 1.502190289000000067e+00
8.306973286999999573e+01 1.444687732592488116e-01 1.497199152000000089e+00
8.306178905999999529e+01 1.547312341392592661e-01 1.493871229000000023e+00
8.304904818999999350e+01 1.638647579246399200e-01 1.492684257999999931e+00
8.303199392999999873e+01 1.665225390926843851e-01 1.492319031000000074e+00
8.300927226000000303e+01 1.521648183784833075e-01 1.491448187999999897e+00
8.297034214999999335e+01 1.152284112411850053e-01 1.489932829000000014e+00
8.290438523000000259e+01 9.806000951843665825e-02 1.494901574000000011e+00
8.290222638999999560e+01 9.604916403719289397e-02 1.396177119000000078e+00
8.291303555000000358e+01 8.625174838256030596e-02 1.460134639000000067e+00
8.297008232999999677e+01 1.151177036452751962e-01 1.510338222999999980e+00
8.301253434999999570e+01 1.452095805402648654e-01 1.503963801999999905e+00
8.303966189000000497e+01 1.603954671476483795e-01 1.496940396000000062e+00
8.306068614999999511e+01 1.607431317743899524e-01 1.491057373999999935e+00
8.307731875999999716e+01 1.555053537057861923e-01 1.485971007000000066e+00
8.308903589999999895e+01 1.498211439590304839e-01 1.481795626000000032e+00
8.309515625000000227e+01 1.465128061711588880e-01 1.478942645999999916e+00
8.309536396999999397e+01 1.466572252390810349e-01 1.477807450000000022e+00
8.308965025000000537e+01 1.502702411610564726e-01 1.478434647999999907e+00
8.307833773000000122e+01 1.562762899272758521e-01 1.480382083999999931e+00
8.306215801000000454e+01 1.618543646244700318e-01 1.482955669999999948e+00
8.304172810999999399e+01 1.618745182746982036e-01 1.485542372000000055e+00
8.301546826000000578e+01 1.467517793333553977e-01 1.487858722999999994e+00
8.297389948999999376e+01 1.151316897117666826e-01 1.489986266999999920e+00
8.291608850999999447e+01 8.735420000410214214e-02 1.454826850999999976e+00
8.296727122000000065e+01 1.153635822887847384e-01 1.442045009999999960e+00
8.297083990999999514e+01 1.152691084817226708e-01 1.440781894999999979e+00
8.298259643999999469e+01 1.149508803888852071e-01 1.427723234999999979e+00
8.303966406000000688e+01 1.254341277731773618e-01 1.464321146000000073e+00
8.307975238000000218e+01 1.465318348601323262e-01 1.453621851000000076e+00
8.310949012000000380e+01 1.590912977113771443e-01 1.448137602000000079e+00
8.313234973999999511e+01 1.642910257088016635e-01 1.445242144999999923e+00
8.314839938999999447e+01 1.658405425355983787e-01 1.443562001000000095e+00
8.315679719999999975e+01 1.660827104334599014e-01 1.442496577000000002e+00
8.315691474000000483e+01 1.661423402746519118e-01 1.441795240000000033e+00
8.314876078999999720e+01 1.660216196308206826e-01 1.441405937000000081e+00
8.313298346000000549e+01 1.645981232448523457e-01 1.441468992999999976e+00
8.311045038000000318e+01 1.595167872092446981e-01 1.442469881000000065e+00
8.308112144000000399e+01 1.469812861517690583e-01 1.445791241000000005e+00
8.304147998999999913e+01 1.255513336382222123e-01 1.455364722000000111e+00
8.298413157999999612e+01 1.147229408580340004e-01 1.489719349000000026e+00
8.297085293000000661e+01 1.152389277619808861e-01 1.443332277000000108e+00
8.300700618999999847e+01 1.508625833341432632e-01 1.478945710999999941e+00
8.301352282000000571e+01 1.451381855106448349e-01 1.471796818999999923e+00
8.304087056000000189e+01 1.253691371773427155e-01 1.448062922999999946e+00
8.310766879999999901e+01 1.481750099978716706e-01 1.433586521999999919e+00
8.316630494999999712e+01 1.626400110738188132e-01 1.419855155999999896e+00
8.320389174999999682e+01 1.760943772947750618e-01 1.413915497999999937e+00
8.322760918000000174e+01 1.812274390280474434e-01 1.413682211000000022e+00
8.324204892999999572e+01 1.819475983391322937e-01 1.415391813000000054e+00
8.324899612000000104e+01 1.817450834449546859e-01 1.416611636000000063e+00
8.324902570000000424e+01 1.817429088919084168e-01 1.416081117000000056e+00
8.324213314000000707e+01 1.818970423200711173e-01 1.413806525999999897e+00
8.322772942999999657e+01 1.810090416017479942e-01 1.411082396000000072e+00
8.320398969000000022e+01 1.755317661919212069e-01 1.410521933999999922e+00
8.316618137000000388e+01 1.616512361116822227e-01 1.416752433000000089e+00
8.310661948000000621e+01 1.481397456554636727e-01 1.435068535999999950e+00
8.303775122999999780e+01 1.257541502347546136e-01 1.461330602000000090e+00
8.301237107000000037e+01 1.469152819198906168e-01 1.478119066000000092e+00
8.303045129000000202e+01 1.653521888645105020e-01 1.491973495999999955e+00
8.304062989999999900e+01 1.603901194911946937e-01 1.484125960999999938e+00
8.308104710000000637e+01 1.464917010370665462e-01 1.465643513000000064e+00
8.316685599000000195e+01 1.619608413474211417e-01 1.448941449000000103e+00
8.325535910000000683e+01 1.606602811141043252e-01 1.427698278999999904e+00
8.331425271999999893e+01 1.709787482858560748e-01 1.410176225999999922e+00
8.334391841999999428e+01 1.828546441641401843e-01 1.402235657999999940e+00
8.335582886000000258e+01 1.853843246981980719e-01 1.400307436999999933e+00
8.335916213999999513e+01 1.842491946476245979e-01 1.400187242000000110e+00
8.335910486999999591e+01 1.841913992923141508e-01 1.399731682999999949e+00
8.335566264999999930e+01 1.851814843014341905e-01 1.398990146999999906e+00
8.334362475999999731e+01 1.824549141010649578e-01 1.400277019000000012e+00
8.331371704000000022e+01 1.704372528261280384e-01 1.408355070000000042e+00
8.325427860000000635e+01 1.606478934119070223e-01 1.428251799000000100e+00
8.316465087999999639e+01 1.632298735793673572e-01 1.456056140999999915e+00
8.307748238000000640e+01 1.469588683484393254e-01 1.481861279999999947e+00
8.303895558000000676e+01 1.618953884609100058e-01 1.492854611000000054e+00
8.304797078999999371e+01 1.629831458186295767e-01 1.497619132000000075e+00
8.306162702999999681e+01 1.607432764738879194e-01 1.489016861999999941e+00
8.311073383999999464e+01 1.590846649978332472e-01 1.473852906000000074e+00
8.320460669000000564e+01 1.755148120362055031e-01 1.460731852999999969e+00
8.331445875999999373e+01 1.705639945785264455e-01 1.443323123000000097e+00
8.340490950000000225e+01 1.515942931384857417e-01 1.421455554000000010e+00
8.345564717999999971e+01 1.573134470355195269e-01 1.403338943999999922e+00
8.347198930999999789e+01 1.685281534695263761e-01 1.393781120999999956e+00
8.347237139000000639e+01 1.693290532774764379e-01 1.389732804999999960e+00
8.347221371000000545e+01 1.691954714109198676e-01 1.389319696999999909e+00
8.347156418999999516e+01 1.681928099859121284e-01 1.392671111000000073e+00
8.345495805000000189e+01 1.568980310977368675e-01 1.402139671999999893e+00
8.340381515999999351e+01 1.515869962618414668e-01 1.421803423000000066e+00
8.331271587999999895e+01 1.712881232594115621e-01 1.447655364999999916e+00
8.320185897000000352e+01 1.765502808224790887e-01 1.471575786999999913e+00
8.310705323999999905e+01 1.593952935902060997e-01 1.491386998000000075e+00
8.305959389999999587e+01 1.618787792918465751e-01 1.499664753000000017e+00
8.306105424999999798e+01 1.540670479518001790e-01 1.500908214000000074e+00
8.307825013999999442e+01 1.555144707981133134e-01 1.491149894000000087e+00
8.313351364000000387e+01 1.642725846833860692e-01 1.477946216999999951e+00
8.322836103999999580e+01 1.808130910125861357e-01 1.467090768000000045e+00
8.334416817000000322e+01 1.823594822434984331e-01 1.454506217000000046e+00
8.345559262999999817e+01 1.570790885128448278e-01 1.437420157999999892e+00
8.353664888000000133e+01 1.233359243596219568e-01 1.415837382000000089e+00
8.357153578000000493e+01 1.280160636124595130e-01 1.395715516999999961e+00
8.357345714000000214e+01 1.364871528935758804e-01 1.383652150999999941e+00
8.357315649000000235e+01 1.362081792201918218e-01 1.383277107000000061e+00
8.357079679000000283e+01 1.275970912897820553e-01 1.394965237000000080e+00
8.353554452000000197e+01 1.233314077758193433e-01 1.416160006999999998e+00
8.345403022000000703e+01 1.576126819832370796e-01 1.440754290000000104e+00
8.334198114000000146e+01 1.831003825084254466e-01 1.462255628999999946e+00
8.322532529000000068e+01 1.814437929505343106e-01 1.480476990999999964e+00
8.312983468999999559e+01 1.645112520544314283e-01 1.496081293999999895e+00
8.307588146000000506e+01 1.562650247328256914e-01 1.503681948000000101e+00
8.306931007000000022e+01 1.439954772176220144e-01 1.503218090999999923e+00
8.308995799000000204e+01 1.498321558490767202e-01 1.492015132999999993e+00
8.314948119000000304e+01 1.657944982412496160e-01 1.480054946999999954e+00
8.324279396000000020e+01 1.816445963707085665e-01 1.470341828000000017e+00
8.335608367000000385e+01 1.849120194698476438e-01 1.460618733000000002e+00
8.347181374999999548e+01 1.681206716076368290e-01 1.449308982000000023e+00
8.357117400999999290e+01 1.279830910679547740e-01 1.434487921999999971e+00
8.363420306000000437e+01 8.023118946017297748e-02 1.411598343000000089e+00
8.364882237000000487e+01 8.751559382088569539e-02 1.383289849000000071e+00
8.364825630999999362e+01 8.689979906110005536e-02 1.383024161999999890e+00
8.363308938000000126e+01 8.023086956065585140e-02 1.412038316999999932e+00
8.356971583000000692e+01 1.284528641433893004e-01 1.437618537999999946e+00
8.346990968999999438e+01 1.687057420829763121e-01 1.455949096000000109e+00
8.335359570999999335e+01 1.854627155630734214e-01 1.471294775999999915e+00
8.323961599000000433e+01 1.820302791781205076e-01 1.485479202999999915e+00
8.314585039000000677e+01 1.660192684059033363e-01 1.498465189000000031e+00
8.308727595000000576e+01 1.502391814408542137e-01 1.506350029999999895e+00
8.307294260000000463e+01 1.371347208953933861e-01 1.504695152000000036e+00
8.309603595999999470e+01 1.464930802508400687e-01 1.492278422000000049e+00
8.315780014000000619e+01 1.660029741389725533e-01 1.480975506999999913e+00
8.324970827999999301e+01 1.814832261240954536e-01 1.471728149999999902e+00
8.335940549999999405e+01 1.838204276319534147e-01 1.463235907000000058e+00
8.347211292000000071e+01 1.688336833466679288e-01 1.455158508000000017e+00
8.357276613999999881e+01 1.360853028797722741e-01 1.447558173000000004e+00
8.364791449000000512e+01 8.762534636945022715e-02 1.438939793999999939e+00
8.368597402000000329e+01 2.796730779244017626e-02 1.409294645999999984e+00
8.368484127000000683e+01 2.801231076103244400e-02 1.410494756000000072e+00
8.364670193000000609e+01 8.786861862054859418e-02 1.442758851000000009e+00
8.357123482000000081e+01 1.365545257292556380e-01 1.453981924999999897e+00
8.347011320999999384e+01 1.693371168703422802e-01 1.464502670999999978e+00
8.335683924999999306e+01 1.842653712265970578e-01 1.475872714999999946e+00
8.324653915000000381e+01 1.818191427082910261e-01 1.487817192999999927e+00
8.315424192999999775e+01 1.662486888171748334e-01 1.499493729000000108e+00
8.309315449000000342e+01 1.467188193778128646e-01 1.507823853999999963e+00
8.288713839000000405e+01 3.038547958546496466e-02 1.469298817000000090e+00
8.292060385999999994e+01 1.018274307214070973e-01 1.502997638999999941e+00
8.300621209000000533e+01 1.503968021559687895e-01 1.503536986999999936e+00
8.309409216999999614e+01 1.501882395444970320e-01 1.503099025999999894e+00
8.314582332000000520e+01 1.791050920313866368e-01 1.499618276000000083e+00
8.316984691999999768e+01 1.973078027008412505e-01 1.495904209000000096e+00
8.317972577999999828e+01 1.966203543811900767e-01 1.494006825999999899e+00
8.318174673999999413e+01 1.880517484313855014e-01 1.494718567000000053e+00
8.318055905999999311e+01 1.802513601755211248e-01 1.496718092999999916e+00
8.318097801000000402e+01 1.805227263331588561e-01 1.494325477000000069e+00
8.318288667999999575e+01 1.887401169314737726e-01 1.488442545000000061e+00
8.318148349999999880e+01 1.976289366637474787e-01 1.484576826999999932e+00
8.317228339000000403e+01 1.985853252345169684e-01 1.482968461000000016e+00
8.314908542999999952e+01 1.801910954220086181e-01 1.482330493999999943e+00
8.309791812999999649e+01 1.501848181071825938e-01 1.482725435000000092e+00
8.300919733000000633e+01 1.520775320469369696e-01 1.487431200999999925e+00
8.292201762999999914e+01 1.037770985682284208e-01 1.495186992999999909e+00
8.292050263999999515e+01 1.025395174723641445e-01 1.390236462999999922e+00
8.293522599000000639e+01 1.012612133511010537e-01 1.450866643999999983e+00
8.301186085999999875e+01 1.459883951331873431e-01 1.501564762000000108e+00
8.309700922000000389e+01 1.496737022013417684e-01 1.503109591999999939e+00
8.315048255000000665e+01 1.750055456124856856e-01 1.498611657000000097e+00
8.317783382000000358e+01 1.921365074219612279e-01 1.493316407000000012e+00
8.319135291999999993e+01 1.925588125331486600e-01 1.489262869000000045e+00
8.319705639999999391e+01 1.862280757342058279e-01 1.486760045999999891e+00
8.319866618999999730e+01 1.809022416701428215e-01 1.485187341000000050e+00
8.319904640000000029e+01 1.811358297192002531e-01 1.483072010999999968e+00
8.319813394000000528e+01 1.868736279017679802e-01 1.480834997999999958e+00
8.319306518000000494e+01 1.935385662049080857e-01 1.479934051000000084e+00
8.318023573000000681e+01 1.933679796398121431e-01 1.480287263999999992e+00
8.315370285000000194e+01 1.760314811284453829e-01 1.481227405999999913e+00
8.310083355000000438e+01 1.496713308925083641e-01 1.482770565999999901e+00
8.301522124000000247e+01 1.469316998118236350e-01 1.484631462999999929e+00
8.293760577999999839e+01 1.022837869095434699e-01 1.446676843000000101e+00
8.300670832000000132e+01 1.511812928247809051e-01 1.404312210999999921e+00
8.301228688999999861e+01 1.467398107046071210e-01 1.411111878000000042e+00
8.303771002000000578e+01 1.256097470704587438e-01 1.466158424999999932e+00
8.310540242999999805e+01 1.481287058277455382e-01 1.503141341999999936e+00
8.316488520000000051e+01 1.616670296760353565e-01 1.493333349999999893e+00
8.320299124999999663e+01 1.752410212640540532e-01 1.482148078999999896e+00
8.322706304999999816e+01 1.806787931998610763e-01 1.472935700999999931e+00
8.324178328000000704e+01 1.816544279447917520e-01 1.465915977999999953e+00
8.324899098999999580e+01 1.816350794145232816e-01 1.461403913000000054e+00
8.324928884999999923e+01 1.817892436479984219e-01 1.459754664000000091e+00
8.324268625999999927e+01 1.821468422335981996e-01 1.460894348999999925e+00
8.322861070999999811e+01 1.815433692416646982e-01 1.464280103000000111e+00
8.320527187000000424e+01 1.763833928346650870e-01 1.469368621000000097e+00
8.316799842999999726e+01 1.625924179428021588e-01 1.476070055000000103e+00
8.310922005000000468e+01 1.481303653540281540e-01 1.482901809999999987e+00
8.304095153999999468e+01 1.256935450937796406e-01 1.455837202999999969e+00
8.301308602999999664e+01 1.457864644766444229e-01 1.410006821000000077e+00
8.309501375000000678e+01 1.504040664418333506e-01 1.437241286999999978e+00
8.309793272999999658e+01 1.498906348548511847e-01 1.436880514000000053e+00
8.310633810999999582e+01 1.483465374800903847e-01 1.436102063000000095e+00
8.312058462999999620e+01 1.458173819064564614e-01 1.420687272999999973e+00
8.319707612999999924e+01 1.432342888902920774e-01 1.462653074999999969e+00
8.325305774999999642e+01 1.537194468628632349e-01 1.451668728000000019e+00
8.329020970000000545e+01 1.668810820962798036e-01 1.444505326000000034e+00
8.331319399000000203e+01 1.751111262365724341e-01 1.440232605999999915e+00
8.332438632999999584e+01 1.786887163579085891e-01 1.437735623000000018e+00
8.332458452000000193e+01 1.787621747115613613e-01 1.436447940000000090e+00
8.331379963000000544e+01 1.753176878025565488e-01 1.436304177000000015e+00
8.329125105999999334e+01 1.671571171942219658e-01 1.437795243999999917e+00
8.325455064999999877e+01 1.538927775962789513e-01 1.442274137000000067e+00
8.319892052999999521e+01 1.431783630540526542e-01 1.452199089000000054e+00
8.312202867999999967e+01 1.455872945454702860e-01 1.482871231000000067e+00
8.310635272000000384e+01 1.483322534888714961e-01 1.438375932000000024e+00
8.309793881000000226e+01 1.498864462845129197e-01 1.437609748000000076e+00
8.314670119000000170e+01 1.794957394905474513e-01 1.466410167999999903e+00
8.315149909000000150e+01 1.751972729304910603e-01 1.462651072000000108e+00
8.316611867999999674e+01 1.616336035329968002e-01 1.452434876000000097e+00
8.319830924000000039e+01 1.433324476415747950e-01 1.431816329999999970e+00
8.326484671999999421e+01 1.574019376758768740e-01 1.427326032999999939e+00
8.333125477999999475e+01 1.547313430303241255e-01 1.423683135999999960e+00
8.337647887999999341e+01 1.583175210801345267e-01 1.420338317999999989e+00
8.340271672999999453e+01 1.644311200381415039e-01 1.419342203000000024e+00
8.341465770000000646e+01 1.681216517576928915e-01 1.418987081000000039e+00
8.341474879000000442e+01 1.681218175109781832e-01 1.417932675000000087e+00
8.340296508000000131e+01 1.643322507797307930e-01 1.416304366000000092e+00
8.337677938999999583e+01 1.578554930427958081e-01 1.415896884999999994e+00
8.333129628999999738e+01 1.538464529685589777e-01 1.419702738000000020e+00
8.326377831000000640e+01 1.573845459751559428e-01 1.428741929999999938e+00
8.319554827000000330e+01 1.433745017120293119e-01 1.442904045999999996e+00
8.316462962999999320e+01 1.633338850243634399e-01 1.460067135000000071e+00
8.315090429999999344e+01 1.759891785465134417e-01 1.465868232000000049e+00
8.317054498000000251e+01 1.977063270911561810e-01 1.481200808000000091e+00
8.317877554000000373e+01 1.923384417014700476e-01 1.476034585000000066e+00
8.320424502000000189e+01 1.752998837520981512e-01 1.464335531999999995e+00
8.325434912999999426e+01 1.537533251883550500e-01 1.446689698999999996e+00
8.333186319000000708e+01 1.542175548803300933e-01 1.432985101000000094e+00
8.341097114000000090e+01 1.482670983101280482e-01 1.421140571000000019e+00
8.346717823999999553e+01 1.427923492915559589e-01 1.411401708000000088e+00
8.349669606999999871e+01 1.448188046734251166e-01 1.406803757999999904e+00
8.350774810999999431e+01 1.473043367234000423e-01 1.405533987000000096e+00
8.350771717000000649e+01 1.472226474577193467e-01 1.404636205999999943e+00
8.349656091999999319e+01 1.444766561658856474e-01 1.404497048999999942e+00
8.346676032999999961e+01 1.422419646489637146e-01 1.409118061999999894e+00
8.340987819999999431e+01 1.482584049027581563e-01 1.421815089999999948e+00
8.332957584000000395e+01 1.550642990519159603e-01 1.440350302999999998e+00
8.325115080999999861e+01 1.541731162154835466e-01 1.460619574999999948e+00
8.320198693999999762e+01 1.767212840695209231e-01 1.475581183000000074e+00
8.317776791999999375e+01 1.931445349723797111e-01 1.481309548999999892e+00
8.318025858000000028e+01 1.969071454948915778e-01 1.489075369000000038e+00
8.319221749999999815e+01 1.926884088642865089e-01 1.482603270000000029e+00
8.322825668000000121e+01 1.807742246473027503e-01 1.470455851000000091e+00
8.329141891999999814e+01 1.669257379337699965e-01 1.455564963999999906e+00
8.337724475999999640e+01 1.579493531805848117e-01 1.442445323999999918e+00
8.346743931999999688e+01 1.424078988076818153e-01 1.429576208000000070e+00
8.353964643000000478e+01 1.205050973347655541e-01 1.415453770999999916e+00
8.357942092000000400e+01 1.131676948074318845e-01 1.403263461999999961e+00
8.359120982000000311e+01 1.154179210826341145e-01 1.396863146999999916e+00
8.359101400999999498e+01 1.152041958912244507e-01 1.396104596999999892e+00
8.357884364999999605e+01 1.127077220679792158e-01 1.401888361999999999e+00
8.353853983999999855e+01 1.204991343292106942e-01 1.416010186999999920e+00
8.346554390000000012e+01 1.431003094054630331e-01 1.434774092999999917e+00
8.337442206999999428e+01 1.586642921136767193e-01 1.453636493000000085e+00
8.328806312999999761e+01 1.673348829380297276e-01 1.471124883999999966e+00
8.322554716000000496e+01 1.816534416884222070e-01 1.484176565999999919e+00
8.319085149999999373e+01 1.933738783867051947e-01 1.489831200000000022e+00
8.318212042999999767e+01 1.882135596344829409e-01 1.494168284999999985e+00
8.319785385000000133e+01 1.862850901533307790e-01 1.486015920999999906e+00
8.324288900000000524e+01 1.817247779480472281e-01 1.473406035000000003e+00
8.331428099000000032e+01 1.751294958055131246e-01 1.460233757999999993e+00
8.340347307999999771e+01 1.642342296900896614e-01 1.448611638999999895e+00
8.349701136999999562e+01 1.444577307765084473e-01 1.437923134000000047e+00
8.357940413999999407e+01 1.129038556909640334e-01 1.426371991999999977e+00
8.363490640000000553e+01 7.834092217763169441e-02 1.411129515999999917e+00
8.365373503000000710e+01 7.342015479203116424e-02 1.393725434000000041e+00
8.365324545000000001e+01 7.292070837478915879e-02 1.393245952000000010e+00
8.363378702999999348e+01 7.833797681899666576e-02 1.411845768999999917e+00
8.357769496999999603e+01 1.135412857404182879e-01 1.430956893000000063e+00
8.349463776000000337e+01 1.451512842898080025e-01 1.447099080000000093e+00
8.340046463999999560e+01 1.647413966012543918e-01 1.462147703999999937e+00
8.331092621000000520e+01 1.755016497438305068e-01 1.476621426999999986e+00
8.323990501999999481e+01 1.822376026078635081e-01 1.488826062000000006e+00
8.319611960000000295e+01 1.867945661851402317e-01 1.495321190000000078e+00
8.318074824999999350e+01 1.802746161859237750e-01 1.497330857999999987e+00
8.319936314999999638e+01 1.808838822196050244e-01 1.487554588000000066e+00
8.324997987999999793e+01 1.816449252043159934e-01 1.474608611999999930e+00
8.332534495999999535e+01 1.786621961733678154e-01 1.462234969999999912e+00
8.341533963000000540e+01 1.679791072370535043e-01 1.451431243999999898e+00
8.350802903000000299e+01 1.470376593742840077e-01 1.442282135999999992e+00
8.359108139999999310e+01 1.150984270467231285e-01 1.434705906000000031e+00
8.365332241999999496e+01 7.326298318444897373e-02 1.427637993000000050e+00
8.368545398999999918e+01 2.721135058816016861e-02 1.408662628000000083e+00
8.368430517000000179e+01 2.723257221704485434e-02 1.410588909999999974e+00
8.365189431999999670e+01 7.381494700173424350e-02 1.432884440999999898e+00
8.358918785000000184e+01 1.157616222441735371e-01 1.443139238999999963e+00
8.350559269000000029e+01 1.476349428379284956e-01 1.453950614000000030e+00
8.341239382999999918e+01 1.684556419355946466e-01 1.466101955000000068e+00
8.332208070999999450e+01 1.790467206964527214e-01 1.478967565999999900e+00
8.324688473000000499e+01 1.820198250348381841e-01 1.490934141999999962e+00
8.319734033000000295e+01 1.812153914311727954e-01 1.498543194000000023e+00
8.290897479999999575e+01 3.396228297674257907e-02 1.466810866999999963e+00
8.294105378000000428e+01 9.995470595972756611e-02 1.500201243000000018e+00
8.302974392999999509e+01 1.647977987619547724e-01 1.498520896999999907e+00
8.314563830000000166e+01 1.790931314424260290e-01 1.496480792000000060e+00
8.324471357999999555e+01 1.634247261109552374e-01 1.494423408000000064e+00
8.329874384999999393e+01 1.849451816792007652e-01 1.490799505000000025e+00
8.331638169999999377e+01 2.042714003304077763e-01 1.487604826999999963e+00
8.331517506999999512e+01 2.047686621826288189e-01 1.487081743000000067e+00
8.330899100999999973e+01 1.981153166721483505e-01 1.488323148999999956e+00
8.330960632000000032e+01 1.985156688240390099e-01 1.484928623000000059e+00
8.331682587999999612e+01 2.056858492247058412e-01 1.478199108999999956e+00
8.331890094999999974e+01 2.054439221013290018e-01 1.474249211999999920e+00
8.330210332999999423e+01 1.858176210524592198e-01 1.473050811000000015e+00
8.324853629999999782e+01 1.634190320358074877e-01 1.474128992000000027e+00
8.314889490999999566e+01 1.801828447010764833e-01 1.478978686000000042e+00
8.303185037000000079e+01 1.663348062811626504e-01 1.487001095999999967e+00
8.294204740000000697e+01 1.012984467475473022e-01 1.494532587999999995e+00
8.294089900000000171e+01 1.005129235989717373e-01 1.390098177000000046e+00
8.295805943000000582e+01 1.062335522049678432e-01 1.447510706999999952e+00
8.303873280000000534e+01 1.608799468951717382e-01 1.493543913999999972e+00
8.314999636999999666e+01 1.753666436451778998e-01 1.495952744000000001e+00
8.324685927999999535e+01 1.627048492350216258e-01 1.494414243000000031e+00
8.330226553999999339e+01 1.810845390887947104e-01 1.490239548999999997e+00
8.332307686000000047e+01 1.985279154645362143e-01 1.485932376999999915e+00
8.332546388000000093e+01 1.994527904243953154e-01 1.483578543999999999e+00
8.332216685999999584e+01 1.943854445351844151e-01 1.482534046999999910e+00
8.332275429000000599e+01 1.947542338977408527e-01 1.479308744999999981e+00
8.332707621000000131e+01 2.003420394920810699e-01 1.474845383999999981e+00
8.332556687000000295e+01 1.996668774340564223e-01 1.472563346000000051e+00
8.330559307000000047e+01 1.819228789414400471e-01 1.472458846999999960e+00
8.325068197999999597e+01 1.627002592514480983e-01 1.474153486999999929e+00
8.315343642000000557e+01 1.761303868865405353e-01 1.478201156999999988e+00
8.304136454999999728e+01 1.619013731851407512e-01 1.481113147000000074e+00
8.296002685999999926e+01 1.069553900196786311e-01 1.444523111000000082e+00
8.303006215999999995e+01 1.655640011848209803e-01 1.393604083999999910e+00
8.303900136000000032e+01 1.615634296191374719e-01 1.402134025000000062e+00
8.307776780999999744e+01 1.466089244050315932e-01 1.453142616000000054e+00
8.316396054999999876e+01 1.625165663206301625e-01 1.492214023999999917e+00
8.325304637000000696e+01 1.606133383759317523e-01 1.494394749000000022e+00
8.331251459000000636e+01 1.702700064445762107e-01 1.488242709999999969e+00
8.334273106999999925e+01 1.820688280976185680e-01 1.480417113999999978e+00
8.335515678999999523e+01 1.848312044281374966e-01 1.473585496999999966e+00
8.335903324000000225e+01 1.840190527729834158e-01 1.468543064999999981e+00
8.335955558000000565e+01 1.843075676093972326e-01 1.465689685000000075e+00
8.335667202999999859e+01 1.856232131736068047e-01 1.465306454000000036e+00
8.334516843999999480e+01 1.831118530373225806e-01 1.467114377999999997e+00
8.331580492000000504e+01 1.709871931229957898e-01 1.470420663999999933e+00
8.325686822999999492e+01 1.606116132499912641e-01 1.474224291999999936e+00
8.316766857000000357e+01 1.627993692345948706e-01 1.474191789999999891e+00
8.308054961000000560e+01 1.470634593768314624e-01 1.444467552000000099e+00
8.303989142999999729e+01 1.610131868743835404e-01 1.401054881000000085e+00
8.314648830999999518e+01 1.797295209614100109e-01 1.406114249999999899e+00
8.315079310999999507e+01 1.760077163674924616e-01 1.409184930999999974e+00
8.316464383999999654e+01 1.631655399631980197e-01 1.421208323000000107e+00
8.319538986999999963e+01 1.433775115059074678e-01 1.464944377999999992e+00
8.326253318999999919e+01 1.573517447409589209e-01 1.494345781000000040e+00
8.332985198000000082e+01 1.539683984446794107e-01 1.482197935000000077e+00
8.337562852000000646e+01 1.576848944615067138e-01 1.468580714000000009e+00
8.340227038000000448e+01 1.640951742457516793e-01 1.458073146000000042e+00
8.341455612999999403e+01 1.680104391611394743e-01 1.451503715999999944e+00
8.341498568999999463e+01 1.681913327544646564e-01 1.449060768000000055e+00
8.340357348999999942e+01 1.646394386766640849e-01 1.450667841000000013e+00
8.337783500999999831e+01 1.584798243008047614e-01 1.456111219000000068e+00
8.333294517999999584e+01 1.546007007339686712e-01 1.465053802999999988e+00
8.326635190000000364e+01 1.573543744657546484e-01 1.474324025000000038e+00
8.319857208999999898e+01 1.433093965701811578e-01 1.453526904000000064e+00
8.316582728000000202e+01 1.619633060640460476e-01 1.418476351000000024e+00
8.315121263000000340e+01 1.755909995776873678e-01 1.408271261999999968e+00
8.324585295999999346e+01 1.636743927113413766e-01 1.431348545999999944e+00
8.324799996999999507e+01 1.629546581581249320e-01 1.431151226000000110e+00
8.325419433000000424e+01 1.608633787977928331e-01 1.430837515999999976e+00
8.326369766999999911e+01 1.576029825996798361e-01 1.430083451000000005e+00
8.327662175999999761e+01 1.534895048562071873e-01 1.412557475000000062e+00
8.335978584000000069e+01 1.411330351230968838e-01 1.457631568000000044e+00
8.342278056000000674e+01 1.365730011241044484e-01 1.447641168999999950e+00
8.346243001999999933e+01 1.418075402708360855e-01 1.440068758000000004e+00
8.348133681999999567e+01 1.470257157976939955e-01 1.435369155000000063e+00
8.348165296000000524e+01 1.470923123671234456e-01 1.433286480000000029e+00
8.346336463999999467e+01 1.419191189419190813e-01 1.433949445999999961e+00
8.342425984999999855e+01 1.365374455552511024e-01 1.438162506000000063e+00
8.336160400999999354e+01 1.410173427675348867e-01 1.446987891000000026e+00
8.327795166999999310e+01 1.532550270890616351e-01 1.474402282000000008e+00
8.326371410999999512e+01 1.575945717928782241e-01 1.432234502000000020e+00
8.325420461000000216e+01 1.608601528486541810e-01 1.431715086000000081e+00
8.324800521999999603e+01 1.629533982177418516e-01 1.431512026999999909e+00
8.329977544999999850e+01 1.853852262832454134e-01 1.456537935000000061e+00
8.330339634999999987e+01 1.813903407024746728e-01 1.453841753000000070e+00
8.331379115999999385e+01 1.704186148630413566e-01 1.447484242000000032e+00
8.333131532000000163e+01 1.540619043739603899e-01 1.435920716999999902e+00
8.336114546000000303e+01 1.412804710722561918e-01 1.418636572999999901e+00
8.341847214999999949e+01 1.442015164618203060e-01 1.420537146999999889e+00
8.348259043000000190e+01 1.290332524002567594e-01 1.425030086999999890e+00
8.352811334999999815e+01 1.206033894453142769e-01 1.424018202999999927e+00
8.355051774000000364e+01 1.214228421961373455e-01 1.422090255000000081e+00
8.355069552000000499e+01 1.213750429250191609e-01 1.420314370000000048e+00
8.352851830999999549e+01 1.202813862769274433e-01 1.419511584000000104e+00
8.348276468000000250e+01 1.284110118669277989e-01 1.420659676999999954e+00
8.341738567999999532e+01 1.441902009457034228e-01 1.422076675000000012e+00
8.335863611000000617e+01 1.411946867889200541e-01 1.428292313999999896e+00
8.332971405000000686e+01 1.552515309387517417e-01 1.443759067000000007e+00
8.331290708999999595e+01 1.714257582469965180e-01 1.452146120999999956e+00
8.330299492999999700e+01 1.819070581294757460e-01 1.456020622999999903e+00
8.331715943999999752e+01 2.047016588672743997e-01 1.472446528999999948e+00
8.332404732999999908e+01 1.988127456266227111e-01 1.468126175000000089e+00
8.334394373000000655e+01 1.822373638694871345e-01 1.459019859000000086e+00
8.337705673000000672e+01 1.578622131162172038e-01 1.445140204999999956e+00
8.342413933000000270e+01 1.366561606662631267e-01 1.429245483000000094e+00
8.348334060999999906e+01 1.287172196941775704e-01 1.418685033000000040e+00
8.354347255000000416e+01 1.170943130856104686e-01 1.414911733999999921e+00
8.358938048999999637e+01 9.932777434264358773e-02 1.413485169000000097e+00
8.361284299000000431e+01 9.160215667641148640e-02 1.412362408999999985e+00
8.361283022000000642e+01 9.142941986757369133e-02 1.410909154999999915e+00
8.358909285000000011e+01 9.888456780615953456e-02 1.411114463000000097e+00
8.354236357999999996e+01 1.170856110090501834e-01 1.415868456999999969e+00
8.348108225999999377e+01 1.291351751863883679e-01 1.425956554000000098e+00
8.342130237000000648e+01 1.369924483184112030e-01 1.441225176999999968e+00
8.337466876000000582e+01 1.588643807376019512e-01 1.456660127999999998e+00
8.334237661999999602e+01 1.833030785344024749e-01 1.467104718000000085e+00
8.332328760999999417e+01 1.994111200995154765e-01 1.472169225000000026e+00
8.331568434999999795e+01 2.050423297304644066e-01 1.482243417000000063e+00
8.332625871999999845e+01 1.996069732165631494e-01 1.476240176999999987e+00
8.335624549000000627e+01 1.849532575067230344e-01 1.465153018000000085e+00
8.340353853999999956e+01 1.642647211220628067e-01 1.450969222999999975e+00
8.346363818000000379e+01 1.419176209720797444e-01 1.436651067999999976e+00
8.352900332000000105e+01 1.204615867425914283e-01 1.424756012000000016e+00
8.358980787000000134e+01 9.903190276786502655e-02 1.416206499000000063e+00
8.363598138999999776e+01 7.608103852143877077e-02 1.410515650000000010e+00
8.365986676999999361e+01 5.858651829784516235e-02 1.406620752999999890e+00
8.365951237999999535e+01 5.825838742628899197e-02 1.405803628999999999e+00
8.363485516000000075e+01 7.607103065965199751e-02 1.411618371000000094e+00
8.358787329000000454e+01 9.953227545990404879e-02 1.422098228999999936e+00
8.352639820999999642e+01 1.209961810191339526e-01 1.435303307999999944e+00
8.346070306000000016e+01 1.424099037435734572e-01 1.450190378000000058e+00
8.340077623000000528e+01 1.649215644937821468e-01 1.464752427999999940e+00
8.335414774999999565e+01 1.857300660953045413e-01 1.476164188999999904e+00
8.332514338000000009e+01 2.001408895250806064e-01 1.482264451000000038e+00
8.330920278000000678e+01 1.981861985713156138e-01 1.488139136000000029e+00
8.332275303000000122e+01 1.943894740587894243e-01 1.480400645000000015e+00
8.335994526000000349e+01 1.840490443770654017e-01 1.467746626999999915e+00
8.341561916999999937e+01 1.680984041775270554e-01 1.453579176999999945e+00
8.348234370000000126e+01 1.471147731182369800e-01 1.440223014999999940e+00
8.355130477999999528e+01 1.214296621152891748e-01 1.428900263999999920e+00
8.361332407999999816e+01 9.147603981314825217e-02 1.420191922000000107e+00
8.366003958000000296e+01 5.834252318484881711e-02 1.414131851999999911e+00
8.368506200999999578e+01 2.637585174264347326e-02 1.407860960000000050e+00
8.368389378999999906e+01 2.631857863932518526e-02 1.410713386000000069e+00
8.365847653999999523e+01 5.905334904481317204e-02 1.420269135000000071e+00
8.361127838999999540e+01 9.222270418975839212e-02 1.429494505000000082e+00
8.354878750000000309e+01 1.220677896942770069e-01 1.441083295999999958e+00
8.347950611999999637e+01 1.476577912355240829e-01 1.454503682999999992e+00
8.341276044999999328e+01 1.686203304849880347e-01 1.468440635999999966e+00
8.335752759999999739e+01 1.845767691475116157e-01 1.480695778000000074e+00
8.332133437000000242e+01 1.947754197606384741e-01 1.488182794000000086e+00
8.293169462999999553e+01 3.297199386629635215e-02 1.464001308000000057e+00
8.296173670000000300e+01 9.429857459223699168e-02 1.498279692000000107e+00
8.304730974000000288e+01 1.624715325185739356e-01 1.495409014000000036e+00
8.316951000000000249e+01 1.971350280687873269e-01 1.491294769000000020e+00
8.329842060999999376e+01 1.850333201334481148e-01 1.487957624000000090e+00
8.339728277999999762e+01 1.544863604310084959e-01 1.485515858999999939e+00
8.344385022000000163e+01 1.710769057351473610e-01 1.482279335000000087e+00
8.344939838999999893e+01 1.902862774471072160e-01 1.480079279999999997e+00
8.344031741000000579e+01 1.892142155462903930e-01 1.479988854999999992e+00
8.344120537000000581e+01 1.898674797976425410e-01 1.475167174000000081e+00
8.345171023999999704e+01 1.915150435520685535e-01 1.467780308999999894e+00
8.344720019000000377e+01 1.719758676394056440e-01 1.464615926000000012e+00
8.340110219000000313e+01 1.544823161689423408e-01 1.465308548000000100e+00
8.330177396999999928e+01 1.859119939502316132e-01 1.469995678000000083e+00
8.317194089999999562e+01 1.984110380624489745e-01 1.478055195000000044e+00
8.304884045999999387e+01 1.636207260212947656e-01 1.486863497000000089e+00
8.296246657999999741e+01 9.527935566801705447e-02 1.493870282000000049e+00
8.296158088999999336e+01 9.476731186176418076e-02 1.390991022999999993e+00
8.298082005000000549e+01 1.068384798977634192e-01 1.445915950000000061e+00
8.305958900000000256e+01 1.609958139311188086e-01 1.487385052000000041e+00
8.317704410000000337e+01 1.923151555734131102e-01 1.489389746000000070e+00
8.330175327999999979e+01 1.813983164074313148e-01 1.487685064999999973e+00
8.339863427000000229e+01 1.537280986123686632e-01 1.485480184999999897e+00
8.344642419999999561e+01 1.671857608916100246e-01 1.481836208999999904e+00
8.345494548000000634e+01 1.842998772000015439e-01 1.478648173000000066e+00
8.344864590000000248e+01 1.838298727585526982e-01 1.477064675999999910e+00
8.344951428999999621e+01 1.844491494795603703e-01 1.472350518999999913e+00
8.345723388999999770e+01 1.854956247312158080e-01 1.466399044999999957e+00
8.344975057000000618e+01 1.680536853150376708e-01 1.464173334000000049e+00
8.340245495000000631e+01 1.537251135457085305e-01 1.465309613000000066e+00
8.330522706000000710e+01 1.820703447401903763e-01 1.469623501999999915e+00
8.317978273999999317e+01 1.933069332018758357e-01 1.475811825999999938e+00
8.306171125999999560e+01 1.617812333189363461e-01 1.478135058999999973e+00
8.298250878000000341e+01 1.073321468319624328e-01 1.443800992999999977e+00
8.304754830999999626e+01 1.631498779516480369e-01 1.390915192000000022e+00
8.305979440000000125e+01 1.615698621627841280e-01 1.401184264000000068e+00
8.310759108000000595e+01 1.590873872424883873e-01 1.446582720000000100e+00
8.320166512999999497e+01 1.757712265197218515e-01 1.479963890999999920e+00
8.331181920000000218e+01 1.707824339513906997e-01 1.486456463999999977e+00
8.340255086999999889e+01 1.515481604275196736e-01 1.485383166999999949e+00
8.345377899000000355e+01 1.566477011586554502e-01 1.480476474999999903e+00
8.347079064000000415e+01 1.677415238177492884e-01 1.474480312999999931e+00
8.347202285999999560e+01 1.689333244410158308e-01 1.469423187000000075e+00
8.347284523000000434e+01 1.694558459436518449e-01 1.464975200000000033e+00
8.347303773999999521e+01 1.688301643572580057e-01 1.462389071000000040e+00
8.345708437000000401e+01 1.573966086207808923e-01 1.462823009000000063e+00
8.340637395000000254e+01 1.515477427643677766e-01 1.465312399000000099e+00
8.331545198000000596e+01 1.711443679375234950e-01 1.468243983000000030e+00
8.320476048999999819e+01 1.764573648786851856e-01 1.466291599999999917e+00
8.310988041000000237e+01 1.595486270390686079e-01 1.440295708999999924e+00
8.306068863000000135e+01 1.612434351151596501e-01 1.400594499999999965e+00
8.317024263999999789e+01 1.978905145847315028e-01 1.393622914000000046e+00
8.317772481000000084e+01 1.930401946258966661e-01 1.397840678999999975e+00
8.320220693999999639e+01 1.764143831364742010e-01 1.414077991000000090e+00
8.325127098000000103e+01 1.539708448330090740e-01 1.452027863000000085e+00
8.332889063999999735e+01 1.545791674756123724e-01 1.482059162000000097e+00
8.340860868000000039e+01 1.482183959452998689e-01 1.485226860999999898e+00
8.346545570000000680e+01 1.421891640041881844e-01 1.477703334000000090e+00
8.349565443000000187e+01 1.441978277891419191e-01 1.467422835999999897e+00
8.350744349000000000e+01 1.470513045496381621e-01 1.458916807000000038e+00
8.350819192999999530e+01 1.474113064144201291e-01 1.454830368000000096e+00
8.349779528999999911e+01 1.450288455815582633e-01 1.455757756999999986e+00
8.346869538999999349e+01 1.427524353151331526e-01 1.460248800000000013e+00
8.341243471999999315e+01 1.482216594748231586e-01 1.465308848000000053e+00
8.333265812000000494e+01 1.547184334905894187e-01 1.464244590999999929e+00
8.325411619000000485e+01 1.540833637323872352e-01 1.442005328000000031e+00
8.320360186999999996e+01 1.757764117285808836e-01 1.410914229999999936e+00
8.317824996999999598e+01 1.927712006303919645e-01 1.396917929000000003e+00
8.329961665999999809e+01 1.855701963677930943e-01 1.403874352999999964e+00
8.330290490000000148e+01 1.819489962022329266e-01 1.405905200999999938e+00
8.331289184000000603e+01 1.713460640266752100e-01 1.412059712000000022e+00
8.332974943000000678e+01 1.551900530539884471e-01 1.425806887000000023e+00
8.335840426999999409e+01 1.412536794472531998e-01 1.460409947999999902e+00
8.341610405000000128e+01 1.441483245760922238e-01 1.485011687999999941e+00
8.348125930999999866e+01 1.285635702893888344e-01 1.471477724999999959e+00
8.352742048999999724e+01 1.202836802273320738e-01 1.457254566999999890e+00
8.355031882999999482e+01 1.213210185270338221e-01 1.447581685999999923e+00
8.355096401000000128e+01 1.214583593282754226e-01 1.443897709000000029e+00
8.352930550000000665e+01 1.205854442754916017e-01 1.446615664999999940e+00
8.348423046999999997e+01 1.288609428918289779e-01 1.455183721999999902e+00
8.341993200999999658e+01 1.441557561164789614e-01 1.465292108999999954e+00
8.336148817000000122e+01 1.411334995395356895e-01 1.448981289000000006e+00
8.333114322999999501e+01 1.541490402870421828e-01 1.422054066999999922e+00
8.331355481999999313e+01 1.707323405185521836e-01 1.410426739999999901e+00
8.330318395000000464e+01 1.816874101324790491e-01 1.405244791000000104e+00
8.339865580999999395e+01 1.547345260214259555e-01 1.425276387000000033e+00
8.340000843999999347e+01 1.539763340850455187e-01 1.425111455999999999e+00
8.340393093000000135e+01 1.517966283406393113e-01 1.424835939000000051e+00
8.340999974000000350e+01 1.484676520647533748e-01 1.424389404000000026e+00
8.341751498000000709e+01 1.444009003406500347e-01 1.423469711999999943e+00
8.342671194000000412e+01 1.400728016800673326e-01 1.404603086000000056e+00
8.350421579999999722e+01 1.219032967690888425e-01 1.451780422999999987e+00
8.356332337000000621e+01 1.034104492376612117e-01 1.443722230000000106e+00
8.359500479999999811e+01 9.476807906966859540e-02 1.437014240999999970e+00
8.359550864000000558e+01 9.464708272803563915e-02 1.433768138000000025e+00
8.356465735999999822e+01 1.030858123668909332e-01 1.435307086999999981e+00
8.350598306000000548e+01 1.217017180084405403e-01 1.441611718999999958e+00
8.342791841999999747e+01 1.398562701713535472e-01 1.465326775000000081e+00
8.341753142000000310e+01 1.443942333628190355e-01 1.425753115000000015e+00
8.341001228999999739e+01 1.484639048995661514e-01 1.425424653999999958e+00
8.340393998000000408e+01 1.517943557845730929e-01 1.425386011000000064e+00
8.340001322999999900e+01 1.539752403907709288e-01 1.425358107000000096e+00
8.344499328999999932e+01 1.716027778856239194e-01 1.449720775000000073e+00
8.344765400999999372e+01 1.675890962214469093e-01 1.447329045999999897e+00
8.345513873000000160e+01 1.569019422637060734e-01 1.441895133000000051e+00
8.346698188000000584e+01 1.423283689195113666e-01 1.433293944999999958e+00
8.348295195999999407e+01 1.287131762788667200e-01 1.421116091000000026e+00
8.350575125000000298e+01 1.220356026301093882e-01 1.406922996000000037e+00
8.354768409999999790e+01 1.135529084549451312e-01 1.414033392999999972e+00
8.360061407000000600e+01 9.184133362745966478e-02 1.426877718000000073e+00
8.363551499999999805e+01 6.984974372462407488e-02 1.428094750999999940e+00
8.363580622000000631e+01 6.952189393627263014e-02 1.425430089000000011e+00
8.360090393999999492e+01 9.160092977584037566e-02 1.422671322000000016e+00
8.354657620999999779e+01 1.135398372894297903e-01 1.416025896000000062e+00
8.350345699999999738e+01 1.219852949522559349e-01 1.415493219000000025e+00
8.348132882000000166e+01 1.293421501184216227e-01 1.428841768000000068e+00
8.346591616000000613e+01 1.432705270933759267e-01 1.438858677999999891e+00
8.345447928000000104e+01 1.576952265525091990e-01 1.445495578999999919e+00
8.344733612999999650e+01 1.680237441627753237e-01 1.449103548999999935e+00
8.345013133000000494e+01 1.907517813245190597e-01 1.467599717999999998e+00
8.345586052999999538e+01 1.846317149475200370e-01 1.463301149999999939e+00
8.347193948000000319e+01 1.679682778918682728e-01 1.454375444999999933e+00
8.349704010000000665e+01 1.443953942318096650e-01 1.441628823999999920e+00
8.352895997000000250e+01 1.204786268904841084e-01 1.426711947999999897e+00
8.356479577000000347e+01 1.034674131231519689e-01 1.412717090999999980e+00
8.360160138000000529e+01 9.183489785669265992e-02 1.404979133000000102e+00
8.363735979999999870e+01 7.376049563711699342e-02 1.409742287000000038e+00
8.366645531999999719e+01 4.780687462826829770e-02 1.420471918999999916e+00
8.366633518000000436e+01 4.764642204566398032e-02 1.419091490000000011e+00
8.363622601000000145e+01 7.373724435504377950e-02 1.411492047000000083e+00
8.359948563000000377e+01 9.206276913713538901e-02 1.411995596999999991e+00
8.356237625999999352e+01 1.038569076388898560e-01 1.422876757999999908e+00
8.352669643000000121e+01 1.211582498045221806e-01 1.437523042000000029e+00
8.349519118000000617e+01 1.453550975987238092e-01 1.451152159000000053e+00
8.347064801999999872e+01 1.688719225687346226e-01 1.461327400000000054e+00
8.345519969999999432e+01 1.851644637931869342e-01 1.466942152999999971e+00
8.344058334999999715e+01 1.893720156791978693e-01 1.478368737999999905e+00
8.344918635999999879e+01 1.839012770710613531e-01 1.472190595000000046e+00
8.347287056999999777e+01 1.689901023551007575e-01 1.460557010000000044e+00
8.350854101000000185e+01 1.471695399025259310e-01 1.445868667999999913e+00
8.355154414000000429e+01 1.215084264172131140e-01 1.430597244999999962e+00
8.359621552999999494e+01 9.494151793318805765e-02 1.416798090999999982e+00
8.363658146000000215e+01 6.989446981712811591e-02 1.406086967000000021e+00
8.366724084999999889e+01 4.780252699231867658e-02 1.400219748999999902e+00
8.368493112999999539e+01 2.561897325471016937e-02 1.406889660999999903e+00
8.368373859000000436e+01 2.541435385678634043e-02 1.411063337999999945e+00
8.366563372000000243e+01 4.869022484922102406e-02 1.406679111999999954e+00
8.363460659000000419e+01 7.073631482184090935e-02 1.415149017000000065e+00
8.359393269999999632e+01 9.566217625486421461e-02 1.428010905000000053e+00
8.354914245000000506e+01 1.221937620851177575e-01 1.442945155999999951e+00
8.350629804000000433e+01 1.478729265628526968e-01 1.457828110999999982e+00
8.347111105000000464e+01 1.696450477818529090e-01 1.470217687000000106e+00
8.344821287000000609e+01 1.843185237492509509e-01 1.477643102000000042e+00
8.295221827000000303e+01 2.748062168562943886e-02 1.461315162000000001e+00
8.298005410999999754e+01 8.666960367246259733e-02 1.497764590999999923e+00
8.306040600999999413e+01 1.536124008440158673e-01 1.494148464000000009e+00
8.317926389000000142e+01 1.963261460715920725e-01 1.488641316999999908e+00
8.331578324999999552e+01 2.041496808439403621e-01 1.483088122000000064e+00
8.344333564999999453e+01 1.713195664777777960e-01 1.479374203999999970e+00
8.353172012000000279e+01 1.258228860886393685e-01 1.477554411000000067e+00
8.356276536999999394e+01 1.420607645007665176e-01 1.475176870999999945e+00
8.355693417000000522e+01 1.552445580767157773e-01 1.473119953999999954e+00
8.355825950999999918e+01 1.564488991962504072e-01 1.465987823999999939e+00
8.356593585999999618e+01 1.433290163390259220e-01 1.458447905999999961e+00
8.353553838000000553e+01 1.258217638522797499e-01 1.457428426999999971e+00
8.344667909999999722e+01 1.722275585330300396e-01 1.461526547999999925e+00
8.331829684000000213e+01 2.053219623151946172e-01 1.469436929000000003e+00
8.318101805999999954e+01 1.973328308504768425e-01 1.478901497999999926e+00
8.306151276999999311e+01 1.544478805872266103e-01 1.487755742999999908e+00
8.298058489000000293e+01 8.738857689268850204e-02 1.494215300000000024e+00
8.297991668999999604e+01 8.707332486696590934e-02 1.391119481000000047e+00
8.300108858000000112e+01 1.052182729337265005e-01 1.445003886999999931e+00
8.307606613999999468e+01 1.555705408977558213e-01 1.482275956999999922e+00
8.319032937000000061e+01 1.925662731981452602e-01 1.484800799999999921e+00
8.332216814000000227e+01 1.986548392202441560e-01 1.481888075000000082e+00
8.344577968999999484e+01 1.675920423112383650e-01 1.479173355999999995e+00
8.353236133999999424e+01 1.251688937256615619e-01 1.477492916000000100e+00
8.356457339000000673e+01 1.380407211594765204e-01 1.474734653000000062e+00
8.356109607999999866e+01 1.500857891057118532e-01 1.471749374000000055e+00
8.356240882000000170e+01 1.512418215455312021e-01 1.464683860999999920e+00
8.356772789999999418e+01 1.392639745000436025e-01 1.458029412999999996e+00
8.353618194999999957e+01 1.251683930073743956e-01 1.457407520999999928e+00
8.344921843000000194e+01 1.683277347803497914e-01 1.461282835000000002e+00
8.332490665000000263e+01 1.996199781016141928e-01 1.468094266000000037e+00
8.319247142999999767e+01 1.933524673031853103e-01 1.474823476000000078e+00
8.307781583999999953e+01 1.561377992830889905e-01 1.475455957000000096e+00
8.300256588000000590e+01 1.055370611525869445e-01 1.443566569999999993e+00
8.306060999000000322e+01 1.542200996827712278e-01 1.389718481000000061e+00
8.307624620999999365e+01 1.560503801541081315e-01 1.402881567999999968e+00
8.313055839999999819e+01 1.642853727326245850e-01 1.443091487000000006e+00
8.322554829999999981e+01 1.808802293383518223e-01 1.470201043999999957e+00
8.334157122999999956e+01 1.824196216227493283e-01 1.477499254999999900e+00
8.345306100999999899e+01 1.571319921242594064e-01 1.478435927000000039e+00
8.353424744000000146e+01 1.232966726023489168e-01 1.477321958999999962e+00
8.356968363999999383e+01 1.272010334674260057e-01 1.473464880999999949e+00
8.357276643000000149e+01 1.357844779815086111e-01 1.468034580999999950e+00
8.357405260000000169e+01 1.367931568445701074e-01 1.461140638000000047e+00
8.357282469999999819e+01 1.282692626908256139e-01 1.456821849000000002e+00
8.353807285000000604e+01 1.232979436789453931e-01 1.457347232000000048e+00
8.345661427000000288e+01 1.576181358992256032e-01 1.460501210000000105e+00
8.334455078000000583e+01 1.831379401316413358e-01 1.463626802000000060e+00
8.322800275999999542e+01 1.815034972949848280e-01 1.460697013999999960e+00
8.313242920000000424e+01 1.646137248241462403e-01 1.438865741000000087e+00
8.307714579000000299e+01 1.558815388609795516e-01 1.402811969999999908e+00
8.317991618000000642e+01 1.970568434657784251e-01 1.388725103999999932e+00
8.319093406000000357e+01 1.932476860780139027e-01 1.394225778000000027e+00
8.322599515999999653e+01 1.813957489584218374e-01 1.413018762000000095e+00
8.328847473999999806e+01 1.670772662027255606e-01 1.443771659999999901e+00
8.337425844999999924e+01 1.581289558117097982e-01 1.467547101000000076e+00
8.346468950000000575e+01 1.426574572590790790e-01 1.476737230999999984e+00
8.353723904999999661e+01 1.204633339492674204e-01 1.477054435999999971e+00
8.357765193999999553e+01 1.125078939326669969e-01 1.471292137000000055e+00
8.359056635000000313e+01 1.149243087402224139e-01 1.462533442000000017e+00
8.359180483000000095e+01 1.156422645272814770e-01 1.455909236000000107e+00
8.358075990000000388e+01 1.132778245826032842e-01 1.454820812999999990e+00
8.354107102999999768e+01 1.204673951320200803e-01 1.457247672000000049e+00
8.346835633000000598e+01 1.428719167179930138e-01 1.458903701999999969e+00
8.337736811000000614e+01 1.585923077634283085e-01 1.454383454000000020e+00
8.329078364999999451e+01 1.673207647643440987e-01 1.436588052999999920e+00
8.322733739999999614e+01 1.811772907703560198e-01 1.410612849999999918e+00
8.319149880000000508e+01 1.930683144097242454e-01 1.393686382999999918e+00
8.331692232000000331e+01 2.048655911907028837e-01 1.390352400999999904e+00
8.332325668999999380e+01 1.993553650836953350e-01 1.393434389000000051e+00
8.334253974000000653e+01 1.830840647901943730e-01 1.402979838999999895e+00
8.337492629999999849e+01 1.586790727801113132e-01 1.421328319999999978e+00
8.342132567000000165e+01 1.369173502814709786e-01 1.448894267000000013e+00
8.348040901999999619e+01 1.289033439135530978e-01 1.472251143999999901e+00
8.354105746999999837e+01 1.170481116847774811e-01 1.476714126999999932e+00
8.358778739999999630e+01 9.895372471324710706e-02 1.467919798999999914e+00
8.361230007000000342e+01 9.140367489520662136e-02 1.456005620000000000e+00
8.361346034000000316e+01 9.162132289142706221e-02 1.449752042999999935e+00
8.359079463000000487e+01 9.921676688967484559e-02 1.451930651000000072e+00
8.354489676000000031e+01 1.170557136091233130e-01 1.457113965000000011e+00
8.348409277999999745e+01 1.289085363946101126e-01 1.455355831000000100e+00
8.342405992000000481e+01 1.367834948479951795e-01 1.438917495000000102e+00
8.337655465999999649e+01 1.581650146427171777e-01 1.416911403000000069e+00
8.334339982999999563e+01 1.826851731376206711e-01 1.401195148000000001e+00
8.332362591999999779e+01 1.991727969510187213e-01 1.392805902000000096e+00
8.344487207000000240e+01 1.717574163570311230e-01 1.398964638000000038e+00
8.344727541999999687e+01 1.680492425037797000e-01 1.400651568000000013e+00
8.345447842000000094e+01 1.576203519670251463e-01 1.405403909999999978e+00
8.346595904000000132e+01 1.431822297110284803e-01 1.413769599000000099e+00
8.348135623999999666e+01 1.293744939294382557e-01 1.427853424999999898e+00
8.350317056999999465e+01 1.220840974520846500e-01 1.455077422000000009e+00
8.354525778999999375e+01 1.134977610299696404e-01 1.476329814000000074e+00
8.359943556000000342e+01 9.193035780290499670e-02 1.462062315999999917e+00
8.363516178999999795e+01 6.994984136540519093e-02 1.449186297000000012e+00
8.363619552000000112e+01 6.943757231439090516e-02 1.443455624999999909e+00
8.360214107000000183e+01 9.149378963902053685e-02 1.447552012000000055e+00
8.354910343999999611e+01 1.135093258444938857e-01 1.456961841999999896e+00
8.350613481999999976e+01 1.218401780374087362e-01 1.444188684000000000e+00
8.348286953000000210e+01 1.286610074794616032e-01 1.423602591999999945e+00
8.346679118000000130e+01 1.425306042461630673e-01 1.411677631000000099e+00
8.345493716999999378e+01 1.572004312613767274e-01 1.404329219999999934e+00
8.344748208000000034e+01 1.678518781218665545e-01 1.400188954999999957e+00
8.353330954999999847e+01 1.260326012093271886e-01 1.419848876000000093e+00
8.353395213999999669e+01 1.253788779473000714e-01 1.419672631000000074e+00
8.353584358999999893e+01 1.235074691114354112e-01 1.419356330999999916e+00
8.353884444000000542e+01 1.206756809997730079e-01 1.418887878999999907e+00
8.354267636000000152e+01 1.172635211861670496e-01 1.418219415000000039e+00
8.354689973000000691e+01 1.137224579005805536e-01 1.417023619999999928e+00
8.355202015999999787e+01 1.104667572617171745e-01 1.397799411999999908e+00
8.361347089999999582e+01 8.975687521988874595e-02 1.447087766000000109e+00
8.365611680000000661e+01 5.473685787568332434e-02 1.442371795999999984e+00
8.365692746999999940e+01 5.361082633088678356e-02 1.437548634999999964e+00
8.361513902999999459e+01 8.930715273692341194e-02 1.438138844000000027e+00
8.355311165999999901e+01 1.103051096524574337e-01 1.456851638000000060e+00
8.354691359999999634e+01 1.137170100613380114e-01 1.419863196000000105e+00
8.354268808000000490e+01 1.172586962642474667e-01 1.419602212999999891e+00
8.353885442000000694e+01 1.206716916915416965e-01 1.419706652999999985e+00
8.353585096000000476e+01 1.235045978797446042e-01 1.419835200000000075e+00
8.353395607999999584e+01 1.253773721729996293e-01 1.419896204000000051e+00
8.356389006999999935e+01 1.427705540071956825e-01 1.447866633999999930e+00
8.356578894999999818e+01 1.386075400388703249e-01 1.445269732999999945e+00
8.357104359000000215e+01 1.275778297261666305e-01 1.439348373999999930e+00
8.357919587000000661e+01 1.127059742090015249e-01 1.430489732000000069e+00
8.358952917999999954e+01 9.905186402672391810e-02 1.419332097999999931e+00
8.360132987000000071e+01 9.199193675659966818e-02 1.406800405999999892e+00
8.361519393999999750e+01 8.985871391217484239e-02 1.395753808999999901e+00
8.363883826999999371e+01 7.169479043221387016e-02 1.408535676999999930e+00
8.367258015999999543e+01 4.444876815863266217e-02 1.433776732000000109e+00
8.367288718999999730e+01 4.408546270411407147e-02 1.431344957999999945e+00
8.363769926000000510e+01 7.164896488807133423e-02 1.411892351000000101e+00
8.361315584000000456e+01 9.010799460459716081e-02 1.403402862000000084e+00
8.359976620000000480e+01 9.217828629399807405e-02 1.414283243000000079e+00
8.358834874000000070e+01 9.971185044656941110e-02 1.425635001999999929e+00
8.357832847999999615e+01 1.136167524773444432e-01 1.435404662999999914e+00
8.357046771000000263e+01 1.283777328407156026e-01 1.442725720999999961e+00
8.356550079000000153e+01 1.390604767006971276e-01 1.446990918000000015e+00
8.355731797999999344e+01 1.556055443939907412e-01 1.468618688000000061e+00
8.356167327999999372e+01 1.503352454337680277e-01 1.463712823000000052e+00
8.357360966000000246e+01 1.359497948896874475e-01 1.453384792999999897e+00
8.359169545999999684e+01 1.150651258023446394e-01 1.439156909999999900e+00
8.361367792000000065e+01 9.155110004679246904e-02 1.423070684000000030e+00
8.363670269000000701e+01 7.003401446799982499e-02 1.407413432000000020e+00
8.365769188000000156e+01 5.466722195983338140e-02 1.394600937000000096e+00
8.367394840000000045e+01 4.478292723911788537e-02 1.388078348000000073e+00
8.368505931999999348e+01 2.505738448128763327e-02 1.405641772000000067e+00
8.368383398000000284e+01 2.461622049495668790e-02 1.412051635000000083e+00
8.367238045000000568e+01 4.615756238025420233e-02 1.394472605000000032e+00
8.365599634000000151e+01 5.566864177179074724e-02 1.402590419999999893e+00
8.363490606000000582e+01 7.084133710030773856e-02 1.416646077000000004e+00
8.361191564000000653e+01 9.239465470346905351e-02 1.432643096000000060e+00
8.359014761999999621e+01 1.159446418975399601e-01 1.447900546999999927e+00
8.357245600000000252e+01 1.367119307762981739e-01 1.460083969999999898e+00
8.356105693000000656e+01 1.507832131899414507e-01 1.467352374000000070e+00
8.296772558000000686e+01 1.818974212485833727e-02 1.459198878999999893e+00
8.299359793000000707e+01 7.901607055451340123e-02 1.499377576999999961e+00
8.306866264999999316e+01 1.436007856858438347e-01 1.495223890000000111e+00
8.318116177999999650e+01 1.876643257689985800e-01 1.488782588000000073e+00
8.331434824000000106e+01 2.044458991038562434e-01 1.481511540000000071e+00
8.344842325000000471e+01 1.902293985197781034e-01 1.475157972000000095e+00
8.356192953000000045e+01 1.425750566260792773e-01 1.471681744000000069e+00
8.363129243000000201e+01 8.190061399220389948e-02 1.471581443999999905e+00
8.364318201000000386e+01 9.933079473831417372e-02 1.469316617999999908e+00
8.364537418999999829e+01 1.018324243876837509e-01 1.457631316000000066e+00
8.363511151999999527e+01 8.190140368121502645e-02 1.451518556999999987e+00
8.356509357000000193e+01 1.438587509374855966e-01 1.454823227999999968e+00
8.345073146000000008e+01 1.914596685578596191e-01 1.462634078000000004e+00
8.331599728999999854e+01 2.053631940424002211e-01 1.472366706999999941e+00
8.318230106999999407e+01 1.883522421204541497e-01 1.482260275000000016e+00
8.306938085999999544e+01 1.441480028358020915e-01 1.490833022999999979e+00
8.299394196999999451e+01 7.948716627639330901e-02 1.496668643000000021e+00
8.299347493000000497e+01 7.935845057865588414e-02 1.389220561999999992e+00
8.301633648000000676e+01 1.029120541450154747e-01 1.444405393000000037e+00
8.308764329000000259e+01 1.497507807800573520e-01 1.478136839000000036e+00
8.319581281000000672e+01 1.860979068354734201e-01 1.482054328999999893e+00
8.332422918999999695e+01 1.993653245311790279e-01 1.478710796999999966e+00
8.345374343000000295e+01 1.844474936229972550e-01 1.474176912999999978e+00
8.356364985999999817e+01 1.386873614623818640e-01 1.471509506999999939e+00
8.363140149000000179e+01 8.146221309479294292e-02 1.471498493999999990e+00
8.364432789999999329e+01 9.579044388055153736e-02 1.468781346999999959e+00
8.364651310000000706e+01 9.819654338259099779e-02 1.457138875000000056e+00
8.363522383000000104e+01 8.146254764538929383e-02 1.451480335000000066e+00
8.356690161999999589e+01 1.397873412779921665e-01 1.454634262999999983e+00
8.345624207000000183e+01 1.854939484466035238e-01 1.461604407999999911e+00
8.332618549000000030e+01 2.001065364913894862e-01 1.469506892999999925e+00
8.319741582999999707e+01 1.866046709550281124e-01 1.475422672999999962e+00
8.308906292000000349e+01 1.500966863537477602e-01 1.473513465999999994e+00
8.301763766999999916e+01 1.030825954219553447e-01 1.443537026000000001e+00
8.306883908999999733e+01 1.441491886170911951e-01 1.387278593000000004e+00
8.308780172999999536e+01 1.501428490874979482e-01 1.405024830999999974e+00
8.314672077000000172e+01 1.658692309781018837e-01 1.441041022000000060e+00
8.324018850000000214e+01 1.816983957879271805e-01 1.462873450000000020e+00
8.335369905999999673e+01 1.849358589568190492e-01 1.470097466999999991e+00
8.346950440000000526e+01 1.680322301420383024e-01 1.471062029999999909e+00
8.356877532000000031e+01 1.278349574944271372e-01 1.470930757999999949e+00
8.363176683000000367e+01 8.020677668721391818e-02 1.471269111000000018e+00
8.364751364999999339e+01 8.613195302661304231e-02 1.467324611000000001e+00
8.364969121000000030e+01 8.823952778702531807e-02 1.455785475000000107e+00
8.363559573000000569e+01 8.020758218450869947e-02 1.451371269000000019e+00
8.357212321000000088e+01 1.286645037313833007e-01 1.454074596000000108e+00
8.347217922000000101e+01 1.688613636226483639e-01 1.458560177000000069e+00
8.335588495999999736e+01 1.855147825095434799e-01 1.461228093999999977e+00
8.324203153000000555e+01 1.820684498998039469e-01 1.457148394999999930e+00
8.314822970999999541e+01 1.660395633091422407e-01 1.438585390999999936e+00
8.308870627999999670e+01 1.500780130135023482e-01 1.405447279000000105e+00
8.318174874000000329e+01 1.883512226366836351e-01 1.384862323999999978e+00
8.319635148999999785e+01 1.867086964130558746e-01 1.392793533999999944e+00
8.324055581000000359e+01 1.820772040087322852e-01 1.414188393000000099e+00
8.331159094999999581e+01 1.752942279219254773e-01 1.438865728999999982e+00
8.340077942000000633e+01 1.643543570338298898e-01 1.456415551000000086e+00
8.349440719000000399e+01 1.445745421881133308e-01 1.465607976000000034e+00
8.357683919999999489e+01 1.130064099734350985e-01 1.469848483999999900e+00
8.363246198000000220e+01 7.831306041712408905e-02 1.470913657000000097e+00
8.365246114999999349e+01 7.244051118139115120e-02 1.465064951000000004e+00
8.365462175999999772e+01 7.392144265822801763e-02 1.453708600999999989e+00
8.363629998000000398e+01 7.831573182313415760e-02 1.451197714000000083e+00
8.358027805999999771e+01 1.134787432476141167e-01 1.453105585999999949e+00
8.349719978999999626e+01 1.451152712903920894e-01 1.453462763000000102e+00
8.340302676000000304e+01 1.647295511648303734e-01 1.448461176999999989e+00
8.331334056999999405e+01 1.754579336594054295e-01 1.434617516000000093e+00
8.324175984000000028e+01 1.820247823343116023e-01 1.412808102000000066e+00
8.319695376999999326e+01 1.865896792111720603e-01 1.392725857000000067e+00
8.331540524000000403e+01 2.051839869719474241e-01 1.382933315000000052e+00
8.332523172999999872e+01 2.000686637432713688e-01 1.387391489000000089e+00
8.335454237000000433e+01 1.855335484258561762e-01 1.400253597999999933e+00
8.340129785000000595e+01 1.647246227053091316e-01 1.419468653000000025e+00
8.346106571999999346e+01 1.422141972927545017e-01 1.440326972000000039e+00
8.352629944000000251e+01 1.207301922117271220e-01 1.457442560000000054e+00
8.358711015999999461e+01 9.927739348307083878e-02 1.467932760999999919e+00
8.363352679000000478e+01 7.604565492483357503e-02 1.470468040000000087e+00
8.365866612000000657e+01 5.832036752815738384e-02 1.462175293000000043e+00
8.366078720999999518e+01 5.861477631066355776e-02 1.451125189999999954e+00
8.363737534000000551e+01 7.605194814858368124e-02 1.450974103000000071e+00
8.359060406000000398e+01 9.928673083413393219e-02 1.451573086000000012e+00
8.352906595999999695e+01 1.207949485220917579e-01 1.446300236999999989e+00
8.346312695000000303e+01 1.422239633782268753e-01 1.433865174999999992e+00
8.340272493000000509e+01 1.646006230789051894e-01 1.416422762000000057e+00
8.335542076000000122e+01 1.853404925464476050e-01 1.399166404999999891e+00
8.332564523000000634e+01 1.999339634167155988e-01 1.387129467000000060e+00
8.344994400000000212e+01 1.908934539136074027e-01 1.383461717999999951e+00
8.345521200000000306e+01 1.851033527925628752e-01 1.386340541999999898e+00
8.347083775000000117e+01 1.686666617267109369e-01 1.394664125999999893e+00
8.349548663999999576e+01 1.451358733284434099e-01 1.408136104000000000e+00
8.352695470000000455e+01 1.210701532570100103e-01 1.425889570000000051e+00
8.356235653999999613e+01 1.039299757366572707e-01 1.445951733000000017e+00
8.359886032000000000e+01 9.220668554157117336e-02 1.463892149000000087e+00
8.363489264000000389e+01 7.371112078026395564e-02 1.469982530000000009e+00
8.366540043999999909e+01 4.855661641147626661e-02 1.458785306000000004e+00
8.366743519000000617e+01 4.701656815790287297e-02 1.448285016000000036e+00
8.363875192000000425e+01 7.372315465476463048e-02 1.450725998000000017e+00
8.360228197000000705e+01 9.165061693943291066e-02 1.448816933000000029e+00
8.356479579000000513e+01 1.034114699675829918e-01 1.437139871000000069e+00
8.352857324999999378e+01 1.206508923451891091e-01 1.421314307999999915e+00
8.349651344000000108e+01 1.447653142298524487e-01 1.405958752000000089e+00
8.347143973000000017e+01 1.683906287693524018e-01 1.393730970000000013e+00
8.345548979999999517e+01 1.849585726797396135e-01 1.386013903999999908e+00
8.356379354999999975e+01 1.429038044307507360e-01 1.390948341000000088e+00
8.356547234999999318e+01 1.390412446498520693e-01 1.392703688999999967e+00
8.357050236999999981e+01 1.282467400880177022e-01 1.397662098000000075e+00
8.357840672999999754e+01 1.134714589905340132e-01 1.405631362000000051e+00
8.358843082999999297e+01 9.967581486415869052e-02 1.416413911000000025e+00
8.359977043000000663e+01 9.227541573357989080e-02 1.430424756000000075e+00
8.361283097999999825e+01 9.026377027364669570e-02 1.450996890999999955e+00
8.363635195000000522e+01 7.161487351094168730e-02 1.469508103999999982e+00
8.367182329999999979e+01 4.583729353872069423e-02 1.454584182999999920e+00
8.367366244999999481e+01 4.277301263554356137e-02 1.445298380999999965e+00
8.364022056999999677e+01 7.163605828142242948e-02 1.450492106000000003e+00
8.361560790000000054e+01 8.962895926564275195e-02 1.441302077000000015e+00
8.360132371999999634e+01 9.187414060317129760e-02 1.426233179000000018e+00
8.358937407999999891e+01 9.913013557657184005e-02 1.414228666999999939e+00
8.357899213000000316e+01 1.129791946238777878e-01 1.404443013000000073e+00
8.357084605999999383e+01 1.279117800158652840e-01 1.397042305000000040e+00
8.356563190999999335e+01 1.388772562743672001e-01 1.392439844999999954e+00
8.363304884999999445e+01 8.203183661047216968e-02 1.415777743999999894e+00
8.363316012999999316e+01 8.159446094766674429e-02 1.415554017999999914e+00
8.363353105999999570e+01 8.034299355783938723e-02 1.415160224999999938e+00
8.363423505000000091e+01 7.845555750289012753e-02 1.414598765999999896e+00
8.363531183999999996e+01 7.619622955545972409e-02 1.413867594999999922e+00
8.363669389000000365e+01 7.387350419279278824e-02 1.412905880000000058e+00
8.363818299999999795e+01 7.180793092653334209e-02 1.411235255000000022e+00
8.364049194999999770e+01 7.015303535837180693e-02 1.392807448999999975e+00
8.367740191000000038e+01 4.456729211542925784e-02 1.446326339999999933e+00
8.367867076000000282e+01 4.247449503775569540e-02 1.441138046999999922e+00
8.364149320999999304e+01 7.009533136511002238e-02 1.450208562000000034e+00
8.363819374000000550e+01 7.180907807753719729e-02 1.415833203000000040e+00
8.363670242000000599e+01 7.386923434950874723e-02 1.415281844999999983e+00
8.363531965999999329e+01 7.619102948928577201e-02 1.415366152000000044e+00
8.363424175999999477e+01 7.845069903892896990e-02 1.415573962999999935e+00
8.363353603000000192e+01 8.033928400493640931e-02 1.415756186999999944e+00
8.363316276999999843e+01 8.159245846905713306e-02 1.415838055999999900e+00
8.364387075000000493e+01 1.003078677163319748e-01 1.456786219000000049e+00
8.364513358000000665e+01 9.659720066393506777e-02 1.453133746000000004e+00
8.364852100999999607e+01 8.669366019112043076e-02 1.444683304000000001e+00
8.365372908000000507e+01 7.272524900713227269e-02 1.432349829999999935e+00
8.366021689000000094e+01 5.832317959013922498e-02 1.417589460000000079e+00
8.366721092999999598e+01 4.828166595270309835e-02 1.402338722000000093e+00
8.367380946999999480e+01 4.537462705670929769e-02 1.388929091000000060e+00
8.367931174999999655e+01 4.460961728733529863e-02 1.380871468000000046e+00
8.368533060999999407e+01 2.477265086984802370e-02 1.403397688999999948e+00
8.368405977999999834e+01 2.397274893365994655e-02 1.415200108999999928e+00
8.367786640999999292e+01 4.650727124488123615e-02 1.387675084999999919e+00
8.367259737999999913e+01 4.614290585573893599e-02 1.395790719999999929e+00
8.366611125000000015e+01 4.886179268942825865e-02 1.409235741999999902e+00
8.365923929999999586e+01 5.918056604963197603e-02 1.424096588999999913e+00
8.365292535999999757e+01 7.373032686108639544e-02 1.437897715000000076e+00
8.364794790999999918e+01 8.755814395841073072e-02 1.448728054000000043e+00
8.364483525999999358e+01 9.709005979558731070e-02 1.455264861999999937e+00
8.297606236000000024e+01 6.360551720285850807e-03 1.458030957999999933e+00
8.300074467000000311e+01 7.403404446822775542e-02 1.501907729000000025e+00
8.307232849999999758e+01 1.368113395083144224e-01 1.497389735000000055e+00
8.317986924000000215e+01 1.797829408754746394e-01 1.490320760999999994e+00
8.330798111999999378e+01 1.976227016789816326e-01 1.482005742999999987e+00
8.343899783999999897e+01 1.887990550798858413e-01 1.473786574000000016e+00
8.355538665000000265e+01 1.550712183732322891e-01 1.467139981999999954e+00
8.364165371999999365e+01 9.996233779976919365e-02 1.464051707000000091e+00
8.368413746999999603e+01 2.869892047267619956e-02 1.468355875000000088e+00
8.368795665999999756e+01 2.871152338801244430e-02 1.448329701000000025e+00
8.364384316999999669e+01 1.025409386443223991e-01 1.452298614999999904e+00
8.355671307000000070e+01 1.562907113203611809e-01 1.459912019999999977e+00
8.343988695000000178e+01 1.894575826655284512e-01 1.468852599999999953e+00
8.330859730000000241e+01 1.980252630048332518e-01 1.478496865000000104e+00
8.318028895000000489e+01 1.800550747632965742e-01 1.487826754999999945e+00
8.307259104000000605e+01 1.370143130897293338e-01 1.495674482000000083e+00
8.300086969999999553e+01 7.420502255638022904e-02 1.500740055999999933e+00
8.300060636999999986e+01 7.430599489006176062e-02 1.386101062999999911e+00
8.302456478999999945e+01 1.013421267868357262e-01 1.443969443999999935e+00
8.309368616999999801e+01 1.463937197268232182e-01 1.475251856000000084e+00
8.319726228000000390e+01 1.806736034026016346e-01 1.480345200999999999e+00
8.332068547000000081e+01 1.941160198435673001e-01 1.477187304999999951e+00
8.344703337999999349e+01 1.836177297254549257e-01 1.471546618000000084e+00
8.355939650000000540e+01 1.500924763658274819e-01 1.466294315000000070e+00
8.364276365000000624e+01 9.654116784767859116e-02 1.463921778000000007e+00
8.368395952999999565e+01 2.852619029208411372e-02 1.468250768999999956e+00
8.368778423000000544e+01 2.852012552011892049e-02 1.448278752000000003e+00
8.364504834000000244e+01 9.888866103056803691e-02 1.452149493000000069e+00
8.356090181999999800e+01 1.511392493168225715e-01 1.459033637999999966e+00
8.344819631999999388e+01 1.841262068172208610e-01 1.466553642999999907e+00
8.332169503999999449e+01 1.943805210188107313e-01 1.473550780999999921e+00
8.319823868999999661e+01 1.808182697526570792e-01 1.477556091999999932e+00
8.309473835999999380e+01 1.464804743034800183e-01 1.472930826000000026e+00
8.302570717000000400e+01 1.013740662573732187e-01 1.443612083999999962e+00
8.307244303999999602e+01 1.372926484054651786e-01 1.383754842999999957e+00
8.309379988999999966e+01 1.467080727264341300e-01 1.406357999999999997e+00
8.315523813000000075e+01 1.661649008318647203e-01 1.439736850999999929e+00
8.324740536999999563e+01 1.816570042442031963e-01 1.458144987999999920e+00
8.335743571999999801e+01 1.839981390845839559e-01 1.464746727000000082e+00
8.347039578000000404e+01 1.689365885033948245e-01 1.465288896999999979e+00
8.357115161000000114e+01 1.359403620961761872e-01 1.463799711999999920e+00
8.364610690000000659e+01 8.682920881797516477e-02 1.463485630999999954e+00
8.368350974000000519e+01 2.800556900810430294e-02 1.467977668000000069e+00
8.368734374999999659e+01 2.798485530003108276e-02 1.448138965999999916e+00
8.364848224000000698e+01 8.877292575400580477e-02 1.451757981000000086e+00
8.357280280999999889e+01 1.367507513152093901e-01 1.456636425999999984e+00
8.347175660999999991e+01 1.692829519023161255e-01 1.460476461000000059e+00
8.335868575000000646e+01 1.841468855027605933e-01 1.461428678000000092e+00
8.324862666999999306e+01 1.817178368946041622e-01 1.455995455999999910e+00
8.315641465000000210e+01 1.661735929063494488e-01 1.438886992000000031e+00
8.309467732000000240e+01 1.466635531453735208e-01 1.407202738999999925e+00
8.318035011999999995e+01 1.804077428281618822e-01 1.380569190999999973e+00
8.319769922000000406e+01 1.811952755675639293e-01 1.391661958999999893e+00
8.324768935999999542e+01 1.819336924360344110e-01 1.415102617000000063e+00
8.332296397999999726e+01 1.789155589845199401e-01 1.436012186999999996e+00
8.341312351999999919e+01 1.682406039422478516e-01 1.449476704000000060e+00
8.350603703999999539e+01 1.472922863377345015e-01 1.456604522999999984e+00
8.358924039000000050e+01 1.152295679605509771e-01 1.460059678999999999e+00
8.365137590999999873e+01 7.297135980364063967e-02 1.462772484999999900e+00
8.368297502999999438e+01 2.722531057541678623e-02 1.467559719999999901e+00
8.368682157000000643e+01 2.720421124211892805e-02 1.447919484999999895e+00
8.365382692000000020e+01 7.423338088825993941e-02 1.451167856999999950e+00
8.359098434999999938e+01 1.157101140225543084e-01 1.453124788000000001e+00
8.350749118999999610e+01 1.474635002740814771e-01 1.452162340000000107e+00
8.341443712999999605e+01 1.682901529916646377e-01 1.446700783000000046e+00
8.332416546000000324e+01 1.789047327249972674e-01 1.434571746000000037e+00
8.324869988000000376e+01 1.818714463065944920e-01 1.414824451000000094e+00
8.319831827000000146e+01 1.811127648288047842e-01 1.392048989000000070e+00
8.330889408999999546e+01 1.983173637909669829e-01 1.376926386999999918e+00
8.332154029000000151e+01 1.947487338971478077e-01 1.383442878999999959e+00
8.335811615000000074e+01 1.844626389164503999e-01 1.399701724000000036e+00
8.341351195000000018e+01 1.684749969717524998e-01 1.418614035000000051e+00
8.348021142999999711e+01 1.474775745946341199e-01 1.435057468999999974e+00
8.354927752000000396e+01 1.218277812079697764e-01 1.447243545999999936e+00
8.361139966000000356e+01 9.191657882259997303e-02 1.455609018999999948e+00
8.365801089999999363e+01 5.874054961841146394e-02 1.461796934999999964e+00
8.368256506999999544e+01 2.632609439189432729e-02 1.467036938999999984e+00
8.368642642999999737e+01 2.632841374456209096e-02 1.447638529000000007e+00
8.366051115999999865e+01 5.880324017238529322e-02 1.450429672999999919e+00
8.361316976000000523e+01 9.188208432905793643e-02 1.449034060000000013e+00
8.355071839999999384e+01 1.217748460992439802e-01 1.443277181000000020e+00
8.348145083999999372e+01 1.474142702801032601e-01 1.432815994000000037e+00
8.341456060000000150e+01 1.683833846813664048e-01 1.417620918999999979e+00
8.335891218000000435e+01 1.843401420192419538e-01 1.399541028000000020e+00
8.332198076999999614e+01 1.946477706929057028e-01 1.383597006000000018e+00
8.344035859000000244e+01 1.894942418630360947e-01 1.373567511000000074e+00
8.344833271000000252e+01 1.842782876774187728e-01 1.377964659000000092e+00
8.347151626999999507e+01 1.694943165997916668e-01 1.389928591999999963e+00
8.350686645999999769e+01 1.476827519084168705e-01 1.406190003999999938e+00
8.354972306000000515e+01 1.220118292032541657e-01 1.423228560000000087e+00
8.359436798000000124e+01 9.553217713236945852e-02 1.438523465000000057e+00
8.363472772000000077e+01 7.078146764597720297e-02 1.450902968000000071e+00
8.366519839000000047e+01 4.921847827472037445e-02 1.460459450999999964e+00
8.368241184000000032e+01 2.545755332090347475e-02 1.466463666999999971e+00
8.368628943000000220e+01 2.551397740477843665e-02 1.447324344000000096e+00
8.366770814000000200e+01 4.741578424616899740e-02 1.449547603000000073e+00
8.363644945000000064e+01 6.994672706564289411e-02 1.444862617000000071e+00
8.359570222000000683e+01 9.517872163918486561e-02 1.435100033000000108e+00
8.355079958000000317e+01 1.218151419209193287e-01 1.421446709000000030e+00
8.350771199000000422e+01 1.475092911639135362e-01 1.405462451000000001e+00
8.347211154999999394e+01 1.693273196124857327e-01 1.389788645000000100e+00
8.344864309999999819e+01 1.841678111907333881e-01 1.378017964999999956e+00
8.355716669999999624e+01 1.557108862818418482e-01 1.371663636000000075e+00
8.356111726999999689e+01 1.507175103780961090e-01 1.374947758000000020e+00
8.357270153000000334e+01 1.365165279642062968e-01 1.384308611000000022e+00
8.359051442000000520e+01 1.156984207308214690e-01 1.398223336000000039e+00
8.361230947999999330e+01 9.219680983870433277e-02 1.414555245000000072e+00
8.363520882999999628e+01 7.082452184938831108e-02 1.431067942000000093e+00
8.365606037000000583e+01 5.604939476676427251e-02 1.445912612000000097e+00
8.367197058000000709e+01 4.724930801594944690e-02 1.458162420999999931e+00
8.368250933999999575e+01 2.471879964119868059e-02 1.465897395999999908e+00
8.368640415999999504e+01 2.486533782753956937e-02 1.447009892000000075e+00
8.367442269999999382e+01 4.375481184383046146e-02 1.448306644999999948e+00
8.365764633999999944e+01 5.433844217877126237e-02 1.440811873999999992e+00
8.363635490000000061e+01 7.013314969439141122e-02 1.428355870999999944e+00
8.361316741000000263e+01 9.185627635614601605e-02 1.413235033999999946e+00
8.359114114000000484e+01 1.154473020140811684e-01 1.397710664000000103e+00
8.357311636000000021e+01 1.363149270844022098e-01 1.384198644000000034e+00
8.356132465999999681e+01 1.505999140705205352e-01 1.374964563999999889e+00
8.364378037000000177e+01 1.004061891928079986e-01 1.374784978000000102e+00
8.364483923999999604e+01 9.700111230935480611e-02 1.377243583000000049e+00
8.364803754000000424e+01 8.732470934483402281e-02 1.384425451000000029e+00
8.365307484999999588e+01 7.345234239686251887e-02 1.395559868999999953e+00
8.365940568999999982e+01 5.901062241880054848e-02 1.409367059999999894e+00
8.366623368000000482e+01 4.894371495925732563e-02 1.424188637999999951e+00
8.367258900000000210e+01 4.644434431371891048e-02 1.438340546000000053e+00
8.367755560999999886e+01 4.703985760251961495e-02 1.451260632000000106e+00
8.368272446999999659e+01 2.412099563901210983e-02 1.465354083999999890e+00
8.368663814999999317e+01 2.440910719536315901e-02 1.446702691000000041e+00
8.367973655999999494e+01 4.399831149540971154e-02 1.445220756000000106e+00
8.367386546999999553e+01 4.506392345342980638e-02 1.435785408999999957e+00
8.366707814999999471e+01 4.822420880599070925e-02 1.422995935000000101e+00
8.365998611999999923e+01 5.855104646776856242e-02 1.408875928999999916e+00
8.365346757000000366e+01 7.310845437881575981e-02 1.395430508000000014e+00
8.364828219000000331e+01 8.707891669243522648e-02 1.384446590000000032e+00
8.364495689000000311e+01 9.687096529415459290e-02 1.377285418999999900e+00
8.368598679999999490e+01 2.843564841418909361e-02 1.413568410000000108e+00
8.368581466000000546e+01 2.829002838138111944e-02 1.413105303000000035e+00
8.368537378000000615e+01 2.786420602220895590e-02 1.412440491999999992e+00
8.368485121000000504e+01 2.721067723041803443e-02 1.411562194000000048e+00
8.368445683000000201e+01 2.642512237050877871e-02 1.410451391000000054e+00
8.368432387999999378e+01 2.563205083042379567e-02 1.409035883000000045e+00
8.368445171999999843e+01 2.496677617504445765e-02 1.407024655000000068e+00
8.368473688999999638e+01 2.464238106518232968e-02 1.402967800000000098e+00
8.368591297000000395e+01 2.391329072007402842e-02 1.389600962999999911e+00
8.368682979999999816e+01 2.404699604951629835e-02 1.445424092999999965e+00
8.368476058999999623e+01 2.483448622477552395e-02 1.418606524000000091e+00
8.368446043000000145e+01 2.500133050070435167e-02 1.415407459000000090e+00
8.368432968000000471e+01 2.563687807897385706e-02 1.414455507000000001e+00
8.368446133000000486e+01 2.642017636195323135e-02 1.414143747000000007e+00
8.368485468999999455e+01 2.720296916997070463e-02 1.414052081999999988e+00
8.368537619999999322e+01 2.785736136649894293e-02 1.413990209999999914e+00
8.368581591000000230e+01 2.828611718856630444e-02 1.413850609000000036e+00
