4.265465203000000116e+01 0.000000000000000000e+00 1.728842310999999965e+00
4.269954823999999860e+01 1.333610736567643618e-01 1.723803766000000071e+00
4.283194426000000021e+01 2.592859676794336821e-01 1.711924358999999951e+00
4.304408733999999725e+01 3.695166090630978006e-01 1.693171517999999987e+00
4.332217608999999925e+01 4.538453468214664333e-01 1.669060224000000092e+00
4.364433988999999769e+01 4.979642718323184503e-01 1.641734722999999896e+00
4.397676571000000223e+01 4.799156934032476340e-01 1.614119829999999922e+00
4.426757886000000042e+01 3.683256320444407983e-01 1.590316427000000088e+00
4.444506581000000267e+01 1.427429835855758278e-01 1.575872643000000073e+00
4.269415599999999955e+01 1.333700813000685270e-01 1.764943182000000110e+00
4.264430288999999874e+01 2.382365883724166938e-02 1.751212924000000060e+00
4.274871751999999958e+01 3.296221360891686825e-01 1.736184884000000039e+00
4.295334180999999774e+01 4.354192257132001864e-01 1.720792016000000091e+00
4.322329828000000163e+01 5.159275677852867004e-01 1.700116183000000003e+00
4.353520690999999943e+01 5.634161414585265870e-01 1.677181814999999965e+00
4.385504583000000167e+01 5.610150434847026579e-01 1.655283802000000026e+00
4.413225295000000159e+01 4.934857165724779171e-01 1.638104285000000049e+00
4.429977415999999835e+01 3.901204442514311643e-01 1.628721955000000055e+00
4.282655895999999984e+01 2.593285299001332755e-01 1.752628575999999994e+00
4.274368766999999991e+01 3.277145277319074568e-01 1.772974411999999944e+00
4.262390432000000118e+01 2.653004814569422803e-02 1.762936339999999991e+00
4.275408833000000186e+01 4.456728877502937891e-01 1.759260343000000004e+00
4.300322716000000156e+01 5.502552957565505221e-01 1.747146936000000039e+00
4.329926181999999812e+01 5.962759052138840721e-01 1.728351058999999967e+00
4.360457276000000348e+01 5.902814739815853695e-01 1.708451192999999924e+00
4.387056862000000024e+01 5.208995456072113006e-01 1.690803821999999901e+00
4.403312018999999822e+01 4.154005953267047579e-01 1.679026085999999918e+00
4.303872252000000032e+01 3.695913706088600481e-01 1.733194048999999959e+00
4.294795134999999675e+01 4.350919285878359632e-01 1.759275222000000083e+00
4.274914910999999762e+01 4.431040566719253171e-01 1.792921718999999969e+00
4.260318148000000349e+01 2.000798367495790556e-02 1.779679717999999911e+00
4.276308148999999759e+01 5.068431910297293008e-01 1.777736012999999948e+00
4.304576543000000299e+01 5.793011795253973917e-01 1.761735312999999969e+00
4.334947612999999933e+01 5.703266648915163994e-01 1.737953706000000098e+00
4.362015691999999945e+01 4.897066713210309064e-01 1.713814838000000007e+00
4.378928087999999974e+01 3.610896010142943813e-01 1.696518320000000024e+00
4.331685078000000289e+01 4.539624631489880269e-01 1.708253548000000066e+00
4.321779441000000332e+01 5.159719401783056103e-01 1.738271372000000037e+00
4.299760873000000316e+01 5.499389053527343751e-01 1.783756117999999891e+00
4.275762498000000278e+01 5.045644187214826104e-01 1.811532201999999980e+00
4.259722352000000001e+01 1.838136105292423675e-02 1.799091814999999928e+00
4.281446697999999884e+01 5.519416468190319058e-01 1.783786432999999949e+00
4.312316014000000308e+01 5.541781906572456062e-01 1.755102954000000048e+00
4.340134575999999811e+01 4.745464619843308141e-01 1.726223673000000014e+00
4.357408742999999873e+01 3.477470768136717294e-01 1.707338068999999958e+00
4.363908322999999712e+01 4.981368267938263150e-01 1.680076507000000108e+00
4.352969223000000198e+01 5.637021874710435032e-01 1.714525013999999903e+00
4.329341889999999893e+01 5.964901025983037064e-01 1.764597618999999895e+00
4.303959692000000103e+01 5.791700075007208959e-01 1.797450918000000009e+00
4.280813607000000331e+01 5.511427382115927642e-01 1.819202949999999985e+00
4.261769179000000207e+01 1.321230255829914102e-01 1.814379795000000017e+00
4.291903339999999645e+01 5.367906585425854527e-01 1.773184623999999987e+00
4.318955436000000248e+01 4.677280977025537467e-01 1.746190925000000060e+00
4.335215751999999867e+01 3.687624745092787371e-01 1.730228710000000003e+00
4.397161645999999990e+01 4.801470910402283465e-01 1.651737932000000075e+00
4.384963155999999884e+01 5.615202113194650568e-01 1.691686011999999906e+00
4.359869900000000342e+01 5.908843045417843109e-01 1.743649229000000078e+00
4.334312288000000279e+01 5.706270645311553036e-01 1.772414176000000063e+00
4.311658835000000067e+01 5.542320429402126658e-01 1.789238815000000038e+00
4.291260609999999787e+01 5.367135822157353964e-01 1.807907842000000098e+00
4.276437828000000252e+01 1.145643617384391189e-01 1.806948218000000050e+00
4.297088276000000207e+01 4.410360759827167132e-01 1.778428807000000056e+00
4.311596585000000204e+01 3.685405490987821997e-01 1.764858295000000021e+00
4.426256958999999824e+01 3.685711323167529252e-01 1.627476635999999921e+00
4.412706159999999755e+01 4.941111470060302602e-01 1.673654108999999890e+00
4.386484388000000223e+01 5.218619546090399464e-01 1.724976414999999985e+00
4.361385943999999881e+01 4.903025944269131520e-01 1.746763606000000024e+00
4.339489781999999707e+01 4.747237652060244395e-01 1.758320633999999938e+00
4.318340536000000185e+01 4.676584961393268625e-01 1.779159106000000046e+00
4.296531672999999785e+01 4.403622829778749415e-01 1.813679977999999915e+00
4.279434702999999729e+01 3.616467179278930189e-02 1.827422032000000085e+00
4.290064729000000199e+01 2.968616380692690182e-01 1.800419242999999891e+00
4.444017335000000202e+01 1.428615235427906638e-01 1.612864225999999901e+00
4.429485758999999945e+01 3.905446317078812846e-01 1.663744705999999907e+00
4.402767277000000234e+01 4.165190621461822840e-01 1.712664495000000064e+00
4.378323000999999692e+01 3.617841989032003491e-01 1.728593073999999952e+00
4.356795458999999937e+01 3.476655427057372960e-01 1.738238771000000016e+00
4.334640470000000079e+01 3.682548834717134789e-01 1.762292060999999910e+00
4.311070716999999775e+01 3.680120103690910915e-01 1.800229153999999943e+00
4.289578666999999967e+01 2.964567897704948884e-01 1.839443633999999994e+00
4.276906530000000117e+01 7.405983277483417504e-02 1.834032730000000111e+00
4.269338884999999806e+01 1.333880806592720181e-01 1.737553778999999965e+00
4.264343912999999731e+01 2.563705913675134659e-02 1.745094377999999891e+00
4.274812285000000145e+01 3.300647667862460222e-01 1.737670757999999926e+00
4.295262931999999978e+01 4.357591379085509753e-01 1.721915979000000041e+00
4.322248294999999985e+01 5.163445751992105093e-01 1.701005526000000101e+00
4.353435670999999729e+01 5.639611189315444362e-01 1.677897133000000096e+00
4.385426472000000331e+01 5.617088644050793889e-01 1.655788658999999940e+00
4.413168355999999903e+01 4.942614357469760633e-01 1.638255454999999916e+00
4.429957895999999806e+01 3.905299731262482088e-01 1.628347519000000077e+00
4.429992917999999946e+01 3.897397693309216926e-01 1.627861583000000056e+00
4.413260285999999866e+01 4.929302830084245080e-01 1.636936853999999997e+00
4.385550332999999767e+01 5.605421551729433682e-01 1.653907110000000014e+00
4.353568685999999843e+01 5.630748380872458991e-01 1.675626878999999958e+00
4.322372204999999923e+01 5.157357541483638119e-01 1.698340149000000077e+00
4.295362910000000056e+01 4.354313753696718026e-01 1.718581179000000070e+00
4.274874300999999832e+01 3.301552983891448134e-01 1.732572776000000037e+00
4.264343008000000168e+01 2.533315020640481904e-02 1.732435788000000088e+00
4.264134387000000004e+01 1.679709238727468412e-02 1.759157394999999902e+00
4.259027327999999812e+01 1.047490715544774909e-01 1.762024078999999910e+00
4.266967714999999828e+01 3.741589207283858576e-01 1.757162847000000028e+00
4.286620870000000139e+01 4.834431536996384726e-01 1.745048453000000110e+00
4.312843828999999829e+01 5.629218955092292198e-01 1.726897501000000057e+00
4.343126880999999884e+01 6.128170750090051744e-01 1.706658980000000048e+00
4.374061857000000231e+01 6.194755473821002001e-01 1.687770817999999950e+00
4.400701265000000006e+01 5.735008063058806282e-01 1.673693109000000012e+00
4.416678480000000206e+01 5.048005829233901398e-01 1.666545710000000069e+00
4.416701335999999856e+01 5.044110236780824374e-01 1.666147621999999995e+00
4.400763355000000132e+01 5.727118826322268319e-01 1.672611268999999901e+00
4.374148212000000058e+01 6.186992004672544621e-01 1.686206161000000092e+00
4.343220706000000320e+01 6.122048847092247392e-01 1.704724911000000009e+00
4.312929164999999898e+01 5.625295462384306555e-01 1.724555279999999913e+00
4.286682094999999748e+01 4.833310948152891307e-01 1.742009527000000002e+00
4.266984933999999896e+01 3.744961660272168591e-01 1.752320072000000062e+00
4.259005549999999829e+01 1.032238845585928960e-01 1.753715936000000086e+00
4.274343219000000005e+01 3.288503160668989622e-01 1.773655686999999981e+00
4.266480364000000236e+01 3.721968501585115052e-01 1.790208215000000047e+00
4.255027796000000251e+01 2.008860837101866526e-01 1.779846484999999978e+00
4.267306286000000171e+01 4.868678145054464723e-01 1.778661331999999984e+00
4.291449940999999768e+01 5.903630099362737749e-01 1.768633216000000008e+00
4.320187097000000165e+01 6.407914584910561206e-01 1.751839968999999941e+00
4.349722454999999854e+01 6.461473142638405331e-01 1.734137491000000031e+00
4.375245819999999952e+01 6.012739251762904136e-01 1.719267930000000000e+00
4.390639683999999932e+01 5.353823961140351528e-01 1.710324877999999993e+00
4.390654654000000079e+01 5.350418316451497347e-01 1.709983580000000059e+00
4.375288774999999930e+01 6.005359668885839053e-01 1.718366092999999983e+00
4.349785459000000287e+01 6.453642989043373301e-01 1.732851024999999989e+00
4.320257730000000151e+01 6.401200320235912455e-01 1.750230450000000104e+00
4.291514028999999653e+01 5.898552476134480971e-01 1.766621401999999952e+00
4.267348872000000171e+01 4.864074052479953059e-01 1.775931659999999912e+00
4.255073086000000160e+01 1.987090288802076943e-01 1.776591730999999896e+00
4.266560016999999760e+01 3.712908736074526650e-01 1.788919571999999958e+00
4.294791808000000088e+01 4.355340615416523620e-01 1.759466806999999910e+00
4.286092451999999753e+01 4.835471183795451156e-01 1.781968320000000050e+00
4.266794800000000265e+01 4.847644829672931865e-01 1.811188229999999955e+00
4.252597506000000038e+01 2.174710155159232383e-01 1.797087655999999978e+00
4.267809496999999652e+01 5.468811833526086019e-01 1.796607285000000109e+00
4.295057893999999976e+01 6.248987088397757184e-01 1.783173985999999989e+00
4.324258091000000093e+01 6.307927266888380124e-01 1.762286124000000065e+00
4.350017534999999924e+01 5.818997089328491468e-01 1.741809178000000013e+00
4.365842933999999786e+01 5.092339047894988147e-01 1.728199564000000077e+00
4.365856741999999713e+01 5.088298014727085095e-01 1.727885874000000044e+00
4.350057061999999775e+01 5.810471395892687907e-01 1.741005047000000028e+00
4.324316429000000284e+01 6.298914591046752554e-01 1.761177025999999923e+00
4.295124218000000127e+01 6.240954967895416816e-01 1.781804439999999934e+00
4.267873105000000322e+01 5.460131016349256683e-01 1.794850851999999941e+00
4.252700687000000102e+01 2.149352827224964291e-01 1.795158728999999953e+00
4.266950891999999840e+01 4.839283343647549085e-01 1.809856619000000055e+00
4.286192270000000093e+01 4.823724026840760515e-01 1.780940148000000001e+00
4.321789597000000072e+01 5.161903828638894076e-01 1.738385405999999911e+00
4.312311101000000235e+01 5.633061327037452992e-01 1.764371810000000096e+00
4.290871915999999686e+01 5.904257438456346208e-01 1.805155398999999994e+00
4.267237487999999956e+01 5.448199501711428194e-01 1.830121762000000096e+00
4.251786563000000285e+01 2.256531552005560659e-01 1.815824164999999990e+00
4.272071529000000112e+01 5.942404801003234871e-01 1.803735354000000068e+00
4.301523530000000051e+01 6.162241795485253748e-01 1.778635863000000095e+00
4.327903924000000302e+01 5.714089514023414917e-01 1.753172965999999944e+00
4.344079896000000218e+01 5.017039644656916542e-01 1.737085288000000061e+00
4.344097405000000123e+01 5.012372191635074969e-01 1.736809612999999919e+00
4.327951209999999804e+01 5.704626663155080157e-01 1.752480527999999982e+00
4.301589184000000188e+01 6.152625770614620349e-01 1.777722489000000072e+00
4.272143352999999877e+01 5.933646744379232896e-01 1.802627843000000007e+00
4.251916869000000077e+01 2.229546033950421946e-01 1.814494690999999937e+00
4.267448246000000012e+01 5.441035493074188878e-01 1.828805918999999891e+00
4.291052177000000256e+01 5.892218953163577133e-01 1.803603424999999927e+00
4.312418118000000078e+01 5.621492862353837383e-01 1.763079359000000013e+00
4.352987448999999742e+01 5.637242076512080091e-01 1.714691216000000074e+00
4.342593126999999953e+01 6.132826403654292324e-01 1.744017852000000035e+00
4.319585219999999737e+01 6.412263278681460399e-01 1.788968421000000086e+00
4.294407603999999878e+01 6.249557934499425649e-01 1.819880297000000091e+00
4.271403933999999936e+01 5.933599369665417678e-01 1.839664677000000026e+00
4.253644932000000267e+01 2.432419729644945683e-01 1.831834218000000014e+00
4.281134837999999831e+01 6.013083203334765869e-01 1.795249276999999921e+00
4.306976565000000079e+01 5.613487565235909527e-01 1.769682541999999970e+00
4.322463497999999760e+01 5.002589626327267336e-01 1.754396489999999975e+00
4.322487677000000161e+01 4.997405064222166793e-01 1.754128281000000067e+00
4.307039835999999866e+01 5.603132182003515149e-01 1.769034278999999987e+00
4.281218241999999918e+01 6.003132714954249050e-01 1.794482625000000109e+00
4.253760384000000272e+01 2.379026261071638948e-01 1.831153446999999934e+00
4.271639829000000077e+01 5.926636479969097371e-01 1.838312273000000108e+00
4.294636047000000190e+01 6.238833128451389820e-01 1.818079041000000062e+00
4.319771865999999960e+01 6.399641082192811803e-01 1.786808846000000006e+00
4.342702479999999809e+01 6.121190341595474926e-01 1.742199134999999899e+00
4.384980148000000355e+01 5.613484724203867682e-01 1.692009448999999943e+00
4.373523476999999815e+01 6.200431393328019736e-01 1.724967632000000028e+00
4.349103429000000176e+01 6.468219300987079201e-01 1.771302141000000052e+00
4.323576512999999721e+01 6.311797865612126524e-01 1.799021721999999990e+00
4.300814780999999698e+01 6.163791167534665716e-01 1.814844445999999945e+00
4.280438900000000046e+01 6.014765353896841527e-01 1.831660921999999969e+00
4.264683029999999775e+01 3.519640737919791929e-01 1.829956606999999957e+00
4.285979835999999921e+01 5.278523868469412461e-01 1.797456106999999914e+00
4.300192451000000204e+01 4.711130200333977225e-01 1.783092515999999961e+00
4.300224301000000082e+01 4.705403853673544301e-01 1.782745931000000006e+00
4.286066255000000069e+01 5.266026457199058930e-01 1.796625128000000071e+00
4.264887378000000240e+01 3.497057046605512309e-01 1.829009796000000021e+00
4.280668955000000153e+01 6.006551327216964609e-01 1.830197252999999913e+00
4.301055723000000341e+01 6.153385516944073208e-01 1.812970135000000038e+00
4.323804532999999850e+01 6.299622935309185934e-01 1.796496257000000041e+00
4.349288188999999960e+01 6.454804015663255790e-01 1.768264486000000080e+00
4.373631773000000322e+01 6.188106333130253267e-01 1.722353342999999981e+00
4.412708254000000352e+01 4.938686436278966196e-01 1.674216013999999975e+00
4.400150766000000147e+01 5.743105562261425767e-01 1.710977176999999960e+00
4.374611551999999648e+01 6.023195149954992944e-01 1.756587324000000061e+00
4.349315899999999857e+01 5.826122218652119988e-01 1.778383523000000022e+00
4.327183948999999785e+01 5.718024164216534144e-01 1.788639046999999982e+00
4.306287919999999758e+01 5.616087788940936631e-01 1.805150645999999970e+00
4.285354304999999897e+01 5.278553187001546743e-01 1.834312970999999903e+00
4.268927433999999721e+01 2.992511247487521509e-01 1.843596258000000043e+00
4.280321888000000286e+01 3.903859600001413077e-01 1.814357715999999954e+00
4.280362044000000310e+01 3.896756475174915635e-01 1.813883299000000004e+00
4.269123729999999739e+01 2.974291180086620079e-01 1.842042811000000002e+00
4.285548364000000277e+01 5.269891803118460505e-01 1.832566292000000097e+00
4.306508539000000013e+01 5.604662811654775867e-01 1.803253954000000103e+00
4.327413231999999965e+01 5.704311573845303185e-01 1.786192618999999926e+00
4.349531412000000330e+01 5.811503842937975062e-01 1.775040657999999993e+00
4.374786659000000100e+01 6.008298542762489092e-01 1.752520840999999940e+00
4.400255166000000173e+01 5.729334575336834101e-01 1.707364389999999954e+00
4.429462360000000132e+01 3.906726054138394133e-01 1.664508638000000040e+00
4.416105208999999832e+01 5.061211095380774294e-01 1.704206281000000045e+00
4.389991455999999914e+01 5.369861389221164405e-01 1.748093416999999983e+00
4.365130416000000224e+01 5.104718434436781305e-01 1.764997042999999932e+00
4.343358402999999868e+01 5.024746073987933492e-01 1.772348253000000096e+00
4.321782773999999705e+01 5.007646639863001514e-01 1.789605196999999981e+00
4.299571473000000310e+01 4.714996474254972703e-01 1.820179857999999928e+00
4.279761307999999786e+01 3.907443596511856465e-01 1.853894351999999968e+00
4.268278343000000064e+01 2.647576267963203112e-01 1.842507772000000044e+00
4.268396307999999806e+01 2.589112772775701843e-01 1.844030424999999918e+00
4.279882277000000101e+01 3.903006587493910162e-01 1.852334885999999958e+00
4.299740160999999716e+01 4.705560823057930997e-01 1.818236210000000019e+00
4.321977878999999945e+01 4.993197316816039844e-01 1.787415519999999924e+00
4.343559641000000227e+01 5.007598779115304266e-01 1.769508069000000017e+00
4.365319233000000310e+01 5.087571295437045560e-01 1.761061583999999902e+00
4.390148107000000266e+01 5.353868499271730030e-01 1.743240279999999975e+00
4.416203537999999895e+01 5.045963766185396215e-01 1.699774681999999926e+00
4.282580852000000249e+01 2.593543608643918419e-01 1.725389811000000106e+00
4.274257073999999790e+01 3.278985473880558499e-01 1.749849293000000028e+00
4.262270474999999692e+01 2.724443165297065969e-02 1.757860226000000026e+00
4.275291393999999912e+01 4.459138280088219553e-01 1.762144439000000062e+00
4.300190946000000025e+01 5.504690725269799634e-01 1.749900988000000046e+00
4.329789004999999946e+01 5.966412935958660402e-01 1.731061380999999955e+00
4.360331415000000277e+01 5.908542405215743143e-01 1.711230840000000031e+00
4.386965706000000154e+01 5.216342614540098177e-01 1.693609302999999899e+00
4.403283279000000050e+01 4.158159626230333306e-01 1.681681747000000060e+00
4.403346341000000308e+01 4.149154887749106346e-01 1.681246253000000079e+00
4.387128115000000150e+01 5.202464490706366629e-01 1.692249807999999911e+00
4.360546209000000317e+01 5.897853360651130750e-01 1.708979436999999990e+00
4.330016590999999693e+01 5.959819521644266205e-01 1.727970849999999947e+00
4.300399958999999939e+01 5.502061910518387666e-01 1.745745083000000086e+00
4.275453704000000243e+01 4.461417683684392177e-01 1.755695261000000063e+00
4.262357719999999972e+01 2.630844724038223711e-02 1.745277919999999927e+00
4.274317046000000175e+01 3.280028631577699416e-01 1.743476457999999951e+00
4.274265633000000264e+01 3.285771694048860159e-01 1.748221239999999899e+00
4.266413940000000338e+01 3.715763326627121721e-01 1.768039544999999935e+00
4.254958408000000247e+01 2.001305214781066988e-01 1.773804928999999975e+00
4.267247863000000052e+01 4.869663654326225610e-01 1.780387651999999932e+00
4.291388691000000222e+01 5.903278842473499433e-01 1.770493314000000096e+00
4.320123938999999780e+01 6.407632372263336595e-01 1.753839582999999980e+00
4.349664176999999654e+01 6.461766510137685326e-01 1.736427825000000036e+00
4.375203649000000183e+01 6.013692055820395455e-01 1.721932412999999995e+00
4.390628066000000018e+01 5.354374803996226895e-01 1.713310995999999919e+00
4.390680626999999703e+01 5.349283351367402073e-01 1.712882769999999999e+00
4.375341903000000343e+01 6.004221814049821582e-01 1.720638367999999918e+00
4.349850596000000280e+01 6.453512427647046801e-01 1.734315733999999942e+00
4.320323340000000201e+01 6.402183447507883152e-01 1.750923795999999921e+00
4.291570973999999694e+01 5.901038217143114162e-01 1.766499636999999900e+00
4.267384780999999805e+01 4.871247997904484262e-01 1.774032563000000007e+00
4.255033882000000034e+01 1.997304608563114370e-01 1.761572456999999980e+00
4.266476157000000313e+01 3.714469545003176720e-01 1.761963799999999969e+00
4.262091360000000151e+01 2.441370214660436300e-02 1.769373387999999991e+00
4.254716507999999919e+01 1.996624420328337313e-01 1.785314016000000059e+00
4.241791562000000226e+01 1.877299544102776219e-01 1.796232185000000037e+00
4.248708383000000310e+01 4.955707960621827390e-01 1.809553090999999947e+00
4.270654886999999889e+01 6.214840922150904889e-01 1.807255360999999949e+00
4.297699816000000084e+01 6.765484473195059190e-01 1.794237005000000051e+00
4.325585866000000124e+01 6.877926831718753631e-01 1.778904679999999905e+00
4.349577258000000057e+01 6.551983187532077757e-01 1.765728619000000110e+00
4.363928920000000033e+01 6.061188301036872783e-01 1.757990117999999935e+00
4.363971753999999947e+01 6.056939235993112902e-01 1.757544752999999904e+00
4.349693535000000111e+01 6.543149381038554369e-01 1.764461792000000084e+00
4.325748051000000061e+01 6.869287136383438463e-01 1.776923801999999997e+00
4.297877838000000139e+01 6.758865230652832956e-01 1.791523369999999948e+00
4.270821045000000282e+01 6.210331862021996052e-01 1.803472842999999992e+00
4.248842705999999936e+01 4.948450179726656128e-01 1.803429291999999906e+00
4.241961410999999771e+01 1.857783661909850892e-01 1.788157573999999972e+00
4.254869873999999896e+01 1.978577528082936521e-01 1.781991161999999962e+00
4.274869302999999832e+01 4.444633483132538476e-01 1.793664799000000087e+00
4.266732359000000230e+01 4.862321216078125397e-01 1.811759035999999989e+00
4.248195875999999771e+01 4.926478981069865037e-01 1.837300240000000029e+00
4.234161569999999841e+01 3.097160669288226420e-01 1.828484545000000017e+00
4.247222722000000061e+01 5.842310066425465687e-01 1.833837587999999963e+00
4.272322369999999836e+01 6.687819327923526513e-01 1.825628158000000001e+00
4.299293526000000298e+01 6.850046674335389385e-01 1.809277964999999933e+00
4.322806048000000345e+01 6.554953675262702451e-01 1.793022241000000072e+00
4.336984592000000305e+01 6.091685900553398536e-01 1.782595131000000110e+00
4.337024175999999898e+01 6.086912257856308406e-01 1.782150061000000063e+00
4.322914669000000032e+01 6.544862536218680749e-01 1.791798712999999932e+00
4.299447518000000201e+01 6.839851116289444866e-01 1.807432439000000057e+00
4.272495314999999749e+01 6.679175852964586158e-01 1.823137991000000069e+00
4.247396186999999657e+01 5.831435553085924095e-01 1.830335239999999919e+00
4.234405014000000023e+01 3.075986576950379137e-01 1.824499673000000044e+00
4.248489982000000253e+01 4.911176232393609231e-01 1.835190620999999966e+00
4.266915370000000252e+01 4.843513161513902099e-01 1.810484940999999903e+00
4.299753852999999992e+01 5.504983306759412276e-01 1.783732491999999947e+00
4.290848823999999695e+01 5.909488693599398434e-01 1.805018703000000002e+00
4.270053226999999652e+01 6.217195912427381232e-01 1.841695193000000064e+00
4.246630186000000151e+01 5.820565446845895607e-01 1.865335924999999895e+00
4.231859894000000111e+01 3.495822111483831152e-01 1.851538503000000002e+00
4.249099249999999728e+01 6.344359942216671877e-01 1.846116832999999957e+00
4.275602693999999815e+01 6.749495293281132513e-01 1.827848381999999994e+00
4.299266902000000101e+01 6.536992740555470638e-01 1.807255692000000025e+00
4.313594312000000031e+01 6.125299703855621170e-01 1.793938275999999998e+00
4.313635856999999874e+01 6.120101650873366328e-01 1.793526635999999952e+00
4.299379331000000093e+01 6.526059655204872190e-01 1.806149176999999995e+00
4.275759914999999722e+01 6.738450310800262466e-01 1.826235072000000015e+00
4.249277981000000182e+01 6.333276893132339103e-01 1.843952743000000005e+00
4.232126360000000176e+01 3.477052863418960693e-01 1.849095971999999977e+00
4.246977610999999797e+01 5.810084036683340614e-01 1.863569368999999920e+00
4.270347096999999792e+01 6.200922473406415003e-01 1.839867831999999925e+00
4.291023298000000352e+01 5.894376088393148416e-01 1.803610901000000100e+00
4.329358514999999841e+01 5.967919989029979444e-01 1.764472725000000075e+00
4.319583115999999734e+01 6.415324355722504812e-01 1.788676941999999936e+00
4.297076718000000284e+01 6.772018227086837872e-01 1.830243217999999894e+00
4.271644832999999863e+01 6.689735522751973917e-01 1.862050052000000067e+00
4.248414937999999808e+01 6.330746531237411157e-01 1.881206724000000108e+00
4.232827417000000025e+01 3.729248073926862972e-01 1.868632104000000016e+00
4.254911670999999984e+01 6.597923336060740329e-01 1.843990366000000103e+00
4.278231329999999843e+01 6.456475188046821856e-01 1.821230386000000090e+00
4.292278605999999996e+01 6.071298753090322853e-01 1.806525748000000098e+00
4.292325616000000110e+01 6.065900795349173924e-01 1.806110909999999903e+00
4.278355882999999693e+01 6.445405837790422199e-01 1.820165765000000047e+00
4.255079332999999764e+01 6.587494585165912797e-01 1.842570722999999910e+00
4.233064945000000279e+01 3.709572332512636739e-01 1.866997382000000094e+00
4.248767832000000055e+01 6.323932299567620596e-01 1.879527935999999899e+00
4.271987528999999739e+01 6.678016887272629765e-01 1.859925615999999948e+00
4.297358301999999952e+01 6.757591209291585743e-01 1.827794501999999932e+00
4.319749623999999955e+01 6.401861432265275598e-01 1.786731502999999943e+00
4.359897037999999725e+01 5.908468105939195247e-01 1.743596313999999925e+00
4.349113512000000270e+01 6.469248391398216835e-01 1.770960883000000097e+00
4.324942701999999883e+01 6.885376377447086638e-01 1.815466837000000000e+00
4.298581759999999719e+01 6.854641281668583108e-01 1.847020384999999987e+00
4.274858165999999926e+01 6.751405081971140199e-01 1.865712234000000080e+00
4.254173380000000293e+01 6.597942946930939190e-01 1.881625405000000084e+00
4.236789960000000121e+01 4.743165067768339571e-01 1.871390579000000054e+00
4.258819298000000231e+01 6.107535242476068715e-01 1.842270118999999928e+00
4.272274123999999773e+01 5.689188944330395570e-01 1.826823851999999970e+00
4.272327839999999810e+01 5.683649487606110551e-01 1.826305749999999950e+00
4.258960468000000077e+01 6.096878396185916316e-01 1.840987678999999932e+00
4.236949946000000011e+01 4.726422816622424250e-01 1.870319454999999964e+00
4.254494761000000125e+01 6.594253095773106033e-01 1.879814147999999907e+00
4.275201495999999679e+01 6.743392689185433442e-01 1.863448951000000076e+00
4.298908423000000312e+01 6.843664482362796786e-01 1.844056260999999974e+00
4.325210184000000169e+01 6.871956202926284840e-01 1.812036999000000037e+00
4.349272651999999795e+01 6.456132742904550081e-01 1.768204577999999971e+00
4.386500778999999994e+01 5.214521858295269041e-01 1.725023178999999907e+00
4.374621415000000013e+01 6.021782241243730516e-01 1.756185477000000050e+00
4.348901839999999908e+01 6.561133835704958672e-01 1.802718059000000039e+00
4.322059489000000099e+01 6.561379358105446924e-01 1.831632868000000025e+00
4.298493523999999866e+01 6.541184596799426432e-01 1.845898287000000026e+00
4.277476556999999957e+01 6.460647943551325323e-01 1.859369335000000012e+00
4.258112653999999964e+01 6.112610688811598303e-01 1.880531524000000010e+00
4.242798561000000035e+01 4.913919786772246168e-01 1.876405053000000045e+00
4.255569195999999721e+01 4.960517162667578139e-01 1.850098060999999960e+00
4.255628988000000135e+01 4.954785969085002129e-01 1.849421038000000017e+00
4.243039974999999941e+01 4.821791725369614090e-01 1.875802777999999948e+00
4.258377654000000234e+01 6.111833345841609644e-01 1.878393729999999984e+00
4.277789019000000081e+01 6.455293805886065384e-01 1.856982431000000044e+00
4.298820196999999865e+01 6.532526370270423932e-01 1.842907834000000022e+00
4.322367586000000017e+01 6.550342554177179810e-01 1.827706056000000023e+00
4.349155360000000314e+01 6.547839300110985805e-01 1.798165518000000018e+00
4.374774996000000016e+01 6.007817452515806789e-01 1.752458480999999901e+00
4.402750397999999876e+01 4.160874259696906718e-01 1.712735852000000003e+00
4.389986513000000201e+01 5.366969497022362479e-01 1.747594021000000053e+00
4.363206464000000295e+01 6.074767467945940691e-01 1.795487309000000087e+00
4.336197203999999772e+01 6.102704774277066813e-01 1.822027022999999968e+00
4.312788789999999750e+01 6.133943372234099689e-01 1.833242741000000064e+00
4.291500046000000168e+01 6.079676768191520919e-01 1.845037319000000009e+00
4.271547114999999906e+01 5.697948980887997950e-01 1.865256709000000068e+00
4.254905372000000341e+01 4.969993234406556715e-01 1.889122261000000025e+00
4.245808833000000249e+01 4.202408310047004991e-01 1.869729489000000022e+00
4.245888441000000313e+01 4.192955820017742474e-01 1.869849848999999953e+00
4.255079234000000099e+01 4.971728533562009833e-01 1.887247104000000064e+00
4.271800147999999808e+01 5.695386261420604113e-01 1.862818139999999900e+00
4.291796137000000044e+01 6.072659518959517833e-01 1.842247556000000008e+00
4.313094595999999825e+01 6.123943517943630788e-01 1.829737834999999979e+00
4.336484773000000104e+01 6.090971723106070046e-01 1.817411322000000107e+00
4.363447013999999768e+01 6.061187068901079389e-01 1.790105360000000090e+00
4.390137614999999727e+01 5.351232814472502985e-01 1.743102802999999978e+00
4.303799662000000126e+01 3.696263886924655573e-01 1.706219654000000086e+00
4.294677784000000287e+01 4.353053609720340944e-01 1.734880879000000098e+00
4.274772822999999988e+01 4.432019548212510207e-01 1.772743704000000031e+00
4.260163546999999795e+01 2.047115001728557968e-02 1.777120916000000106e+00
4.276151640999999870e+01 5.069123845538919815e-01 1.784313040000000017e+00
4.304416041999999720e+01 5.794305305438148812e-01 1.768735589000000052e+00
4.334800947000000093e+01 5.706974974591424443e-01 1.745367171000000051e+00
4.361910721000000279e+01 4.903517666363914063e-01 1.721505564000000099e+00
4.378898180000000195e+01 3.615596712473488350e-01 1.704210508999999929e+00
4.378977634999999680e+01 3.605795831412159091e-01 1.704076359999999957e+00
4.362114749999999930e+01 4.891208557623466513e-01 1.720772683999999941e+00
4.335068692000000112e+01 5.699848111724356015e-01 1.743625044999999929e+00
4.304696996999999925e+01 5.792205234685759985e-01 1.765623863999999932e+00
4.276404707999999744e+01 5.072169985335062137e-01 1.778567792000000036e+00
4.260352113999999801e+01 1.970082965169655045e-02 1.764840710000000090e+00
4.274933073999999777e+01 4.434282729268782530e-01 1.764135145000000016e+00
4.294775019000000071e+01 4.349791787326044434e-01 1.729636863000000080e+00
4.294706495999999873e+01 4.355432232796972447e-01 1.732847569999999893e+00
4.286011661999999944e+01 4.831362158331162782e-01 1.757160953999999942e+00
4.266712743000000074e+01 4.844362916321747203e-01 1.790301605000000018e+00
4.252490381999999869e+01 2.167912909156774204e-01 1.793400713999999896e+00
4.267709169999999830e+01 5.468724500505276476e-01 1.802172391000000040e+00
4.294960669999999681e+01 6.247247112649997325e-01 1.789412285000000047e+00
4.324170433999999830e+01 6.306674909521514660e-01 1.769291581999999918e+00
4.349955795000000336e+01 5.819048980867618237e-01 1.749679690000000010e+00
4.365828460000000177e+01 5.092902092365702016e-01 1.736765230999999909e+00
4.365899487000000079e+01 5.087821322727646978e-01 1.736558548000000091e+00
4.350141693999999859e+01 5.810806570561030115e-01 1.748833121000000101e+00
4.324418913000000231e+01 6.301071896480162637e-01 1.767476712999999977e+00
4.295224326000000303e+01 6.245288926926736428e-01 1.786242110999999966e+00
4.267947833000000202e+01 5.470631572752460148e-01 1.796304059999999980e+00
4.252677300999999943e+01 2.165600658093102537e-01 1.781059482000000083e+00
4.266878867999999869e+01 4.845438242034693088e-01 1.781714134000000005e+00
4.286111439999999817e+01 4.827761819938269916e-01 1.752139410999999924e+00
4.274784790999999728e+01 4.440234285923057023e-01 1.769109537999999926e+00
4.266678825000000330e+01 4.855707129629894259e-01 1.788631907999999937e+00
4.248155485000000198e+01 4.922628301748452895e-01 1.817582116000000081e+00
4.234099222999999768e+01 3.091173964821719022e-01 1.823514974999999927e+00
4.247174257999999725e+01 5.843274355536351994e-01 1.837310342999999957e+00
4.272281770000000023e+01 6.686608062396731667e-01 1.829807658000000004e+00
4.299259073000000342e+01 6.848506234064803966e-01 1.814232134999999912e+00
4.322783024999999668e+01 6.553914555165872846e-01 1.798955988999999978e+00
4.336980699000000072e+01 6.091588248988689669e-01 1.789347221000000099e+00
4.337042651000000149e+01 6.087764924312580872e-01 1.788999787999999924e+00
4.322949193000000179e+01 6.546619345166164727e-01 1.797846035999999925e+00
4.299487401999999747e+01 6.842473619888971292e-01 1.812195629999999946e+00
4.272529660000000007e+01 6.683212780084182292e-01 1.826452675999999942e+00
4.247405803000000191e+01 5.841229151173936707e-01 1.831212990999999901e+00
4.234318861999999939e+01 3.078899365467588356e-01 1.811647164999999893e+00
4.248370223999999951e+01 4.910548685188200202e-01 1.809489458000000051e+00
4.266806773999999791e+01 4.842408792366603154e-01 1.784219310999999974e+00
4.260004329000000212e+01 1.710198728269366614e-02 1.784909537000000102e+00
4.252218742000000162e+01 2.175344412959548668e-01 1.802030819999999922e+00
4.233811192000000290e+01 3.081920533632966919e-01 1.832306443000000007e+00
4.216795013000000125e+01 2.361572674233426428e-01 1.847279225000000080e+00
4.223290356999999773e+01 5.502639023213943270e-01 1.866150819000000016e+00
4.245790483999999765e+01 6.646364779258231437e-01 1.865145054000000080e+00
4.271033865999999790e+01 6.855305799744330075e-01 1.851556607000000021e+00
4.293159246999999823e+01 6.587913306266927060e-01 1.836392339999999956e+00
4.306494931000000292e+01 6.157002050367194057e-01 1.826208593000000047e+00
4.306553138999999675e+01 6.152818457430062615e-01 1.825772154999999897e+00
4.293316897999999782e+01 6.579595175742146695e-01 1.835102961999999893e+00
4.271253757000000206e+01 6.847842725521087193e-01 1.849372790000000100e+00
4.246034831000000054e+01 6.640730603087239281e-01 1.861714279000000083e+00
4.223541302999999658e+01 5.490425436216425092e-01 1.860155148999999897e+00
4.217163607999999897e+01 2.346463357485115420e-01 1.839563990000000038e+00
4.234200952999999856e+01 3.066924229173527694e-01 1.828105359999999902e+00
4.252455593999999905e+01 2.144612523349688216e-01 1.799939047999999930e+00
4.275724936999999670e+01 5.057918166944266325e-01 1.811309175999999965e+00
4.267164584999999732e+01 5.466086294735476026e-01 1.829861265999999986e+00
4.246562749999999653e+01 5.836312122259923463e-01 1.865301773999999968e+00
4.222699958999999836e+01 5.467420459929862586e-01 1.891767769999999960e+00
4.207520860999999712e+01 3.586292195366487801e-01 1.886645072000000090e+00
4.221470544000000302e+01 6.219422438406251308e-01 1.889292822000000038e+00
4.245330653999999981e+01 6.697939494212638012e-01 1.876860146000000062e+00
4.266913647999999881e+01 6.498697950663253620e-01 1.859328762999999940e+00
4.280004004999999978e+01 6.105478423702097590e-01 1.847016540000000040e+00
4.280062663999999728e+01 6.100923139271230422e-01 1.846560559999999906e+00
4.267071934999999883e+01 6.489610832101287974e-01 1.858021479000000031e+00
4.245551102000000299e+01 6.689617169264617802e-01 1.874734724000000075e+00
4.221722567999999853e+01 6.210300418868099914e-01 1.886040622000000111e+00
4.207884319000000062e+01 3.571515051228784099e-01 1.882826690999999997e+00
4.223155612000000048e+01 5.452343495036725551e-01 1.889785596000000067e+00
4.246945656999999841e+01 5.812496594949565498e-01 1.863723967000000092e+00
4.267388514999999671e+01 5.444848793444603263e-01 1.828788416000000083e+00
4.303962571000000281e+01 5.797023181414161508e-01 1.796464574000000036e+00
4.294390059999999920e+01 6.255782849544713198e-01 1.818775631000000059e+00
4.271625951000000043e+01 6.693622209407612544e-01 1.861291464000000007e+00
4.245080690999999717e+01 6.647725796012490251e-01 1.898009534999999914e+00
4.220773038000000099e+01 6.198375641201584463e-01 1.920725054999999903e+00
4.206192057999999889e+01 4.086556586966280658e-01 1.909816270999999954e+00
4.223683333999999689e+01 6.436581918781310030e-01 1.895780726999999999e+00
4.244681674000000271e+01 6.379475376156716893e-01 1.876486638000000040e+00
4.257555431000000112e+01 6.023230452426646675e-01 1.862315541000000074e+00
4.257617290000000310e+01 6.018603724842115366e-01 1.861837573000000079e+00
4.244846499999999878e+01 6.370531112395740880e-01 1.875169520999999895e+00
4.223907839000000308e+01 6.428954081412890931e-01 1.893769521999999927e+00
4.206499998999999690e+01 4.076668231078605098e-01 1.907569343999999889e+00
4.221193424999999877e+01 6.193138234893317273e-01 1.919337674000000105e+00
4.245490817999999678e+01 6.635817229827487562e-01 1.896386722999999996e+00
4.271961639999999960e+01 6.678063315504205733e-01 1.859451331000000041e+00
4.294586790000000320e+01 6.241264162333594046e-01 1.817353200999999974e+00
4.334336453000000233e+01 5.709160510931751142e-01 1.771213316000000093e+00
4.323584926000000195e+01 6.315377979213480097e-01 1.797615938000000080e+00
4.298579866000000038e+01 6.856833023181790887e-01 1.846012669999999911e+00
4.270284103000000187e+01 6.860834207702500853e-01 1.886190865999999966e+00
4.244544742000000070e+01 6.699646238804060072e-01 1.912776511999999984e+00
4.222910809999999771e+01 6.428662315933586502e-01 1.931056985999999975e+00
4.208661710999999883e+01 4.383024857413282960e-01 1.921283319000000045e+00
4.226092517000000015e+01 6.063352059172120168e-01 1.894683574999999953e+00
4.238614797999999695e+01 5.721082324666018071e-01 1.879351573000000108e+00
4.238680568000000193e+01 5.716591323234301303e-01 1.878788659000000028e+00
4.226263718999999952e+01 6.056118443404692187e-01 1.893206814000000016e+00
4.208876200000000267e+01 4.374364972853861389e-01 1.919788274000000072e+00
4.223269111999999836e+01 6.430003480205023214e-01 1.929761234000000103e+00
4.244936349000000320e+01 6.695311091450587559e-01 1.911108717000000068e+00
4.270659481999999940e+01 6.852277220983974404e-01 1.883934398999999926e+00
4.298888300000000129e+01 6.844518645113490951e-01 1.843386259999999943e+00
4.323768377999999757e+01 6.302364718252566611e-01 1.795561364999999965e+00
4.361408639999999792e+01 4.902553671748430819e-01 1.745340459999999982e+00
4.349329604999999788e+01 5.827242323054832029e-01 1.776677752000000110e+00
4.322062185000000056e+01 6.562957631517876145e-01 1.830417833999999910e+00
4.292363704000000268e+01 6.594807077955250341e-01 1.871748498999999955e+00
4.266080932999999931e+01 6.503266730728117784e-01 1.896585313999999967e+00
4.243854129999999714e+01 6.383465249515196671e-01 1.913827441000000018e+00
4.225304500000000019e+01 6.065919893820945763e-01 1.931410080000000029e+00
4.212872975999999881e+01 4.610099440025965389e-01 1.922526406000000021e+00
4.224156058999999885e+01 5.208406854157655586e-01 1.896857771000000081e+00
4.224223779999999806e+01 5.204389496063915876e-01 1.896173491999999960e+00
4.212972505999999839e+01 4.613558203687158077e-01 1.921259424999999910e+00
4.225586160000000291e+01 6.071679301106862603e-01 1.929948736000000054e+00
4.244200945000000047e+01 6.384185967069311296e-01 1.912069862000000064e+00
4.266450472999999732e+01 6.499936108743015195e-01 1.894285855999999990e+00
4.292716657999999796e+01 6.587627246684096827e-01 1.868659859000000090e+00
4.322355867000000273e+01 6.551595206069062982e-01 1.826856642000000086e+00
4.349508656999999801e+01 5.813209715582486892e-01 1.773865060999999965e+00
4.378313035000000042e+01 3.617138345842100811e-01 1.726922268999999899e+00
4.365123635999999863e+01 5.104558170780753024e-01 1.763004081000000056e+00
4.336192010999999980e+01 6.103940966807415158e-01 1.820648221999999983e+00
4.305636200000000002e+01 6.167647443170717336e-01 1.862089759999999927e+00
4.279113790000000250e+01 6.114060705294189768e-01 1.885059572000000072e+00
4.256676337999999760e+01 6.031746833684742404e-01 1.900342092999999899e+00
4.237776480000000134e+01 5.730412962211008931e-01 1.916704517999999968e+00
4.223378722000000351e+01 5.218807020910922745e-01 1.933750295999999924e+00
4.216234526000000216e+01 4.701730151448791917e-01 1.914004413000000016e+00
4.216266780000000125e+01 4.719502113987876779e-01 1.912296602000000068e+00
4.223564203000000106e+01 5.224812474791860062e-01 1.932454569999999983e+00
4.238057907000000313e+01 5.734044865138921976e-01 1.914928211000000102e+00
4.257013572000000323e+01 6.031716273907833381e-01 1.898213868000000026e+00
4.279468834000000044e+01 6.110354326089696420e-01 1.882285900000000067e+00
4.305975810999999709e+01 6.160424990557888947e-01 1.858391359000000076e+00
4.336480046999999871e+01 6.092243872360688650e-01 1.816392859000000026e+00
4.365305201000000324e+01 5.087500210485454977e-01 1.759594549000000008e+00
4.331615587000000289e+01 4.540035615801870650e-01 1.681638251000000084e+00
4.321659574000000248e+01 5.162504511725218848e-01 1.713989428999999953e+00
4.299613243000000296e+01 5.500994453463986522e-01 1.761722892000000096e+00
4.275599830000000168e+01 5.046676806349075228e-01 1.794123447000000038e+00
4.259548563999999971e+01 1.852545236029080541e-02 1.800280705000000037e+00
4.281287082000000055e+01 5.519581189000661858e-01 1.795506314000000048e+00
4.312174221000000074e+01 5.543805553892229288e-01 1.766576944999999954e+00
4.340036136999999883e+01 4.750487294488721091e-01 1.736804030000000054e+00
4.357383786999999842e+01 3.481648110073584101e-01 1.716925122999999997e+00
4.357463333999999833e+01 3.473457492717631490e-01 1.717176373000000034e+00
4.340244055000000145e+01 4.740826786136559945e-01 1.737059295999999975e+00
4.312451303000000280e+01 5.539912120367613824e-01 1.765958734000000030e+00
4.281579514999999958e+01 5.521550848282761326e-01 1.792613435000000033e+00
4.259805724000000282e+01 1.865764510483091873e-02 1.788557739000000035e+00
4.275852479000000272e+01 5.049805281465690188e-01 1.785956026999999890e+00
4.299819752999999878e+01 5.498207750637497115e-01 1.754530353999999903e+00
4.321779916999999926e+01 5.156443701169817206e-01 1.708768748000000004e+00
4.321702010999999999e+01 5.162905219229623199e-01 1.711835049999999914e+00
4.312221541000000258e+01 5.630448063071715747e-01 1.739163682999999905e+00
4.290783236000000045e+01 5.900641165611786310e-01 1.781758573999999928e+00
4.267143113000000199e+01 5.446524251911361025e-01 1.811431900000000095e+00
4.251655027999999703e+01 2.250239743773943812e-01 1.815883533000000050e+00
4.271963997999999663e+01 5.941294840639567143e-01 1.814675556999999939e+00
4.301434170000000279e+01 6.159873981079400096e-01 1.789924250000000105e+00
4.327844561999999939e+01 5.713128246456575798e-01 1.764512507000000063e+00
4.344068989000000158e+01 5.017335256326097559e-01 1.748418827000000064e+00
4.344143595999999974e+01 5.012821237317914846e-01 1.748538394000000107e+00
4.328042339000000283e+01 5.706309709002115316e-01 1.764494832000000013e+00
4.301701728999999830e+01 6.156559838452839717e-01 1.788997546999999910e+00
4.272249384999999933e+01 5.942540819580655054e-01 1.811349451999999971e+00
4.251917835999999795e+01 2.248618354546348119e-01 1.803953399999999929e+00
4.267408314000000047e+01 5.448959580363254007e-01 1.802984796999999917e+00
4.290999863999999775e+01 5.897466133464485116e-01 1.774610596000000040e+00
4.312346569000000329e+01 5.624807622215856062e-01 1.734200512999999999e+00
4.299655237000000341e+01 5.504791260813114429e-01 1.757199256000000043e+00
4.290776840000000192e+01 5.905542331928399502e-01 1.779333607999999955e+00
4.269999563999999737e+01 6.213417551103861403e-01 1.817175404000000105e+00
4.246575321000000258e+01 5.820570958934471184e-01 1.845221196000000008e+00
4.231761076000000088e+01 3.491742726852323231e-01 1.849556873999999906e+00
4.249035219999999669e+01 6.345099914017149345e-01 1.854969413000000067e+00
4.275558362000000301e+01 6.747180464374898934e-01 1.837739864000000001e+00
4.299240799999999751e+01 6.535094551452804712e-01 1.818223295999999989e+00
4.313592521000000346e+01 6.125027714404679413e-01 1.805770365999999960e+00
4.313661125000000141e+01 6.121777699882087198e-01 1.805631344000000027e+00
4.299425457000000250e+01 6.529454961134996127e-01 1.817610442999999965e+00
4.275812952999999794e+01 6.743728280620435722e-01 1.836078144000000023e+00
4.249312029000000024e+01 6.344683680625681221e-01 1.850670266999999924e+00
4.232040968999999819e+01 3.486497160145071161e-01 1.837475034999999979e+00
4.246868292999999994e+01 5.817758078263284283e-01 1.836415152999999911e+00
4.270237383999999992e+01 6.205670639455334037e-01 1.810252130999999931e+00
4.290911902999999938e+01 5.897398513534178877e-01 1.774867613999999927e+00
4.275627518999999666e+01 5.053467081068583333e-01 1.785982143000000022e+00
4.267102659999999759e+01 5.460118373496390953e-01 1.805401217000000003e+00
4.246524004999999846e+01 5.832305726169445537e-01 1.841882025000000089e+00
4.222660495000000225e+01 5.467327077681133352e-01 1.872199339000000018e+00
4.207449451000000096e+01 3.581711955100779221e-01 1.882229415000000072e+00
4.221437833000000239e+01 6.222039927696479955e-01 1.894095786000000059e+00
4.245315509999999648e+01 6.697201443532331266e-01 1.882497222000000026e+00
4.266907355000000024e+01 6.497693644424635817e-01 1.865781820999999896e+00
4.280005434000000264e+01 6.105267745055382722e-01 1.854102906000000051e+00
4.280071287999999896e+01 6.101958968882998935e-01 1.853761078000000007e+00
4.267085477999999910e+01 6.491733796161249792e-01 1.864660946000000097e+00
4.245563380000000109e+01 6.693040131305358909e-01 1.880174843999999901e+00
4.221714415999999659e+01 6.218855707150935386e-01 1.889042327999999937e+00
4.207780673999999976e+01 3.568846279953343248e-01 1.870877278000000032e+00
4.223032475000000119e+01 5.450105943424720101e-01 1.863845505000000013e+00
4.246822829999999982e+01 5.809754005733682725e-01 1.835690204000000048e+00
4.267268677999999937e+01 5.441995212726569164e-01 1.801618356999999948e+00
4.259379500000000007e+01 6.896776736593483552e-03 1.803201083000000038e+00
4.251354330000000203e+01 2.258752048627369891e-01 1.819821568999999917e+00
4.231394897999999927e+01 3.493041353882537225e-01 1.855063807000000065e+00
4.207101344000000154e+01 3.566971416770058356e-01 1.889308868000000086e+00
4.188475847000000130e+01 2.450408389691629552e-01 1.907650870000000110e+00
4.195685370999999719e+01 5.618722235916318031e-01 1.923561446999999980e+00
4.217320790000000130e+01 6.378810233669574004e-01 1.916192091999999958e+00
4.237746081000000231e+01 6.201493511911524426e-01 1.899601614000000049e+00
4.250238859000000247e+01 5.806868901447808096e-01 1.887085853999999951e+00
4.250304442000000194e+01 5.803352676250792541e-01 1.886646043999999911e+00
4.237923068999999998e+01 6.195212868314158294e-01 1.898236953999999921e+00
4.217567214999999692e+01 6.374297667153636660e-01 1.913590101999999904e+00
4.195973762999999934e+01 5.609950573154673936e-01 1.918413052000000008e+00
4.188942654000000232e+01 2.446880428088966664e-01 1.900469543000000039e+00
4.207660228000000302e+01 3.562549009199246774e-01 1.885125820000000063e+00
4.231862734999999986e+01 3.471191740312030705e-01 1.852297440999999933e+00
4.251625398000000189e+01 2.223072048052361360e-01 1.818265660000000006e+00
4.280791733000000221e+01 5.518385342224148005e-01 1.817211032999999976e+00
4.271357765999999856e+01 5.945792034784156410e-01 1.837680908000000057e+00
4.248351059000000163e+01 6.346579359935154985e-01 1.879754842999999953e+00
4.220709082999999850e+01 6.214529276554559001e-01 1.920161014000000055e+00
4.194991865000000075e+01 5.580694894333215750e-01 1.948423290999999891e+00
4.179906964999999985e+01 3.625792887215786298e-01 1.946369087999999969e+00
4.194178279999999859e+01 5.925167546746989977e-01 1.940540308000000103e+00
4.213597833000000037e+01 5.911121587486631856e-01 1.923913608000000108e+00
4.225725649999999689e+01 5.538243475081601197e-01 1.910181942999999993e+00
4.225792490999999984e+01 5.534714527686659391e-01 1.909694151000000062e+00
4.213776501000000252e+01 5.905230471499864908e-01 1.922455479999999994e+00
4.194423262000000108e+01 5.921664418532397445e-01 1.937924680999999927e+00
4.180252976999999959e+01 3.619446057314030241e-01 1.943096764999999948e+00
4.195465559000000155e+01 5.570514329326179404e-01 1.947008368000000100e+00
4.221169073000000083e+01 6.194826690780883549e-01 1.918890790000000068e+00
4.248718145000000135e+01 6.324000168484733564e-01 1.878445743999999973e+00
4.271565687999999739e+01 5.927967708285023507e-01 1.836709783999999956e+00
4.311655946999999856e+01 5.546856534952333551e-01 1.786729749000000034e+00
4.300803375999999645e+01 6.168085101501459278e-01 1.812250973999999903e+00
4.274838693000000234e+01 6.754928703997266082e-01 1.863563641000000048e+00
4.244525919000000158e+01 6.702010025529880899e-01 1.911630748000000102e+00
4.216493300999999860e+01 6.378155985247886406e-01 1.947335727000000016e+00
4.193376718999999753e+01 5.907171515050485544e-01 1.971069154999999906e+00
4.180035519999999849e+01 4.097416585159552871e-01 1.963736114000000033e+00
4.194677220999999889e+01 5.550463874751918603e-01 1.943770189000000093e+00
4.206404307999999759e+01 5.217753230805439735e-01 1.929310577000000082e+00
4.206472404000000154e+01 5.214462821104883794e-01 1.928762950999999948e+00
4.194853662999999955e+01 5.546898089666850717e-01 1.942208952000000100e+00
4.180261534000000267e+01 4.095773280813301276e-01 1.961951054000000028e+00
4.193740032000000184e+01 5.911199728280993604e-01 1.970357485999999936e+00
4.216896969999999811e+01 6.375643479544489400e-01 1.946370023999999921e+00
4.244912721000000033e+01 6.694650056276634231e-01 1.910146487000000004e+00
4.275153492999999827e+01 6.743746611430133653e-01 1.861727898999999908e+00
4.300988152000000042e+01 6.156351135351300075e-01 1.810807073000000100e+00
4.339480451000000016e+01 4.750005151849652218e-01 1.755415289999999962e+00
4.327170405999999758e+01 5.720451334933757126e-01 1.785658363000000026e+00
4.298474857000000071e+01 6.543212054562249635e-01 1.843451463000000068e+00
4.266064648999999775e+01 6.503936249969334282e-01 1.895284697999999990e+00
4.236856944000000169e+01 6.204624847162734103e-01 1.932068668999999961e+00
4.212702454000000074e+01 5.912155024631350342e-01 1.957409305999999960e+00
4.193819580000000258e+01 5.546118291699971836e-01 1.976666751000000000e+00
4.182913923000000267e+01 4.340475118291839407e-01 1.967919605999999932e+00
4.192691454999999934e+01 4.829705549386299479e-01 1.945180992999999914e+00
4.192757908000000100e+01 4.827155726060358698e-01 1.944559096000000098e+00
4.183013601999999764e+01 4.342012599027461617e-01 1.966750924000000067e+00
4.194089406999999881e+01 5.555921898621877242e-01 1.976044440999999985e+00
4.213047015000000073e+01 5.917400477729147790e-01 1.956539712000000097e+00
4.237230971000000324e+01 6.205617201855293530e-01 1.930681075999999941e+00
4.266425936000000263e+01 6.500249770746302502e-01 1.893151355999999952e+00
4.298777422999999942e+01 6.534307462659139087e-01 1.840857387000000012e+00
4.327354850999999769e+01 5.707760401904905523e-01 1.783622900999999983e+00
4.356747048999999805e+01 3.482273949292242765e-01 1.735009631999999913e+00
4.343312232000000250e+01 5.027796740337755477e-01 1.769084082000000002e+00
4.312749809999999684e+01 6.135968638798452446e-01 1.830626228000000078e+00
4.279087874999999741e+01 6.114541598851976900e-01 1.883703230000000062e+00
4.249277318000000037e+01 5.813166228728037233e-01 1.920063990999999914e+00
4.224760095999999976e+01 5.543451051323664558e-01 1.944361414999999926e+00
4.205467668000000003e+01 5.223618052644797283e-01 1.963357272999999958e+00
4.191810100000000006e+01 4.836805687594447067e-01 1.978718527999999921e+00
4.185593372000000301e+01 4.475021227688310010e-01 1.960369197999999979e+00
4.185606920000000031e+01 4.490824930438725993e-01 1.958687099999999903e+00
4.191986117999999806e+01 4.845445548878253295e-01 1.978147042000000022e+00
4.205744542000000052e+01 5.231637461591549521e-01 1.962507897999999917e+00
4.225099972000000292e+01 5.548783832334228672e-01 1.943209635999999962e+00
4.249643238000000167e+01 5.814606424473788282e-01 1.918291417999999915e+00
4.279444878999999702e+01 6.111282601462288966e-01 1.881056768000000101e+00
4.313056688999999722e+01 6.126384950851535560e-01 1.827446418999999933e+00
4.343505606000000085e+01 5.011027615894265708e-01 1.766572534000000028e+00
4.363842246000000102e+01 4.981787479201496560e-01 1.653901918000000082e+00
4.352852165000000184e+01 5.640576891193210818e-01 1.690715887999999945e+00
4.329196807000000291e+01 5.967563009549520237e-01 1.742901274999999917e+00
4.303800887999999958e+01 5.793242929235115080e-01 1.779238622999999908e+00
4.280654358999999687e+01 5.512552660295307883e-01 1.804710089999999933e+00
4.261604108000000224e+01 1.363746892844615310e-01 1.822492918000000017e+00
4.291789840999999939e+01 5.367749619637340874e-01 1.785635230000000018e+00
4.318878320999999687e+01 4.679775099936791527e-01 1.756127981999999976e+00
4.335198099000000127e+01 3.690127657439880027e-01 1.738503963999999957e+00
4.335265887999999990e+01 3.685374446031922102e-01 1.739088584000000104e+00
4.319058560999999941e+01 4.674018611395455158e-01 1.757564147000000077e+00
4.292036221000000040e+01 5.366307534021876879e-01 1.787160164000000107e+00
4.261864106000000163e+01 1.368075473567617051e-01 1.811920951000000057e+00
4.280948423000000247e+01 5.514628719983390992e-01 1.799675397999999982e+00
4.304081733000000298e+01 5.791046899135244841e-01 1.773113718999999922e+00
4.329421540999999962e+01 5.960783848864686929e-01 1.736107056999999898e+00
4.352980965999999796e+01 5.631787835219707050e-01 1.685342166999999947e+00
4.352900833000000347e+01 5.638916564787037622e-01 1.688547459999999889e+00
4.342501465000000138e+01 6.131541844741166258e-01 1.718830668999999922e+00
4.319494611999999734e+01 6.409596070570494630e-01 1.765217293999999937e+00
4.294318986999999765e+01 6.246198958200421814e-01 1.799510300999999979e+00
4.271321084000000212e+01 5.931685119975751430e-01 1.823407153000000003e+00
4.253512889999999658e+01 2.425806574241107516e-01 1.837443311999999995e+00
4.281070780999999670e+01 6.009208416103650752e-01 1.807975620999999977e+00
4.306937079000000068e+01 5.610825632701639254e-01 1.780908125999999925e+00
4.322459718000000350e+01 5.002050995845873649e-01 1.764915196000000019e+00
4.322526347000000158e+01 4.998719359390220718e-01 1.765342879000000087e+00
4.307115800999999777e+01 5.605929626752906847e-01 1.781929276000000062e+00
4.281317341999999826e+01 6.007472604925332416e-01 1.808770500999999920e+00
4.253781787999999864e+01 2.420162953498281311e-01 1.826284083000000003e+00
4.271634490999999656e+01 5.933836394987233032e-01 1.817707139999999999e+00
4.294620479000000302e+01 6.244018050100000883e-01 1.793143492000000006e+00
4.319736318999999725e+01 6.403089199264057063e-01 1.758522941000000062e+00
4.342639450000000068e+01 6.123610575839539827e-01 1.713796440000000088e+00
4.329256311999999696e+01 5.969045682186733259e-01 1.738261615000000093e+00
4.319503203000000013e+01 6.413034252592505480e-01 1.762649192999999892e+00
4.297015541999999755e+01 6.769202748524383306e-01 1.804503503999999925e+00
4.271594071999999898e+01 6.687526695796720544e-01 1.838867129000000045e+00
4.248368111999999996e+01 6.332512700400011463e-01 1.862459330999999940e+00
4.232717518999999839e+01 3.726285343081725543e-01 1.871088896000000057e+00
4.254879670999999774e+01 6.596850222817792764e-01 1.856540846999999994e+00
4.278219322999999719e+01 6.453875451179195144e-01 1.833790008000000027e+00
4.292283298000000258e+01 6.070538768442903521e-01 1.819479424000000067e+00
4.292347627000000188e+01 6.067982975768285714e-01 1.819570909999999930e+00
4.278393175000000070e+01 6.449817338927927857e-01 1.833854172999999976e+00
4.255121523999999766e+01 6.595293699589460656e-01 1.855520768999999959e+00
4.232998062000000061e+01 3.722207141913992934e-01 1.859411112000000088e+00
4.248701089000000053e+01 6.332693680639347455e-01 1.855426428999999988e+00
4.271913365999999712e+01 6.683241343387443800e-01 1.832099299000000014e+00
4.297268523000000329e+01 6.761149250447985315e-01 1.798042080999999959e+00
4.319645040999999708e+01 6.404752352934108828e-01 1.758157406000000034e+00
4.303852686999999833e+01 5.796808165595969120e-01 1.770284581999999940e+00
4.294313558000000342e+01 6.252911439091650703e-01 1.792592202000000023e+00
4.271574162000000285e+01 6.691318434296636974e-01 1.834591228999999935e+00
4.245039410999999774e+01 6.647203794240322816e-01 1.872873718999999992e+00
4.220728138999999857e+01 6.203032961486704133e-01 1.899987274999999975e+00
4.206093900999999846e+01 4.085152347212944179e-01 1.908798444000000094e+00
4.223666086000000064e+01 6.438842505561654939e-01 1.905426349000000075e+00
4.244684027000000270e+01 6.378080185347672071e-01 1.886689029000000017e+00
4.257562982000000318e+01 6.022640584641006933e-01 1.873125530999999899e+00
4.257625815000000102e+01 6.020230288947436836e-01 1.872908725999999913e+00
4.244854059000000035e+01 6.374303944559632784e-01 1.885821328000000019e+00
4.223903466000000151e+01 6.437272944750316306e-01 1.902611480000000022e+00
4.206393238999999795e+01 4.080027793403916414e-01 1.897187817000000054e+00
4.221096304999999660e+01 6.199153857673868062e-01 1.892092204000000111e+00
4.245389348999999868e+01 6.638007128755408770e-01 1.866026082999999947e+00
4.271845771000000269e+01 6.679048280371138180e-01 1.828529234999999975e+00
4.294462174000000232e+01 6.242427095688877214e-01 1.788603487000000047e+00
4.280684454000000017e+01 5.516498189115844886e-01 1.791150352000000057e+00
4.271284413000000058e+01 5.942246806034043871e-01 1.811825221999999957e+00
4.248301210000000339e+01 6.344127516371570463e-01 1.853629962999999936e+00
4.220666187999999863e+01 6.213894481307600248e-01 1.895415963000000037e+00
4.194940579000000014e+01 5.583456334332060900e-01 1.927705014999999911e+00
4.179824868000000038e+01 3.622027446803719464e-01 1.942008871999999942e+00
4.194167920999999666e+01 5.928761984271712082e-01 1.945335540000000085e+00
4.213603656000000086e+01 5.910778809519728894e-01 1.928984980999999932e+00
4.225731677999999647e+01 5.537915224725127317e-01 1.915508085999999999e+00
4.225793783999999675e+01 5.535502288405026450e-01 1.915110432000000085e+00
4.213771194000000264e+01 5.907242871777836912e-01 1.927575046999999930e+00
4.194402149999999807e+01 5.927159994953556943e-01 1.941603522000000082e+00
4.180158724999999720e+01 3.613865532792256974e-01 1.931419111000000077e+00
4.195377762999999760e+01 5.569315142961857035e-01 1.920181377000000023e+00
4.221074508000000236e+01 6.191304707324377654e-01 1.889251645999999951e+00
4.248605088000000052e+01 6.320333661339158082e-01 1.848388793000000030e+00
4.271442138999999827e+01 5.926121201211390632e-01 1.808459381999999893e+00
4.261346278999999981e+01 4.055044764179909639e-02 1.821315200999999995e+00
4.253144192999999973e+01 2.349577940791399699e-01 1.836456403999999987e+00
4.232283956999999930e+01 3.719779844161087978e-01 1.871735335999999972e+00
4.205637207000000188e+01 4.078841230805281270e-01 1.912225636999999923e+00
4.179414309999999944e+01 3.601152122144422596e-01 1.948062222999999982e+00
4.161232503000000094e+01 2.193027367608683942e-01 1.968475173999999939e+00
4.169615315000000066e+01 5.230858760765018101e-01 1.975539426000000098e+00
4.187708314000000343e+01 5.400518277752096585e-01 1.960972641999999988e+00
4.199344836000000214e+01 5.020477757575027011e-01 1.947167287000000080e+00
4.199406751000000071e+01 5.018131087968499271e-01 1.946691020999999910e+00
4.187873645999999894e+01 5.397729853427486457e-01 1.959361636999999989e+00
4.169844425000000143e+01 5.229837239973869067e-01 1.971653682999999990e+00
4.161645041999999961e+01 2.201651704132632503e-01 1.961973466000000110e+00
4.179989994999999681e+01 3.609230896976835523e-01 1.944361036000000098e+00
4.206204125000000005e+01 4.069728988654557900e-01 1.909525469000000086e+00
4.232742412000000343e+01 3.696841843124605842e-01 1.869675036000000068e+00
4.253405904000000248e+01 2.315658135045900456e-01 1.835279722999999974e+00
4.291201704000000205e+01 5.372756934675690932e-01 1.804350917000000054e+00
4.280392232999999891e+01 6.016623998356366299e-01 1.828098449000000070e+00
4.254123458000000113e+01 6.603185759892360451e-01 1.878519722000000058e+00
4.222848156999999958e+01 6.439877508023639230e-01 1.929051797999999929e+00
4.193318871000000314e+01 5.920143906808327250e-01 1.970280285999999936e+00
4.168806247999999925e+01 5.195511928139783242e-01 2.000020123000000094e+00
4.155040155999999740e+01 3.289753411336943656e-01 2.000124396999999998e+00
4.167873370000000222e+01 4.885814330257633453e-01 1.985175120000000071e+00
4.179032578000000342e+01 4.537036454078199332e-01 1.971293568000000107e+00
4.179093796000000083e+01 4.534977075156990112e-01 1.970775257999999974e+00
4.168030451999999997e+01 4.885906597833187814e-01 1.983495438999999916e+00
4.155252001000000206e+01 3.290838810627388922e-01 1.997571970999999946e+00
4.169164288000000340e+01 5.195227688112568076e-01 1.999296562000000055e+00
4.193716632999999661e+01 5.911601342545799165e-01 1.969521218999999990e+00
4.223218052000000000e+01 6.427631298959431971e-01 1.927887281999999924e+00
4.254408171000000038e+01 6.591830845962785013e-01 1.877019913999999901e+00
4.280550238000000007e+01 6.009000121400722705e-01 1.826884554999999910e+00
4.318260996000000063e+01 4.681577491970864147e-01 1.775252366999999998e+00
4.306217948999999834e+01 5.617459380630183130e-01 1.801321591000000000e+00
4.277416061000000269e+01 6.460798531523477273e-01 1.856037469999999967e+00
4.243806645000000088e+01 6.383203853909563685e-01 1.911512958000000095e+00
4.212675430000000176e+01 5.912105294400660238e-01 1.956324318999999923e+00
4.186765194000000179e+01 5.397899605179913296e-01 1.989750110999999988e+00
4.166964818999999665e+01 4.873568237369379497e-01 2.013745165000000004e+00
4.156215860999999734e+01 3.624866463055905763e-01 2.008780871999999995e+00
4.165146718999999820e+01 4.107941388993234244e-01 1.988779233999999896e+00
4.165203874000000184e+01 4.106785855536884133e-01 1.988224200999999969e+00
4.156294219000000112e+01 3.629349660921656895e-01 2.007521587999999912e+00
4.167203363000000138e+01 4.886114227084003003e-01 2.013582042999999988e+00
4.187078043999999721e+01 5.405865258688866692e-01 1.989409874999999994e+00
4.213018356999999980e+01 5.915834530691116422e-01 1.955460780999999981e+00
4.244138207999999679e+01 6.382517908723832623e-01 1.909869910999999920e+00
4.277692480000000330e+01 6.455567836123525804e-01 1.853859216000000032e+00
4.306384981000000067e+01 5.608644771718123145e-01 1.799590894999999913e+00
4.334514017000000052e+01 3.692402178266369073e-01 1.758176686999999960e+00
4.321664350000000354e+01 5.011771581018868993e-01 1.785646230000000001e+00
4.291402834000000155e+01 6.080060734073338136e-01 1.841659429999999986e+00
4.256608297999999735e+01 6.030278583328141373e-01 1.898015114999999975e+00
4.224726661999999777e+01 5.541947810873164570e-01 1.943265787999999938e+00
4.198323854000000210e+01 5.021981623406304163e-01 1.976629728999999891e+00
4.178027722000000210e+01 4.538163127566220423e-01 2.001276167999999966e+00
4.164186816000000135e+01 4.109827849285632162e-01 2.018624690000000221e+00
4.158183533999999781e+01 3.771947731495695622e-01 2.003086242000000183e+00
4.158182187999999968e+01 3.789780545570539672e-01 2.001557091000000010e+00
4.164340157000000175e+01 4.121011828773863406e-01 2.018515117999999831e+00
4.178276128000000256e+01 4.549808307864061097e-01 2.001035579999999925e+00
4.198634550999999959e+01 5.031523947576855837e-01 1.976108871999999961e+00
4.225067207000000025e+01 5.547615961323547618e-01 1.942097060999999902e+00
4.256946036000000078e+01 6.030952642085088966e-01 1.895920161000000048e+00
4.291696275000000327e+01 6.073917623992834969e-01 1.838945335000000014e+00
4.321848629000000130e+01 4.998443260489289219e-01 1.783492858000000014e+00
4.397098831000000274e+01 4.801829883060917958e-01 1.626063961000000058e+00
4.384855687999999674e+01 5.619439332365075979e-01 1.668348731999999890e+00
4.359738234000000290e+01 5.912672041655848698e-01 1.722706623000000103e+00
4.334168808999999811e+01 5.709229990828981194e-01 1.755378550000000093e+00
4.311518293000000313e+01 5.544255265041858616e-01 1.775215825000000081e+00
4.291140604999999653e+01 5.367249485416384358e-01 1.793244607000000101e+00
4.276389901000000293e+01 1.152637276375286512e-01 1.797514800999999940e+00
4.297040989999999994e+01 4.409043900250740333e-01 1.786985760000000090e+00
4.311586825999999917e+01 3.686365547196797654e-01 1.773624539000000055e+00
4.311637936000000337e+01 3.684269160263426990e-01 1.774430783999999983e+00
4.297176508999999811e+01 4.407684945784658970e-01 1.789895604999999890e+00
4.276574740000000219e+01 1.141751936223419778e-01 1.808509268999999975e+00
4.291388563000000289e+01 5.365789506913197782e-01 1.793266065000000076e+00
4.311797116000000329e+01 5.540336360844306807e-01 1.772447287999999954e+00
4.334436663999999695e+01 5.701988599019846005e-01 1.750487337000000032e+00
4.359950264999999803e+01 5.901828730091338571e-01 1.716504362000000006e+00
4.384975153999999975e+01 5.607929439601921917e-01 1.663121190000000027e+00
4.384897955999999652e+01 5.615747974127244246e-01 1.666445632999999926e+00
4.373438165000000311e+01 6.200120851161723401e-01 1.699745531999999892e+00
4.349020764000000128e+01 6.466660628157085977e-01 1.747536095999999928e+00
4.323498519999999701e+01 6.309012646337162078e-01 1.779027925000000065e+00
4.300750929000000156e+01 6.159877732399837713e-01 1.798322645999999914e+00
4.280403178000000253e+01 6.009417620993056097e-01 1.815397420999999900e+00
4.264742592999999715e+01 3.504627721379208749e-01 1.820820676000000082e+00
4.285973519000000209e+01 5.272316771052800721e-01 1.807661154999999908e+00
4.300197979000000004e+01 4.709438723562002771e-01 1.793787950000000020e+00
4.300250216999999964e+01 4.707441097027166288e-01 1.794430474000000109e+00
4.286113543999999820e+01 5.270010502078357195e-01 1.809958479999999925e+00
4.264939999999999998e+01 3.498666712246110144e-01 1.831811470999999969e+00
4.280677163000000007e+01 6.008482176225501403e-01 1.814420616999999902e+00
4.301061296999999684e+01 6.156632707907349067e-01 1.794996808999999915e+00
4.323799068000000290e+01 6.302509041545848456e-01 1.773910837999999934e+00
4.349260859000000323e+01 6.456623549474488355e-01 1.741479191000000037e+00
4.373574511999999714e+01 6.189725603679772092e-01 1.694942437999999996e+00
4.359798217000000164e+01 5.910647788067043829e-01 1.718319723000000021e+00
4.349037092999999743e+01 6.468223892375583040e-01 1.744911072000000063e+00
4.324885496999999646e+01 6.883802244661129111e-01 1.789102616999999951e+00
4.298538323999999733e+01 6.852822550955469660e-01 1.823206568000000027e+00
4.274832733000000218e+01 6.749742950695784005e-01 1.845413760000000014e+00
4.254171415999999795e+01 6.598510558986255825e-01 1.863221728999999938e+00
4.236731125000000020e+01 4.942730258984462943e-01 1.883187455000000066e+00
4.258834269999999833e+01 6.104225349469944994e-01 1.855044144999999922e+00
4.272288566999999659e+01 5.687693797504296267e-01 1.840078413999999940e+00
4.272340797999999751e+01 5.686009136323670887e-01 1.840324843999999960e+00
4.258975330999999898e+01 6.102039286389229211e-01 1.855758534000000015e+00
4.236926720000000302e+01 4.913291880887176166e-01 1.876054313000000029e+00
4.254464878000000283e+01 6.597720575625047879e-01 1.859917011000000064e+00
4.275161570000000211e+01 6.746639496224683397e-01 1.840951545000000023e+00
4.298853258999999838e+01 6.846428910226541875e-01 1.817695242999999961e+00
4.325133575000000263e+01 6.874062311590416474e-01 1.783302141000000063e+00
4.349175251999999858e+01 6.458660775396700693e-01 1.740701647999999935e+00
4.334228437000000156e+01 5.710320203672675232e-01 1.746673719999999985e+00
4.323511330000000186e+01 6.313917995493950608e-01 1.771889607000000089e+00
4.298531427999999721e+01 6.855897153627912299e-01 1.818422501999999996e+00
4.270249688999999904e+01 6.860706616220895171e-01 1.859511045999999945e+00
4.244523937999999674e+01 6.700851293078359250e-01 1.889062980999999919e+00
4.222899621999999908e+01 6.434923326838604130e-01 1.910696460000000041e+00
4.208574761999999936e+01 4.384120213058912974e-01 1.924450889999999914e+00
4.226112343999999865e+01 6.063215399353022450e-01 1.906735456999999911e+00
4.238632152999999647e+01 5.720046310480177976e-01 1.891683865999999936e+00
4.238683360999999650e+01 5.718601295519394334e-01 1.891511122999999905e+00
4.226250433999999956e+01 6.061704050687126699e-01 1.905715312000000106e+00
4.208785849000000212e+01 4.379510377772922736e-01 1.913076398999999927e+00
4.223213323000000230e+01 6.433929748977526009e-01 1.905266979999999943e+00
4.244871428999999807e+01 6.696580448563345112e-01 1.883685690000000079e+00
4.270576796999999658e+01 6.852547239584136918e-01 1.853787864999999924e+00
4.298783345999999739e+01 6.844528116777178761e-01 1.812906193999999971e+00
4.323648321999999666e+01 6.303665969396451407e-01 1.768110370000000042e+00
4.311549913000000345e+01 5.547203536899326659e-01 1.762807508000000078e+00
4.300733747999999679e+01 6.166843148406820907e-01 1.787121500000000029e+00
4.274792481000000066e+01 6.754995520812485665e-01 1.835851523000000096e+00
4.244488633000000277e+01 6.703326414472631223e-01 1.883592815999999948e+00
4.216461989999999815e+01 6.380958090100813385e-01 1.921379481000000000e+00
4.193343618000000106e+01 5.915096710895423326e-01 1.948916413999999930e+00
4.179950106999999804e+01 4.098101434579161650e-01 1.962594136000000100e+00
4.194693941999999964e+01 5.552144158459718648e-01 1.952101373000000084e+00
4.206420064000000281e+01 5.217162000378747777e-01 1.937667260000000002e+00
4.206469815999999895e+01 5.215860587798061276e-01 1.937223732000000087e+00
4.194827002000000249e+01 5.551362666849082306e-01 1.950019511000000039e+00
4.180164212999999762e+01 4.094835279036047604e-01 1.951679034999999951e+00
4.193679492999999781e+01 5.913353542722695755e-01 1.942691200000000062e+00
4.216830174999999770e+01 6.374140662012245384e-01 1.915883154999999949e+00
4.244826575999999818e+01 6.691904983502721116e-01 1.878195304999999982e+00
4.275043222000000043e+01 6.741266918947681486e-01 1.830905860999999968e+00
4.300864880999999684e+01 6.156121376134904288e-01 1.783838135999999963e+00
4.291107896999999838e+01 5.372422785714208171e-01 1.779863449000000042e+00
4.280326131999999717e+01 6.016507883985432459e-01 1.802598380999999916e+00
4.254072187999999954e+01 6.604804919430932175e-01 1.850790729999999940e+00
4.222799322000000188e+01 6.442082445703189997e-01 1.901151422999999951e+00
4.193271173000000118e+01 5.922687327534884583e-01 1.944222805000000109e+00
4.168754235000000108e+01 5.201017703231122224e-01 1.977513480000000046e+00
4.154963396000000131e+01 3.287844103900925963e-01 1.995359107999999937e+00
4.167881874999999781e+01 4.888109238899366882e-01 1.989073043999999957e+00
4.179042254000000156e+01 4.536865456613197733e-01 1.975074694999999991e+00
4.179090551000000175e+01 4.535725758295420240e-01 1.974522941000000031e+00
4.168008769000000058e+01 4.888522007162554028e-01 1.986649241000000066e+00
4.155181963999999795e+01 3.284439274346517834e-01 1.985717337000000082e+00
4.169124728999999974e+01 5.194284162572136987e-01 1.971668390999999909e+00
4.193672647000000353e+01 5.907353370661344583e-01 1.939306163999999999e+00
4.223153813999999784e+01 6.421937375018704763e-01 1.896492288999999998e+00
4.254316412000000014e+01 6.586873505831776221e-01 1.846577777999999892e+00
4.280443033000000241e+01 6.007100473151490982e-01 1.799812071000000069e+00
4.275937480000000335e+01 1.101120442755593731e-01 1.808657484000000037e+00
4.264263081000000000e+01 3.478131947742165164e-01 1.832887069000000091e+00
4.236074899999999843e+01 3.919555277808715599e-01 1.883347322000000101e+00
4.208035280000000000e+01 4.363640207353186029e-01 1.923665264000000041e+00
4.179420867999999700e+01 4.083327488361753743e-01 1.965249229000000097e+00
4.154495694999999955e+01 3.260148070476328597e-01 2.001026643999999965e+00
4.138524507000000341e+01 1.695417764789404202e-01 2.021380124999999861e+00
4.147261740999999802e+01 4.178936458291079847e-01 2.017436516000000069e+00
4.157905394000000143e+01 3.847481682656546664e-01 2.003943591000000080e+00
4.157951547999999775e+01 3.846718595185428802e-01 2.003369812999999944e+00
4.147375777999999968e+01 4.182905908699315334e-01 2.015021019999999830e+00
4.138759530000000098e+01 1.709583747023491196e-01 2.015590882000000139e+00
4.154934166000000317e+01 3.276485210019513539e-01 1.998079903999999907e+00
4.179918104000000056e+01 4.085145882792890482e-01 1.963008099999999923e+00
4.208510994000000238e+01 4.353682252081731985e-01 1.921683122999999993e+00
4.236453420000000136e+01 3.878494801283258187e-01 1.881102830999999975e+00
4.264290379999999914e+01 3.476043751724942066e-01 1.830310258999999995e+00
4.296354233999999650e+01 4.413566075524179566e-01 1.809347754000000030e+00
4.285212104000000011e+01 5.277743121628586387e-01 1.830061538000000043e+00
4.258002683000000133e+01 6.109611251289964740e-01 1.876628689999999988e+00
4.225216534999999851e+01 6.066317408673543854e-01 1.928420114999999990e+00
4.193751655999999883e+01 5.550241501389348020e-01 1.974868432000000062e+00
4.166922214000000224e+01 4.879629012339349869e-01 2.013005949000000072e+00
4.146333848999999816e+01 4.154204813485865011e-01 2.041477174999999811e+00
4.135286184999999648e+01 2.635875257275622774e-01 2.041764897999999828e+00
4.143614130999999645e+01 3.257161922390279796e-01 2.024055805999999791e+00
4.143654655999999648e+01 3.257577721130981430e-01 2.023482754999999855e+00
4.135325354999999803e+01 2.642311334034492809e-01 2.039963703000000184e+00
4.146527369999999735e+01 4.165235072453402076e-01 2.041295171999999880e+00
4.167181623999999829e+01 4.884770892563563560e-01 2.012748198000000155e+00
4.194033665999999982e+01 5.551691978243006309e-01 1.974154720000000030e+00
4.225481208000000066e+01 6.065873164294820485e-01 1.926956032000000096e+00
4.258214478000000014e+01 6.108979686819305810e-01 1.874526420000000027e+00
4.285336123999999813e+01 5.275961700767293205e-01 1.828301157999999926e+00
4.310852809000000008e+01 3.691136452551008751e-01 1.795748241000000078e+00
4.299372294999999866e+01 4.717841850913858104e-01 1.815897018000000029e+00
4.271386958000000078e+01 5.695046553856542015e-01 1.861437438000000055e+00
4.237663906000000225e+01 5.725649871824289860e-01 1.913736220999999960e+00
4.205401704999999879e+01 5.219556764217722078e-01 1.961473513999999918e+00
4.177999884999999836e+01 4.536062932910419065e-01 2.000434346000000030e+00
4.156866360000000071e+01 3.844940232524748369e-01 2.030160609999999810e+00
4.142605827999999946e+01 3.253829803570303936e-01 2.050491875000000075e+00
4.136530113999999969e+01 2.823987242974786427e-01 2.038245442000000018e+00
4.136510227000000128e+01 2.848504745763150159e-01 2.036767065999999904e+00
4.142723503999999934e+01 3.267242407638056290e-01 2.050555007999999901e+00
4.157063078000000189e+01 3.858558272443465276e-01 2.030150510999999991e+00
4.178249363999999844e+01 4.547563519160657819e-01 2.000151746999999869e+00
4.205678304999999995e+01 5.227647874015972640e-01 1.960550108000000069e+00
4.237941134999999804e+01 5.729761621606357380e-01 1.911878723999999918e+00
4.271629812999999842e+01 5.693706999400889313e-01 1.858889591000000063e+00
4.299524818999999809e+01 4.710505961504566352e-01 1.813828291000000092e+00
4.426196683999999948e+01 3.685941320223384832e-01 1.602304750000000055e+00
4.412616285000000005e+01 4.945354909597354243e-01 1.650348477000000091e+00
4.386379309000000148e+01 5.223091894804943180e-01 1.704331191999999939e+00
4.361273755999999935e+01 4.907362911169489417e-01 1.730577955000000001e+00
4.339382149000000055e+01 4.750715762919682228e-01 1.744423186999999986e+00
4.318248572000000252e+01 4.678180885848717274e-01 1.762945852999999952e+00
4.296463626999999974e+01 4.401785298681962222e-01 1.793558720999999911e+00
4.279436368999999729e+01 3.672190827503081512e-02 1.817398524999999987e+00
4.290064930999999859e+01 2.968014043255650658e-01 1.814842338999999916e+00
4.290097267000000159e+01 2.967338141787230210e-01 1.815992862999999957e+00
4.279519146999999890e+01 3.736255187431881952e-02 1.827682261999999946e+00
4.296598697999999672e+01 4.400458252740566123e-01 1.795413364000000067e+00
4.318429592999999755e+01 4.672439668391495382e-01 1.763122558999999923e+00
4.339591404000000097e+01 4.741008615886985744e-01 1.742995693999999984e+00
4.361478129999999709e+01 4.894959378525652882e-01 1.727297445000000042e+00
4.386539753999999647e+01 5.209126171960377638e-01 1.699668602999999889e+00
4.412704619000000150e+01 4.932293412309087244e-01 1.646168942999999940e+00
4.412634579000000201e+01 4.941186451806748869e-01 1.649307062000000101e+00
4.400082005000000152e+01 5.742776055651586109e-01 1.685311020999999965e+00
4.374549806000000274e+01 6.022039349557798404e-01 1.732420005999999901e+00
4.349261797999999857e+01 5.823829008753725889e-01 1.758625470999999996e+00
4.327145754000000011e+01 5.714290929924616957e-01 1.772055310000000050e+00
4.306273250999999647e+01 5.610834897232042096e-01 1.787634764999999959e+00
4.285365742999999839e+01 5.271056565973627484e-01 1.814114439999999995e+00
4.269017733999999820e+01 2.979788024732770157e-01 1.834522972000000030e+00
4.280339235000000286e+01 3.900642780003912291e-01 1.829422399000000032e+00
4.280373449999999735e+01 3.899595134936007512e-01 1.830348392000000102e+00
4.269113147000000197e+01 2.976918998464774813e-01 1.845049909000000099e+00
4.285528158000000332e+01 5.269150775227956496e-01 1.815218825000000091e+00
4.306493182999999902e+01 5.605536263952954901e-01 1.787178187999999945e+00
4.327402450999999672e+01 5.705909443775698531e-01 1.770112550999999979e+00
4.349515962000000258e+01 5.812887314472087175e-01 1.755091801999999923e+00
4.374754410999999976e+01 6.008996006708960946e-01 1.727862325999999893e+00
4.400198821000000038e+01 5.730454673752926054e-01 1.681525600000000065e+00
4.386413859999999687e+01 5.217508069283545158e-01 1.700884931999999905e+00
4.374562973999999826e+01 6.020969063735943649e-01 1.729900999000000050e+00
4.348864781000000335e+01 6.560055477985405892e-01 1.775545668999999993e+00
4.322037945999999664e+01 6.559984877324798180e-01 1.807420511999999979e+00
4.298492403000000195e+01 6.539372912952610140e-01 1.825362021999999973e+00
4.277499904999999814e+01 6.458867310951682539e-01 1.840049782999999994e+00
4.258155993999999822e+01 6.111605345717988635e-01 1.860905516999999953e+00
4.242933629000000195e+01 4.831025060974609708e-01 1.877148435999999920e+00
4.255595555000000019e+01 4.958312655815514391e-01 1.865660096999999906e+00
4.255630270999999709e+01 4.957477532015959198e-01 1.865989450000000049e+00
4.243038489999999996e+01 4.814677235742904626e-01 1.886686309999999978e+00
4.258340684000000209e+01 6.109806030648884390e-01 1.860141021000000006e+00
4.277744134999999659e+01 6.455113349530958722e-01 1.838284956000000081e+00
4.298771035000000040e+01 6.533637456998089288e-01 1.822505534999999899e+00
4.322308909000000199e+01 6.551745496059514506e-01 1.803516149000000013e+00
4.349079565000000258e+01 6.549153651023327249e-01 1.771193323000000097e+00
4.374683061999999723e+01 6.010441556326006074e-01 1.726637731000000064e+00
4.361314263999999952e+01 4.904931062088378479e-01 1.722937528999999968e+00
4.349277604000000252e+01 5.826003733090044934e-01 1.751480852000000032e+00
4.322037671999999731e+01 6.562567118101301222e-01 1.802007546000000016e+00
4.292354660000000166e+01 6.595041323332478944e-01 1.844102904999999959e+00
4.266089026000000217e+01 6.503983898282743592e-01 1.872124020000000000e+00
4.243880788999999965e+01 6.385413330854710079e-01 1.891940474999999955e+00
4.225339637999999809e+01 6.070847246546724474e-01 1.911247303999999980e+00
4.212824535000000026e+01 4.624247489460293625e-01 1.930092593999999995e+00
4.224184643000000250e+01 5.207211218322048696e-01 1.910704642000000009e+00
4.224217563999999925e+01 5.206798578406954814e-01 1.910349618999999999e+00
4.212907947000000064e+01 4.618952802981758921e-01 1.919345649000000043e+00
4.225539816999999942e+01 6.070037680740465458e-01 1.908516703999999953e+00
4.244141213000000334e+01 6.382568272158480882e-01 1.888987968999999989e+00
4.266379298999999747e+01 6.498910378219718842e-01 1.868541140999999906e+00
4.292630387999999897e+01 6.586708461511451285e-01 1.839961135000000025e+00
4.322250863000000010e+01 6.551125324498410230e-01 1.797835730000000076e+00
4.349393736999999760e+01 5.815175461125421386e-01 1.748540779000000045e+00
4.339388990999999862e+01 4.751550881991323805e-01 1.734417761000000002e+00
4.327126180999999860e+01 5.719388379155008195e-01 1.761820284999999986e+00
4.298457696999999911e+01 6.543999683342445195e-01 1.815201113000000088e+00
4.266058197000000263e+01 6.505901343863329522e-01 1.865956619000000094e+00
4.236860648999999768e+01 6.207221150710067192e-01 1.904735547999999890e+00
4.212717066999999815e+01 5.916126269358729095e-01 1.932777514000000085e+00
4.193833997000000124e+01 5.553417962743878444e-01 1.954801336000000056e+00
4.182862517000000224e+01 4.344848699918685830e-01 1.970309964999999996e+00
4.192717761000000110e+01 4.829252167865967782e-01 1.955492907000000002e+00
4.192747753999999816e+01 4.829150890569780530e-01 1.954687528000000007e+00
4.182938273999999979e+01 4.342343765359381047e-01 1.959491362999999930e+00
4.194041288999999750e+01 5.554007750200071758e-01 1.951016306000000089e+00
4.212985772999999767e+01 5.913919270075178591e-01 1.929321186999999993e+00
4.237154838000000012e+01 6.201925557198927352e-01 1.901003914999999989e+00
4.266330967999999757e+01 6.496496207485666918e-01 1.861997973999999889e+00
4.298662320999999764e+01 6.531628793155149770e-01 1.811436518999999912e+00
4.327234133999999699e+01 5.708523774299032461e-01 1.759263068000000096e+00
4.318180532000000227e+01 4.682068564713444125e-01 1.753361994999999895e+00
4.306178838000000297e+01 5.617489986797123969e-01 1.777182559999999967e+00
4.277397515999999911e+01 6.463456701280518857e-01 1.827990282000000022e+00
4.243792330000000135e+01 6.387179939015467101e-01 1.881871207999999962e+00
4.212665140000000008e+01 5.916402302348908737e-01 1.927697532000000047e+00
4.186760976000000056e+01 5.403139078361509640e-01 1.963243979000000028e+00
4.166958084000000184e+01 4.881670700174712829e-01 1.990053657999999892e+00
4.156163037000000315e+01 3.628496581368684804e-01 2.007050329000000133e+00
4.165166650999999831e+01 4.108066618829840366e-01 1.995085742999999967e+00
4.165193647000000254e+01 4.108293951683142931e-01 1.994126373999999924e+00
4.156228085000000050e+01 3.626673558034745892e-01 1.997146957000000000e+00
4.167165920000000057e+01 4.883012759124900626e-01 1.986136260000000098e+00
4.187030722000000083e+01 5.400487120162192900e-01 1.959870377999999969e+00
4.212956370999999933e+01 5.909775370496447300e-01 1.924229294999999951e+00
4.244056138999999916e+01 6.376219102507570957e-01 1.878327923000000066e+00
4.277589007000000265e+01 6.450575268738908408e-01 1.824702704999999980e+00
4.306276302999999928e+01 5.607451706029529248e-01 1.774993623999999937e+00
4.296289242999999658e+01 4.412571353591537293e-01 1.784343943999999960e+00
4.285170148000000268e+01 5.279736117671394169e-01 1.803653936999999985e+00
4.257967716999999652e+01 6.114764372463705744e-01 1.847800241999999926e+00
4.225178830000000119e+01 6.072026122586609009e-01 1.898838226999999934e+00
4.193715233000000353e+01 5.555271165289661361e-01 1.946281335999999973e+00
4.166891719000000194e+01 4.884798074101907583e-01 1.986127345000000100e+00
4.146304829000000325e+01 4.161362350644872699e-01 2.017070051999999780e+00
4.135235193999999836e+01 2.638433534471318342e-01 2.036713144000000142e+00
4.143624434000000178e+01 3.257559180929606724e-01 2.026794055999999955e+00
4.143647907999999802e+01 3.258441393840221800e-01 2.025853398000000194e+00
4.135286323999999780e+01 2.636897442559967830e-01 2.028159167000000096e+00
4.146513619000000261e+01 4.161205358005777288e-01 2.013463258999999894e+00
4.167163535000000252e+01 4.878547604311283536e-01 1.983075834999999953e+00
4.194004741999999908e+01 5.544393581299019713e-01 1.943173357000000046e+00
4.225433867999999649e+01 6.057706370735975732e-01 1.895633901000000066e+00
4.258144465000000167e+01 6.101573735163705603e-01 1.844743558000000005e+00
4.285255819000000344e+01 5.271826738395719580e-01 1.801569457999999901e+00
4.278861985000000345e+01 2.424235325358021706e-02 1.828931969000000102e+00
4.268423153999999897e+01 2.957331633391931391e-01 1.846126514999999912e+00
4.242245665000000088e+01 4.619074704298772316e-01 1.887922147999999911e+00
4.212197201000000035e+01 4.539944268864964383e-01 1.926844728999999923e+00
4.182260553999999786e+01 4.312240915922609386e-01 1.970120603000000026e+00
4.155585166000000186e+01 3.595872720681779766e-01 2.010221175999999943e+00
4.134711835000000235e+01 2.591094198316047370e-01 2.042642777000000187e+00
4.122542424000000238e+01 1.080401112478030917e-01 2.059793039000000103e+00
4.129040840999999773e+01 2.452834518607206471e-01 2.048905634000000031e+00
4.129057461000000018e+01 2.455647992073105856e-01 2.048029214000000042e+00
4.122566252000000020e+01 1.087478059286757642e-01 2.054541996000000204e+00
4.134933635000000152e+01 2.607466949069146556e-01 2.040573273000000132e+00
4.155887282999999854e+01 3.602807727038444541e-01 2.008616721000000105e+00
4.182593030999999684e+01 4.311572825348312099e-01 1.968570166999999982e+00
4.212512540000000172e+01 4.531180077367150671e-01 1.925178507999999900e+00
4.242283203000000213e+01 4.615885826256125868e-01 1.883735439000000067e+00
4.268453333000000072e+01 2.954159475591643935e-01 1.843455064000000032e+00
4.289274975000000012e+01 2.974276078071649843e-01 1.834805607999999921e+00
4.279489996000000218e+01 3.906213554569551438e-01 1.849402619999999997e+00
4.254691689999999937e+01 4.962583034407251903e-01 1.884977745000000038e+00
4.223228388999999794e+01 5.210727085194563069e-01 1.930323910999999892e+00
4.191716218999999910e+01 4.830706849193875385e-01 1.976283655000000028e+00
4.164135959000000042e+01 4.106505789958688202e-01 2.017194799999999955e+00
4.142584605999999781e+01 3.253000578105258445e-01 2.049900887000000171e+00
4.128015051999999940e+01 2.444214844174607271e-01 2.072479105000000210e+00
4.121824199999999649e+01 1.805588005914025573e-01 2.063119336000000192e+00
4.121779758000000271e+01 1.845261943653018211e-01 2.061408537000000152e+00
4.128085298999999964e+01 2.457729663638075213e-01 2.072531940999999822e+00
4.142709448000000094e+01 3.264687863842069548e-01 2.049906913000000053e+00
4.164296197000000177e+01 4.115949603228159503e-01 2.016990779999999983e+00
4.191894057999999745e+01 4.837836207712150061e-01 1.975594140000000110e+00
4.223405921999999890e+01 5.215975616334413978e-01 1.928906143999999934e+00
4.254846767000000085e+01 4.965524472083166496e-01 1.882961292000000064e+00
4.279587375999999921e+01 3.905548551846846350e-01 1.847711969999999981e+00
4.443958400999999725e+01 1.428688906203537667e-01 1.588045339000000000e+00
4.429421328000000102e+01 3.906860319335512255e-01 1.639524718999999964e+00
4.402702960999999959e+01 4.167292114742166542e-01 1.691159834000000028e+00
4.378260165999999742e+01 3.620620499721233232e-01 1.712058700000000044e+00
4.356737107000000009e+01 3.479168247174979078e-01 1.723512485000000094e+00
4.334588569000000291e+01 3.683898968403319096e-01 1.744624817000000050e+00
4.311026224999999812e+01 3.680354447312376709e-01 1.780003559999999929e+00
4.289543693000000246e+01 2.963428420671302410e-01 1.821762507999999947e+00
4.276941609000000000e+01 7.297788883649834746e-02 1.842147822000000046e+00
4.276959031999999894e+01 7.228460489953322798e-02 1.851153569999999915e+00
4.289575527000000221e+01 2.962764136191824438e-01 1.822587114000000064e+00
4.311076992999999646e+01 3.678319237517232443e-01 1.780324277999999927e+00
4.334656523999999678e+01 3.679182413027062837e-01 1.744683361000000099e+00
4.356817173000000309e+01 3.470939352056591765e-01 1.723114097999999927e+00
4.378339868999999851e+01 3.610760530276512226e-01 1.710923248000000063e+00
4.402765372000000355e+01 4.158253978926551020e-01 1.689380281000000039e+00
4.429454922000000039e+01 3.899122634614803906e-01 1.637847159999999969e+00
4.429401535000000223e+01 3.907763973361395582e-01 1.640100362000000089e+00
4.416063868999999897e+01 5.058265257014280536e-01 1.677456220999999914e+00
4.389965534000000247e+01 5.366693442394538938e-01 1.722746662999999900e+00
4.365117269000000277e+01 5.100745268983970515e-01 1.744645549999999989e+00
4.343360177999999650e+01 5.019676189832614766e-01 1.755052988999999952e+00
4.321798559999999867e+01 5.002039947884975302e-01 1.771003762000000092e+00
4.299594050999999695e+01 4.710069617283839105e-01 1.799983354999999952e+00
4.279780051000000185e+01 3.903582835607303236e-01 1.836016804000000002e+00
4.268342454999999802e+01 2.620348871928052104e-01 1.853245019000000049e+00
4.268364505000000264e+01 2.613058845049270884e-01 1.861377566000000039e+00
4.279830381000000017e+01 3.902319366366419628e-01 1.836595012000000082e+00
4.299678162000000015e+01 4.707134675537527069e-01 1.800076868999999968e+00
4.321916759999999869e+01 4.996396779167900926e-01 1.770758032000000037e+00
4.343505111000000340e+01 5.010991810011176106e-01 1.754309614999999933e+00
4.365267605999999745e+01 5.090147425675708437e-01 1.743249913000000095e+00
4.390091843999999810e+01 5.355577074802362336e-01 1.720881176000000012e+00
4.416140133999999762e+01 5.047805902763281560e-01 1.675858032999999914e+00
4.402685962000000330e+01 4.162808715304917584e-01 1.689449490000000109e+00
4.389962217000000066e+01 5.363535797116473214e-01 1.720536684999999899e+00
4.363208422000000297e+01 6.071670026866127223e-01 1.767013042000000089e+00
4.336217394999999897e+01 6.099614635508437965e-01 1.796966118000000057e+00
4.312827571999999776e+01 6.130781694701838980e-01 1.812167389999999934e+00
4.291554383999999800e+01 6.076980469016082242e-01 1.825174893000000020e+00
4.271605233999999740e+01 5.696450138262239005e-01 1.845580323000000078e+00
4.254949907999999681e+01 4.969795269508918700e-01 1.871246890999999968e+00
4.245852947000000199e+01 4.202171626277435568e-01 1.885021040999999897e+00
4.245870552000000231e+01 4.199984250287289722e-01 1.887301643999999889e+00
4.255016352999999896e+01 4.968818496540075014e-01 1.871166966999999959e+00
4.271714725999999729e+01 5.694329923887541112e-01 1.845187174999999957e+00
4.291703399000000019e+01 6.073645713869275653e-01 1.824446978000000108e+00
4.313003831000000332e+01 6.126207011433616456e-01 1.811013659999999970e+00
4.336395341000000059e+01 6.093497889176984206e-01 1.795370469000000080e+00
4.363355087000000054e+01 6.063729454368245175e-01 1.765207812999999959e+00
4.390048311999999697e+01 5.355030429324091346e-01 1.719155087000000082e+00
4.378246002000000203e+01 3.619095511178525570e-01 1.706132376000000006e+00
4.365112572000000313e+01 5.100315311181536915e-01 1.737649924999999929e+00
4.336213726999999807e+01 6.101323696165352750e-01 1.790971714000000103e+00
4.305676051999999743e+01 6.165939810611442695e-01 1.833244878999999994e+00
4.279169325000000157e+01 6.113055681836028210e-01 1.859840307000000026e+00
4.256743333000000007e+01 6.031924003592725736e-01 1.877894758000000053e+00
4.237842479999999767e+01 5.731937712599857182e-01 1.895873608999999904e+00
4.223425676000000095e+01 5.221220819666966273e-01 1.914607501000000100e+00
4.216248711000000071e+01 4.716057586238501242e-01 1.926928138000000068e+00
4.216250337000000314e+01 4.721901615138359154e-01 1.923004037999999971e+00
4.223501803999999993e+01 5.221316026757818474e-01 1.913764806999999957e+00
4.237966876000000127e+01 5.731225607375944886e-01 1.894988469000000064e+00
4.256907403999999673e+01 6.030458361377070142e-01 1.876761469999999932e+00
4.279356648000000263e+01 6.110457216494308286e-01 1.858394684000000074e+00
4.305859256000000101e+01 6.161144175816742896e-01 1.831539124999999935e+00
4.336360206999999889e+01 6.093843653619024359e-01 1.789235628999999994e+00
4.365195672000000116e+01 5.091848612073699432e-01 1.736404907999999914e+00
4.356682255999999853e+01 3.483556903198741783e-01 1.716040851999999894e+00
4.343312688999999693e+01 5.023192445283849450e-01 1.745598187999999995e+00
4.312785817999999693e+01 6.134177296644914845e-01 1.801379029000000020e+00
4.279138878999999918e+01 6.114399362450776421e-01 1.853077410999999897e+00
4.249338105999999726e+01 5.813950390862528961e-01 1.891710306000000008e+00
4.224826402000000058e+01 5.545463754992996375e-01 1.918892612000000053e+00
4.205528792999999865e+01 5.226742973155201755e-01 1.940127801000000041e+00
4.191850374999999929e+01 4.840331898689763102e-01 1.957359521999999963e+00
4.185597585000000009e+01 4.486382233282874554e-01 1.969417455000000095e+00
4.185587072999999947e+01 4.493030329636191755e-01 1.963629915999999920e+00
4.191928224000000114e+01 4.841708215313578201e-01 1.956027801000000066e+00
4.205656525999999928e+01 5.227572717917643441e-01 1.938975021999999937e+00
4.224991777999999698e+01 5.545504891803441083e-01 1.917594188000000033e+00
4.249522250999999784e+01 5.812282440817827522e-01 1.890209650000000074e+00
4.279313901999999814e+01 6.109718772566630207e-01 1.851447081999999966e+00
4.312920981999999981e+01 6.126621886998174782e-01 1.799819671999999926e+00
4.343386175999999921e+01 5.015214066496616052e-01 1.744530110999999994e+00
4.334455127999999746e+01 3.692743466800326169e-01 1.737834662999999891e+00
4.321670896999999911e+01 5.008071228166052213e-01 1.761791000000000107e+00
4.291443422999999768e+01 6.079783328093008032e-01 1.812865074999999937e+00
4.256659630000000050e+01 6.032060251206705637e-01 1.867233184999999906e+00
4.224782290999999645e+01 5.544593709317883201e-01 1.913547287000000097e+00
4.198380554999999958e+01 5.025584986409545873e-01 1.949094356000000028e+00
4.178077559999999835e+01 4.542537247388244714e-01 1.975841168000000092e+00
4.164217474000000152e+01 4.114190097259661227e-01 1.995058905999999910e+00
4.158182367999999940e+01 3.782811105623013481e-01 2.008505673000000158e+00
4.158162805999999989e+01 3.791196910458055069e-01 2.002710266999999877e+00
4.164290282000000332e+01 4.116604965405639693e-01 1.993597701999999972e+00
4.178198320999999993e+01 4.544364939791019631e-01 1.974658462999999919e+00
4.198535377000000324e+01 5.026275857456214968e-01 1.947831569000000096e+00
4.224951810999999680e+01 5.542980218882207488e-01 1.912150220000000012e+00
4.256817035000000260e+01 6.027138475216159419e-01 1.865769688000000093e+00
4.291560951000000301e+01 6.072401814785967078e-01 1.811506499999999908e+00
4.321731918999999777e+01 5.001216013347581368e-01 1.760890821999999911e+00
4.310801276000000115e+01 3.690871903542672916e-01 1.771222459000000082e+00
4.299374807000000231e+01 4.716559651737943781e-01 1.789262316999999936e+00
4.271416021999999657e+01 5.697074625325764252e-01 1.832035206000000027e+00
4.237698953000000301e+01 5.729354631368425155e-01 1.883169934000000101e+00
4.205437821999999670e+01 5.223687323106768199e-01 1.931535787999999920e+00
4.178035891999999762e+01 4.540763081858227856e-01 1.971987342999999893e+00
4.156897465000000125e+01 3.850211630176915145e-01 2.003361040999999787e+00
4.142623309999999748e+01 3.259015198559217508e-01 2.025321856000000142e+00
4.136523649000000091e+01 2.835863914229027061e-01 2.040541752999999847e+00
4.136496103000000346e+01 2.848356896627980417e-01 2.035365872999999937e+00
4.142686585999999949e+01 3.261996742452860643e-01 2.023939617999999996e+00
4.157004211000000282e+01 3.852066225781197173e-01 2.002264670000000191e+00
4.178172177999999803e+01 4.541048489210287586e-01 1.970832581000000028e+00
4.205585489999999993e+01 5.221459331971751716e-01 1.930265341999999995e+00
4.237833961999999843e+01 5.724071086210119619e-01 1.881831964999999940e+00
4.271514613000000082e+01 5.689925647820228694e-01 1.830777250999999994e+00
4.299424488999999738e+01 4.710550443471163140e-01 1.788423555000000054e+00
4.289230557999999860e+01 2.973810837956840647e-01 1.805613340999999927e+00
4.279475395000000049e+01 3.908292502051681772e-01 1.819417158000000034e+00
4.254689920999999941e+01 4.966951866745453747e-01 1.854335837000000042e+00
4.223228128000000225e+01 5.215470222773951336e-01 1.899757955999999970e+00
4.191716951000000080e+01 4.835067014122709228e-01 1.946494109000000083e+00
4.164139136000000008e+01 4.110929674633859165e-01 1.988555618999999997e+00
4.142588600999999926e+01 3.257875298195133107e-01 2.022547164000000119e+00
4.128014796000000075e+01 2.449445392300189372e-01 2.046503401999999916e+00
4.121812831999999815e+01 1.819624129235520860e-01 2.063003795999999834e+00
4.121775003999999853e+01 1.841842659644212232e-01 2.058486041000000100e+00
4.128066436999999667e+01 2.452235265394515085e-01 2.045248921999999858e+00
4.142678237999999880e+01 3.258447057264902691e-01 2.021558047000000080e+00
4.164253595000000274e+01 4.109679904529701111e-01 1.987510579999999916e+00
4.191840223999999893e+01 4.831530623387486623e-01 1.945325216000000079e+00
4.223340041000000156e+01 5.209487396579273177e-01 1.898482215000000028e+00
4.254771343000000172e+01 4.959707258101847538e-01 1.853076232999999906e+00
4.279516515000000254e+01 3.902316202621518015e-01 1.818540578999999990e+00
4.276216624999999993e+01 1.924018279873952048e-02 1.844340431000000002e+00
4.267579011000000122e+01 2.484737690699962420e-01 1.856545941000000033e+00
4.244930526000000270e+01 4.207118918660405216e-01 1.898144461000000005e+00
4.215432902999999953e+01 4.614279359477114206e-01 1.927007930000000036e+00
4.184823704000000077e+01 4.409291185032024885e-01 1.970343656999999915e+00
4.157422315000000168e+01 3.700476954070694435e-01 2.011650200000000055e+00
4.135773279000000002e+01 2.726606230260463781e-01 2.045893497999999866e+00
4.121081061000000290e+01 1.644592935102817677e-01 2.070050922000000071e+00
4.114534797000000310e+01 7.571286874780225329e-02 2.076794368999999918e+00
4.114438538000000278e+01 8.323650122003760365e-02 2.072072388000000043e+00
4.121120871000000108e+01 1.652348532303191675e-01 2.068851956000000047e+00
4.135854820000000132e+01 2.730799166537686284e-01 2.044769561999999929e+00
4.157528849999999920e+01 3.702159239876309238e-01 2.010366546000000199e+00
4.184939908999999858e+01 4.408242329094327339e-01 1.968822818000000030e+00
4.215542322999999669e+01 4.609300760563626032e-01 1.924991660999999965e+00
4.244977326000000062e+01 4.068184743166842199e-01 1.892276856999999923e+00
4.267592984000000200e+01 2.482818537829575012e-01 1.855160812999999909e+00
