4.378193392000000017e+01 0.000000000000000000e+00 2.219417078999999848e+00
4.388661379999999923e+01 2.862960356127902672e-01 2.173024158000000039e+00
4.412676393999999647e+01 4.061577252771158553e-01 2.108040817000000011e+00
4.441086387000000002e+01 4.301702777433787372e-01 2.057288671999999874e+00
4.469442216000000201e+01 4.179475075429253117e-01 2.027933774000000078e+00
4.516944258000000190e+01 7.836279454637000708e-01 1.974605496999999987e+00
4.573057399999999717e+01 8.800261761053632670e-01 1.864828702000000060e+00
4.620755118000000294e+01 2.743289847725695063e-01 1.571030383000000086e+00
4.586273210000000233e+01 3.200496464816270370e-01 1.635017251999999921e+00
4.388652645999999891e+01 2.874873317001477302e-01 2.207597935999999983e+00
4.399162864000000184e+01 4.126289176453516450e-01 2.164890805000000196e+00
4.424153971999999868e+01 5.379758926080757675e-01 2.100725905000000004e+00
4.455564234999999940e+01 6.301157688559111403e-01 2.046999823000000163e+00
4.491591292999999752e+01 7.404804455778370986e-01 1.998555144000000006e+00
4.534683643000000330e+01 8.371817911794796618e-01 1.934515900999999927e+00
4.585810486999999824e+01 8.831960419294120346e-01 1.840123922000000078e+00
4.621031449000000180e+01 5.537018547799305024e-01 1.566502599999999967e+00
4.583755896000000263e+01 3.378213437385118034e-01 1.634700395000000084e+00
4.412734712000000314e+01 4.069612692002091414e-01 2.138094195999999947e+00
4.424147917999999891e+01 5.380213212617771523e-01 2.101149635000000071e+00
4.451978525999999903e+01 6.896323475953470838e-01 2.042741107999999972e+00
4.487755735999999729e+01 7.946560863816322096e-01 1.986392606999999977e+00
4.527935992999999826e+01 8.696542823473637496e-01 1.929219382000000094e+00
4.571321214000000310e+01 9.062980941192373407e-01 1.864724285999999953e+00
4.616935952000000043e+01 8.617354372806532714e-01 1.777279213999999996e+00
4.617726322000000039e+01 7.497244444993818036e-01 1.585766212000000008e+00
4.581621076999999786e+01 2.942960367105949548e-01 1.740352187000000050e+00
4.441181782000000311e+01 4.305811339276291450e-01 2.084666595999999927e+00
4.455579166999999785e+01 6.319279752526406613e-01 2.046874921000000125e+00
4.487795000999999928e+01 7.951725802242002317e-01 1.984932171999999939e+00
4.527709744999999941e+01 8.861523725690231279e-01 1.922021017999999914e+00
4.570767115000000302e+01 9.258442727889050206e-01 1.859532868999999922e+00
4.614218936999999698e+01 9.100864298534760977e-01 1.793871599999999900e+00
4.652280224999999803e+01 5.115624712271256147e-01 1.659722536000000082e+00
4.618282357999999732e+01 5.459440193174385225e-01 1.641473173000000063e+00
4.602565340999999677e+01 3.377741634048344599e-01 1.773874272000000030e+00
4.469583460999999858e+01 5.351121040421905617e-01 2.033464640000000045e+00
4.491799929999999819e+01 7.434439067777575127e-01 1.989234973000000073e+00
4.528071673000000175e+01 8.702523413491959348e-01 1.923016985999999928e+00
4.570834702999999877e+01 9.259721868975082648e-01 1.856056971999999972e+00
4.615019997000000274e+01 9.201080305694526729e-01 1.791854115000000025e+00
4.656580048000000005e+01 8.195007445027834292e-01 1.721141030999999932e+00
4.660865182999999945e+01 5.162461012685594097e-01 1.585856826999999969e+00
4.634232335000000091e+01 3.884800986421902969e-01 1.682283372999999971e+00
4.625731178000000199e+01 3.609098110520049252e-01 1.731920480000000095e+00
4.517882510999999823e+01 7.831118134516310558e-01 1.929139319999999991e+00
4.535209712999999709e+01 8.376132634515540687e-01 1.909333971999999990e+00
4.571600681000000321e+01 9.063907953445233812e-01 1.850471227000000107e+00
4.614376366999999846e+01 9.101106653624242426e-01 1.784843755999999892e+00
4.656657701999999688e+01 8.197172013743803110e-01 1.716479888999999925e+00
4.679062938999999943e+01 2.329979705111011323e-01 1.576056525999999902e+00
4.664555759000000279e+01 2.017336009586136736e-01 1.633872962999999956e+00
4.655451681000000264e+01 3.239490088085416053e-01 1.666780696000000006e+00
4.650608445999999674e+01 3.809070669739728632e-01 1.675410239999999940e+00
4.573935044000000261e+01 8.786054667469982427e-01 1.821857762999999908e+00
4.586502078000000182e+01 8.820798137233335501e-01 1.805657102999999930e+00
4.617350293999999877e+01 8.604010343930145188e-01 1.754718994999999948e+00
4.652519233999999670e+01 5.103858542177179825e-01 1.647314723999999897e+00
4.661072965000000323e+01 5.164068369940343350e-01 1.578752884000000023e+00
4.664673259999999999e+01 1.998863627453516811e-01 1.631240259999999997e+00
4.670588441999999674e+01 9.783160182045538833e-02 1.639842892000000107e+00
4.673721882000000249e+01 2.335610854178363782e-01 1.624466600000000094e+00
4.675523901999999765e+01 3.538598141055642188e-01 1.611209536999999914e+00
4.621011763999999999e+01 2.841302552803846582e-01 1.553851741999999980e+00
4.621262921000000290e+01 5.540430660978278299e-01 1.548434811999999994e+00
4.617978001000000177e+01 7.495553771173650848e-01 1.566420496000000107e+00
4.618492710000000301e+01 5.467332981256578517e-01 1.632135329000000024e+00
4.634430769000000083e+01 3.882857428897937280e-01 1.678795220999999893e+00
4.655643921000000063e+01 3.232538581953516288e-01 1.663374901000000072e+00
4.673849385999999839e+01 2.322425093411742691e-01 1.621345628000000039e+00
4.686907632999999862e+01 2.386714446681103552e-01 1.574989270999999968e+00
4.696608103999999884e+01 2.855651488930206483e-01 1.547679680999999974e+00
4.586546827000000093e+01 3.200347064156232046e-01 1.602904254999999889e+00
4.584029344999999722e+01 3.377059313318906963e-01 1.604427604999999923e+00
4.581828912999999659e+01 2.939840055654136530e-01 1.733515169999999994e+00
4.602789526000000109e+01 3.382523148369300792e-01 1.776681932000000019e+00
4.625978340000000344e+01 3.608849273826629789e-01 1.731455516000000028e+00
4.650851106999999729e+01 3.806438566100794341e-01 1.671528695999999981e+00
4.675750565999999964e+01 3.535671997856026372e-01 1.604684774000000091e+00
4.696791801999999905e+01 2.858181443991385517e-01 1.540586151000000070e+00
4.710080175000000224e+01 1.832099728166393660e-01 1.499435835999999966e+00
4.388656346999999869e+01 2.875154210288142775e-01 2.146118403000000008e+00
4.399183633999999898e+01 4.125817244112339188e-01 2.108769709000000159e+00
4.424161932999999891e+01 5.376749335113363282e-01 2.053926271999999997e+00
4.455542581000000268e+01 6.297006717710336154e-01 2.012130501000000127e+00
4.491535595999999941e+01 7.406553939008674314e-01 1.975101535999999935e+00
4.534635427999999990e+01 8.376987091825828236e-01 1.918358577000000009e+00
4.585795609000000184e+01 8.836781840091546547e-01 1.828960971000000102e+00
4.621048205999999681e+01 5.547765248450244879e-01 1.566500766000000100e+00
4.583758882000000057e+01 3.378095467105379224e-01 1.633687048000000086e+00
4.583744005999999871e+01 3.375737427590494999e-01 1.633685247000000063e+00
4.621010048000000126e+01 5.543249857723245855e-01 1.565321320000000016e+00
4.585861469000000312e+01 8.829560980772522827e-01 1.850289094000000079e+00
4.534769152999999875e+01 8.368993225732527241e-01 1.946687147000000007e+00
4.491694266999999741e+01 7.404710325605127208e-01 2.003154660999999948e+00
4.455642319999999756e+01 6.307296292753331590e-01 2.031372531000000148e+00
4.424199112000000156e+01 5.385447211096713316e-01 2.064880726999999805e+00
4.399185990000000146e+01 4.129260438735369299e-01 2.113585111999999988e+00
4.398487135999999964e+01 4.181138782308336244e-01 2.168631867000000213e+00
4.404109326999999752e+01 4.282891489660281548e-01 2.156519337999999841e+00
4.429429460000000063e+01 5.720874757876842631e-01 2.096283871999999882e+00
4.462933503000000002e+01 6.807991568644577995e-01 2.039146049000000183e+00
4.501760833000000162e+01 7.771785434427312955e-01 1.977900183000000034e+00
4.545872897000000279e+01 8.440814277501945684e-01 1.905166791000000082e+00
4.595111829999999742e+01 8.514739531813251272e-01 1.812411081000000035e+00
4.620170532000000208e+01 6.556929933723897319e-01 1.570530771999999908e+00
4.581697422999999958e+01 3.477603316181549498e-01 1.631826441000000072e+00
4.581671176999999773e+01 3.471888289570096986e-01 1.631636856999999940e+00
4.620109621000000288e+01 6.557054064457980003e-01 1.568748143000000095e+00
4.595173327999999913e+01 8.509139100862571636e-01 1.831349679999999980e+00
4.545963002999999958e+01 8.434907748205684452e-01 1.929027185000000033e+00
4.501862789999999848e+01 7.766408364250390051e-01 2.002985167999999927e+00
4.463023033999999711e+01 6.807770450705609155e-01 2.061747422999999912e+00
4.429490684999999672e+01 5.727573835484198739e-01 2.114618257000000057e+00
4.404111360999999647e+01 4.356778775438671092e-01 2.178770581000000206e+00
4.423762155000000007e+01 5.444517750278756729e-01 2.106960587000000107e+00
4.429398903999999959e+01 5.741766098732522527e-01 2.107094234999999927e+00
4.456494640999999746e+01 7.118166184625828175e-01 2.048732627999999778e+00
4.492767427999999796e+01 8.121981906438875409e-01 1.987091429999999992e+00
4.533582069999999931e+01 8.698508691696842376e-01 1.921918229000000089e+00
4.576808173999999951e+01 8.722424349684210210e-01 1.850313681000000043e+00
4.620106504000000314e+01 7.579302690173184143e-01 1.759129764000000096e+00
4.616924897999999899e+01 7.315511905961737948e-01 1.588890566999999976e+00
4.581280679000000333e+01 2.937726731583951700e-01 1.741793574999999983e+00
4.581232466000000159e+01 2.927489979794853925e-01 1.739130829000000045e+00
4.616820653999999990e+01 7.313410974467278169e-01 1.584872786999999894e+00
4.620148556000000184e+01 7.571378203679318686e-01 1.771677069000000104e+00
4.576868091000000049e+01 8.718302497499124115e-01 1.866325328000000061e+00
4.533650464000000113e+01 8.694214060936271693e-01 1.937706339000000000e+00
4.492838698999999991e+01 8.118997052172223228e-01 2.001468688000000107e+00
4.456565313000000117e+01 7.118087463223556899e-01 2.062441155000000137e+00
4.429544847999999746e+01 5.737595249415141652e-01 2.132144613999999994e+00
4.455508267999999816e+01 6.372947915602037439e-01 2.051932975999999798e+00
4.463066862000000157e+01 6.846436469977295047e-01 2.043792604000000068e+00
4.492835690999999798e+01 8.127500109953099683e-01 1.985189740000000036e+00
4.532160354999999896e+01 8.876019569269504306e-01 1.918262740000000077e+00
4.574424437999999782e+01 9.000389781628143071e-01 1.851121548000000061e+00
4.615780300000000125e+01 8.330831389101510664e-01 1.781908172000000068e+00
4.648730176000000114e+01 4.385214317295186848e-01 1.672013361999999947e+00
4.619983857999999799e+01 5.543307463300901627e-01 1.647029575999999995e+00
4.601467312999999848e+01 3.422344677377860966e-01 1.775914704000000066e+00
4.601416920999999860e+01 3.416879477054940439e-01 1.773442962000000067e+00
4.619820946000000106e+01 5.531927238000620140e-01 1.640428160999999996e+00
4.648707279999999997e+01 4.345884582827971854e-01 1.670423970999999952e+00
4.615827790000000164e+01 8.327572696003134878e-01 1.792260366999999910e+00
4.574477061000000333e+01 8.997328230493797374e-01 1.862710252999999927e+00
4.532214092000000250e+01 8.872735714438061416e-01 1.930171576000000000e+00
4.492895653000000067e+01 8.123356280636911952e-01 1.999022947999999911e+00
4.463175008999999704e+01 6.834780242334519418e-01 2.066311380000000142e+00
4.491939242000000121e+01 7.450821102642850580e-01 1.991677700999999967e+00
4.502123601000000264e+01 7.796478430552726824e-01 1.973167832999999982e+00
4.533763033000000320e+01 8.702694610911161366e-01 1.915961698999999907e+00
4.574503092999999865e+01 9.000886011886861660e-01 1.848028073999999910e+00
4.616159215999999788e+01 8.501855341210475814e-01 1.781891584999999889e+00
4.652933124999999848e+01 6.960354337261763780e-01 1.716455293000000104e+00
4.662920214999999757e+01 3.912242150459627199e-01 1.621512158000000037e+00
4.636887413000000180e+01 4.255192824490175441e-01 1.690488814999999923e+00
4.624182815000000346e+01 3.709070937145276248e-01 1.744645033999999928e+00
4.624114521999999994e+01 3.702960634203103507e-01 1.743304149999999941e+00
4.636691153000000298e+01 4.240247763052237828e-01 1.686017483999999955e+00
4.662689553999999958e+01 3.928525841747530500e-01 1.609295831000000065e+00
4.652960822000000007e+01 6.952561636265494061e-01 1.719228704999999913e+00
4.616198363000000171e+01 8.499934133807803827e-01 1.789815005999999986e+00
4.574538400000000138e+01 8.998170546221724297e-01 1.857994342000000021e+00
4.533799636999999905e+01 8.698048624735286172e-01 1.928829354999999968e+00
4.502179160000000024e+01 7.787791499720825295e-01 1.990587721000000032e+00
4.535341863000000018e+01 8.379412479523604684e-01 1.910333639999999944e+00
4.546440883999999727e+01 8.446834590488541128e-01 1.889996459000000018e+00
4.577125175999999840e+01 8.721557964963752019e-01 1.838365760000000071e+00
4.615946923999999996e+01 8.327987028194121510e-01 1.774456258000000064e+00
4.652999847000000244e+01 6.955927742854189910e-01 1.712605095000000022e+00
4.677708229000000273e+01 3.222852707941294970e-01 1.654294219000000066e+00
4.670149911000000031e+01 2.280331540184753203e-01 1.658913376999999967e+00
4.656741250999999693e+01 3.316919254524881011e-01 1.690016326000000069e+00
4.647564636999999976e+01 3.949353876011476028e-01 1.704853466000000095e+00
4.647484894000000111e+01 3.944423584554935247e-01 1.706032398999999922e+00
4.656520611999999915e+01 3.307253008368126190e-01 1.692414467000000089e+00
4.669855798999999763e+01 2.277788590582500161e-01 1.658033622000000040e+00
4.677592446999999964e+01 3.159769602430327895e-01 1.642513480000000081e+00
4.653023302999999800e+01 6.952428131363201924e-01 1.713353244000000108e+00
4.615966362999999717e+01 8.326951262148007959e-01 1.780675298000000017e+00
4.577137854000000061e+01 8.718521715958300611e-01 1.848204414000000018e+00
4.546456143000000338e+01 8.442389403451580066e-01 1.901160232000000061e+00
4.586569664999999674e+01 8.821769294034184083e-01 1.806315023000000020e+00
4.595781207999999651e+01 8.503596381319959985e-01 1.789156415000000111e+00
4.620525915999999711e+01 7.558272002235829623e-01 1.741603041999999935e+00
4.648911576999999795e+01 4.344502735433891094e-01 1.660536779000000074e+00
4.662995827000000304e+01 3.908377629292529853e-01 1.611194132999999917e+00
4.670198831999999811e+01 2.271133752317877619e-01 1.652605851999999986e+00
4.673162865999999838e+01 9.455364933100190994e-02 1.666277487999999973e+00
4.671204620000000318e+01 2.907926040261256118e-01 1.662384295999999928e+00
4.669560804000000331e+01 4.453100279145564278e-01 1.662802933000000039e+00
4.669483042000000239e+01 4.449529684536814855e-01 1.667953734999999993e+00
4.671005380999999801e+01 2.904627411497514577e-01 1.674720718999999969e+00
4.672910515000000231e+01 9.501643994853302411e-02 1.679441614999999999e+00
4.670005062999999979e+01 2.256319378185155100e-01 1.657633764999999926e+00
4.662925703999999882e+01 3.909523802934526393e-01 1.604177375999999988e+00
4.648925049999999715e+01 4.342000960551449795e-01 1.653709203000000016e+00
4.620530532000000079e+01 7.560353677368322201e-01 1.744225748000000076e+00
4.595780692999999673e+01 8.503176561220937568e-01 1.793877458000000091e+00
4.621260591000000062e+01 5.560297993980255482e-01 1.547913306000000100e+00
4.620367258999999649e+01 6.546966126866712310e-01 1.552735455000000098e+00
4.617114877000000206e+01 7.312001888797763360e-01 1.569859839000000035e+00
4.620110813000000149e+01 5.543622745253203865e-01 1.633850988000000060e+00
4.636982537000000093e+01 4.250088899591875080e-01 1.680429538999999917e+00
4.656805311000000103e+01 3.320518116888848681e-01 1.679851039999999962e+00
4.671218592999999686e+01 2.929591135152233572e-01 1.655538952999999980e+00
4.680819321999999971e+01 4.013799405208154369e-01 1.628263988000000051e+00
4.688911516000000290e+01 5.253705392118946937e-01 1.624831866000000069e+00
4.688845641999999714e+01 5.249238368990798431e-01 1.634978119999999979e+00
4.680664088999999706e+01 4.011497984475964618e-01 1.647186763000000109e+00
4.671028283999999786e+01 2.932041356150152378e-01 1.675506995999999971e+00
4.656664417999999728e+01 3.311210429284807133e-01 1.693777977999999962e+00
4.636909100999999822e+01 4.245023520392607885e-01 1.686197691999999915e+00
4.620086749000000026e+01 5.549281409788632269e-01 1.633109847999999920e+00
4.617126698999999945e+01 7.316920338245713751e-01 1.564975326999999972e+00
4.620379548999999741e+01 6.553697294156308750e-01 1.547655148000000036e+00
4.584000212000000118e+01 3.378306329419962228e-01 1.603618924000000057e+00
4.581937562000000241e+01 3.475913005467798356e-01 1.603926608000000087e+00
4.581435442000000080e+01 2.942372828620113956e-01 1.737254770999999920e+00
4.601635397999999810e+01 3.423926900065258905e-01 1.775762547000000025e+00
4.624321514999999749e+01 3.709255425339443302e-01 1.737354966999999917e+00
4.647641428000000019e+01 3.960986742575854924e-01 1.692498134999999904e+00
4.669564732999999990e+01 4.483663256306277267e-01 1.648745890000000047e+00
4.688872159000000295e+01 5.278497822432456354e-01 1.613921429999999990e+00
4.704928001999999765e+01 6.183904380147949853e-01 1.606799819999999990e+00
4.704861623000000037e+01 6.170376708605433969e-01 1.626408834000000025e+00
4.688736207000000178e+01 5.270581189786411880e-01 1.639180523999999917e+00
4.669420714999999689e+01 4.484993424400132711e-01 1.671539415000000028e+00
4.647535263999999700e+01 3.961007457446771296e-01 1.709650479000000001e+00
4.624244579999999871e+01 3.710689560237311335e-01 1.748156610999999971e+00
4.601550258999999699e+01 3.431300072276310953e-01 1.778777470999999943e+00
4.581346073000000274e+01 2.955106028662931594e-01 1.732087613000000026e+00
4.581939590000000351e+01 3.475033537065543854e-01 1.602762178999999954e+00
4.412741180999999813e+01 4.069937477241848400e-01 2.083759861999999963e+00
4.424157235999999926e+01 5.376015213508833490e-01 2.052613432999999876e+00
4.451971360999999661e+01 6.891966840460793664e-01 2.004293307000000190e+00
4.487731088000000312e+01 7.943768749506117111e-01 1.956871487999999992e+00
4.527900386999999682e+01 8.696339975977309678e-01 1.906651628999999959e+00
4.571289268999999678e+01 9.065114982579026703e-01 1.846873935000000078e+00
4.616930422000000078e+01 8.624668951621634605e-01 1.763377640000000079e+00
4.617731739999999974e+01 7.501206878496107233e-01 1.583236322000000085e+00
4.581652517999999930e+01 2.942393702291244417e-01 1.726529275000000085e+00
4.581591707999999841e+01 2.940781532929475084e-01 1.730522530000000003e+00
4.617685254999999955e+01 7.497626536047522494e-01 1.581981319000000052e+00
4.617011965999999745e+01 8.614605672556016058e-01 1.788156281000000014e+00
4.571419764000000185e+01 9.062425070049124898e-01 1.875386457999999923e+00
4.528040229999999866e+01 8.697196194682889070e-01 1.933612869000000067e+00
4.487848067000000185e+01 7.949406409436101661e-01 1.979612216000000036e+00
4.452045236000000017e+01 6.900820093400145128e-01 2.021360425000000127e+00
4.424183871000000323e+01 5.384615981169208476e-01 2.062193011999999825e+00
4.423778354000000235e+01 5.446813298699715311e-01 2.104441927999999962e+00
4.429469054999999855e+01 5.736281030158552063e-01 2.094931041000000160e+00
4.456504659000000146e+01 7.116214642424667502e-01 2.024434041000000128e+00
4.492768379000000323e+01 8.120351409596685555e-01 1.969806163999999971e+00
4.533576942999999915e+01 8.697504167363565575e-01 1.910095698999999980e+00
4.576800252999999685e+01 8.722241654525713095e-01 1.841709040000000019e+00
4.620105889999999960e+01 7.581832467202240800e-01 1.752102856000000042e+00
4.616921957999999648e+01 7.317034531859586410e-01 1.584894283999999987e+00
4.581294790999999833e+01 2.935588337238634882e-01 1.727723490999999889e+00
4.581251773999999699e+01 2.930856293537828505e-01 1.731803892000000067e+00
4.616845277000000181e+01 7.310451368088856094e-01 1.584104699999999921e+00
4.620168102000000232e+01 7.571979198382433607e-01 1.776491570999999992e+00
4.576891020000000054e+01 8.720529936997610809e-01 1.870573357000000048e+00
4.533668689999999657e+01 8.696367835508118649e-01 1.938367782999999900e+00
4.492851027999999758e+01 8.120838725258082702e-01 1.994814152000000007e+00
4.456569727000000114e+01 7.119548947130543981e-01 2.044263604999999817e+00
4.429484848999999969e+01 5.749388959730397097e-01 2.106656077999999876e+00
4.451895333000000221e+01 6.952159003199007703e-01 2.048034279999999985e+00
4.456546859000000183e+01 7.166923306586602260e-01 2.054088697000000074e+00
4.478170682999999741e+01 8.094619085339904707e-01 2.029984106000000121e+00
4.514202774999999690e+01 8.721046740128863828e-01 1.960026570999999995e+00
4.554849063999999714e+01 8.695650607331040227e-01 1.884881824999999900e+00
4.595168695000000270e+01 7.662283191312805330e-01 1.806616237999999930e+00
4.628490027000000140e+01 3.924327336770626617e-01 1.708170455000000088e+00
4.612414545000000032e+01 6.726099670207572601e-01 1.597717067999999907e+00
4.575116606999999647e+01 3.780522968584728444e-02 1.819354896000000110e+00
4.575143414000000064e+01 3.940592590441033272e-02 1.819495628999999948e+00
4.612333130999999753e+01 6.724411004692337768e-01 1.596074336999999899e+00
4.628505947000000020e+01 3.914240122258338950e-01 1.727258576000000101e+00
4.595194886000000167e+01 7.658504490281007326e-01 1.832818921999999962e+00
4.554868775999999997e+01 8.689776204909067658e-01 1.911921838000000040e+00
4.514224592000000058e+01 8.713446598998229042e-01 1.986268764999999936e+00
4.478208553000000336e+01 8.085686963818802253e-01 2.054412541000000036e+00
4.456555772000000104e+01 7.165446801487902473e-01 2.065284225000000085e+00
4.487909083000000265e+01 7.984496599358222868e-01 1.989437985999999992e+00
4.493012746000000135e+01 8.151319418221506519e-01 1.989182087000000099e+00
4.514357032000000203e+01 8.725741554448509518e-01 1.961017237000000080e+00
4.549638771000000048e+01 8.878239760145718584e-01 1.893731336999999959e+00
4.587773921000000144e+01 8.005170793443423527e-01 1.819420486000000059e+00
4.620753341000000347e+01 5.579911128694676758e-01 1.744230981999999930e+00
4.636120541999999745e+01 2.454084976267278673e-01 1.661687053000000081e+00
4.612742453999999981e+01 5.446928040927438985e-01 1.654258562000000099e+00
4.588941805999999701e+01 4.386551836449364417e-01 1.777931801000000034e+00
4.588886533000000156e+01 4.378577277408793877e-01 1.775811548999999934e+00
4.612641659999999888e+01 5.440165157704439647e-01 1.650235896000000091e+00
4.636096039000000246e+01 2.446357508206068176e-01 1.668820474000000109e+00
4.620751285000000053e+01 5.578284337321838260e-01 1.762938428000000002e+00
4.587764020000000187e+01 8.000743772354171890e-01 1.841232570999999929e+00
4.549632437000000351e+01 8.870439875281874720e-01 1.916549370999999891e+00
4.514370349000000004e+01 8.715392727006926465e-01 1.983599340999999905e+00
4.493017700000000048e+01 8.146183392961779957e-01 2.001098702000000173e+00
4.528282658999999910e+01 8.715507463698701773e-01 1.926223377999999986e+00
4.533982194000000021e+01 8.712799319749415794e-01 1.918700198000000023e+00
4.555125866000000201e+01 8.699326830593775428e-01 1.882448538000000005e+00
4.587886343000000267e+01 8.004903316740615837e-01 1.816988851999999932e+00
4.619973807000000221e+01 6.001212990989911455e-01 1.748147263999999979e+00
4.641095812999999737e+01 3.608764109033094636e-01 1.691166316999999975e+00
4.641502905000000112e+01 4.744857322335642169e-01 1.670337278000000092e+00
4.622707265999999748e+01 5.409996348317996917e-01 1.709085125000000094e+00
4.605259365999999943e+01 5.226544590608176444e-01 1.766299862000000109e+00
4.605208946999999853e+01 5.217268071992409162e-01 1.766811783999999941e+00
4.622612471000000056e+01 5.392122041037861191e-01 1.709184508000000102e+00
4.641455844000000042e+01 4.730485073435520271e-01 1.671885762999999914e+00
4.641090692000000217e+01 3.607679305243050583e-01 1.699879868000000016e+00
4.619958493000000033e+01 6.001623559506756855e-01 1.762972530000000093e+00
4.587863715999999670e+01 7.999987238869261663e-01 1.835329755000000063e+00
4.555113442999999762e+01 8.690629351985593720e-01 1.901755241000000041e+00
4.533975859000000241e+01 8.706909020241156982e-01 1.930182979000000021e+00
4.571818849000000284e+01 9.066279832464921862e-01 1.852747326000000028e+00
4.577329140999999879e+01 8.726129372847185595e-01 1.840326630000000074e+00
4.595557468999999884e+01 7.664003579881792927e-01 1.799824909999999889e+00
4.620959384999999742e+01 5.573600863478489487e-01 1.738641667000000002e+00
4.641167521999999934e+01 3.600656480662651204e-01 1.687988518999999910e+00
4.649148335999999659e+01 4.733895200625581889e-01 1.676296253000000069e+00
4.644252562999999867e+01 5.794955544789781587e-01 1.695577318000000000e+00
4.631354069000000351e+01 5.749116549841453150e-01 1.720520572000000081e+00
4.620250956999999659e+01 5.497028356890503176e-01 1.740231413000000060e+00
4.620218773999999939e+01 5.488597358942997051e-01 1.743208059999999948e+00
4.631284717999999856e+01 5.728244903297998736e-01 1.727236014999999902e+00
4.644199157999999983e+01 5.773700344586101263e-01 1.701582791000000094e+00
4.649136922000000283e+01 4.724339905679605378e-01 1.679372607999999989e+00
4.641163498000000232e+01 3.602836298847272301e-01 1.693113102999999953e+00
4.620936559999999815e+01 5.575080148574892425e-01 1.749320793000000096e+00
4.595529126000000275e+01 7.659190593767024602e-01 1.813430211000000014e+00
4.577311367000000075e+01 8.721591048702305171e-01 1.849238490000000068e+00
4.617522313999999994e+01 8.605264941439072501e-01 1.756581401999999903e+00
4.620684743999999711e+01 7.561055396618787672e-01 1.743228618999999924e+00
4.628922699999999679e+01 3.896940189258867870e-01 1.697874783000000054e+00
4.636328429999999656e+01 2.437839516041707955e-01 1.650989907000000034e+00
4.641559672000000347e+01 4.737400029345161800e-01 1.661415313000000005e+00
4.644249758000000128e+01 5.791675009408782104e-01 1.690750332999999994e+00
4.641908609000000041e+01 5.802509641958684128e-01 1.705662177000000002e+00
4.637907521000000344e+01 5.273895621143425139e-01 1.713536380999999942e+00
4.635687252000000314e+01 5.188344218329599133e-01 1.719321467000000103e+00
4.635670687999999728e+01 5.182708175601636880e-01 1.723546385999999986e+00
4.637861228999999952e+01 5.256460778288158942e-01 1.724051596000000020e+00
4.641849270000000161e+01 5.780923630101284516e-01 1.717469099999999971e+00
4.644209427999999917e+01 5.776040960770790766e-01 1.697793708999999929e+00
4.641557361000000270e+01 4.730525970905712363e-01 1.661018504999999923e+00
4.636338345000000061e+01 2.436167104796500837e-01 1.648311172000000102e+00
4.628912091000000117e+01 3.904307363319279855e-01 1.698536773000000055e+00
4.620669464000000204e+01 7.562105218688700559e-01 1.745241540999999952e+00
4.617886581999999862e+01 7.519260098583319119e-01 1.564317280999999893e+00
4.617062489999999997e+01 7.329205343831718400e-01 1.569142770000000020e+00
4.612572624999999960e+01 6.737775038014029994e-01 1.580373333000000047e+00
4.612816225000000259e+01 5.450742363957015169e-01 1.637139142000000103e+00
4.622687968999999697e+01 5.407401810610541482e-01 1.696167976999999993e+00
4.631298077999999663e+01 5.747858182300897845e-01 1.711890659000000037e+00
4.637861201999999849e+01 5.272884633116143860e-01 1.709407448000000107e+00
4.645178108000000350e+01 4.813219224806811192e-01 1.707106248999999965e+00
4.651281821999999977e+01 4.753061319050530531e-01 1.711223794999999992e+00
4.651276320000000197e+01 4.748892688613588486e-01 1.716216183000000006e+00
4.645149044000000060e+01 4.800356392085569079e-01 1.719263213999999929e+00
4.637800431000000145e+01 5.254039712965683506e-01 1.724209018999999898e+00
4.631226440999999738e+01 5.732504494496828418e-01 1.724781780000000042e+00
4.622647539999999822e+01 5.401554215499981826e-01 1.702173020000000037e+00
4.612832096000000348e+01 5.452472857726525790e-01 1.635132891000000033e+00
4.612603407999999661e+01 6.739193132484793125e-01 1.574342656000000007e+00
4.617064053000000001e+01 7.334746886458444193e-01 1.564125044000000075e+00
4.581287729000000297e+01 2.961612093820150116e-01 1.726271920000000071e+00
4.580991524000000226e+01 2.936804371501991473e-01 1.732004061999999900e+00
4.574849537000000055e+01 1.019514455261154723e-01 1.811144488000000052e+00
4.588931129000000197e+01 4.397345379450983138e-01 1.774180547999999913e+00
4.605194508000000297e+01 5.234630608321902967e-01 1.756027887999999981e+00
4.620150912999999804e+01 5.500109567843372016e-01 1.729861016000000085e+00
4.635598825000000289e+01 5.187365324517334564e-01 1.711119531000000027e+00
4.651235132000000050e+01 4.752625453196911987e-01 1.706221431999999982e+00
4.662426322999999684e+01 4.315039046158515856e-01 1.714382990000000051e+00
4.662433312000000285e+01 4.310209706512571071e-01 1.720075765000000034e+00
4.651229611000000119e+01 4.742079037401425445e-01 1.719390321999999971e+00
4.635554279000000122e+01 5.172988169606089759e-01 1.727048817000000014e+00
4.620067845999999889e+01 5.487424376513828639e-01 1.745860543000000042e+00
4.605094056000000080e+01 5.231497057167473486e-01 1.768752526000000103e+00
4.588822459000000009e+01 4.402845784364277093e-01 1.776669706999999931e+00
4.574752207000000226e+01 2.856145413636420050e-01 1.686012563000000020e+00
4.580890897999999822e+01 2.950735396489893025e-01 1.727982880999999971e+00
4.441191317999999910e+01 4.306216889183061558e-01 2.035662090999999840e+00
4.455552190000000223e+01 6.312601275230637077e-01 2.011684166000000218e+00
4.487763103999999714e+01 7.948546219546706038e-01 1.957064163999999939e+00
4.527673166000000293e+01 8.859780644931487537e-01 1.899396485000000023e+00
4.570729723000000178e+01 9.258224279852209637e-01 1.841136961999999988e+00
4.614191146000000288e+01 9.103132647918337206e-01 1.778455211999999896e+00
4.652311416999999949e+01 5.133352009225639057e-01 1.651217147000000107e+00
4.618296880999999843e+01 5.452830752424336902e-01 1.632239655000000011e+00
4.602595294000000337e+01 3.378340554748312519e-01 1.756671741999999981e+00
4.602549615000000216e+01 3.376455663931955953e-01 1.760357060999999890e+00
4.618227784999999841e+01 5.459578844431548506e-01 1.635072574999999917e+00
4.652349920999999711e+01 5.087843915241215820e-01 1.665818194000000085e+00
4.614328549999999751e+01 9.101118497578400968e-01 1.805640978000000008e+00
4.570876580000000189e+01 9.259259644285395829e-01 1.868354480000000040e+00
4.527807664000000187e+01 8.863231050239518405e-01 1.924774390000000057e+00
4.487871698000000009e+01 7.954355385831979319e-01 1.979300411999999953e+00
4.455630776000000282e+01 6.323180257596947573e-01 2.028638812000000069e+00
4.455545751999999737e+01 6.374351316218140884e-01 2.051017800999999974e+00
4.463109886000000159e+01 6.840563850611414143e-01 2.041978977999999945e+00
4.492832230999999865e+01 8.125737769339265171e-01 1.970474843999999948e+00
4.532148816000000124e+01 8.874936686311644118e-01 1.904464237000000004e+00
4.574410027999999784e+01 8.999510425464400942e-01 1.839672476999999917e+00
4.615766813999999840e+01 8.330433356695333691e-01 1.771713297000000020e+00
4.648728281999999723e+01 4.382475598682772921e-01 1.660709100000000049e+00
4.619968041999999997e+01 5.538392849556152964e-01 1.634998866000000106e+00
4.601464696000000032e+01 3.420632572379060932e-01 1.757554322999999918e+00
4.601424388000000221e+01 3.416211832364261514e-01 1.760530740000000094e+00
4.619897909000000169e+01 5.540905841812734378e-01 1.637159102000000033e+00
4.648767356999999834e+01 4.355134896383987542e-01 1.678240611999999965e+00
4.615876861999999647e+01 8.332126069740977137e-01 1.799729665999999950e+00
4.574515772000000169e+01 9.000889865569027259e-01 1.868004942000000002e+00
4.532242787999999933e+01 8.875498271988884191e-01 1.931177812000000049e+00
4.492911893000000134e+01 8.126118875461311175e-01 1.994298367999999932e+00
4.463162894999999963e+01 6.841808127631561209e-01 2.059130636999999986e+00
4.487928045000000310e+01 7.984027252731653590e-01 1.990759235000000071e+00
4.493034021999999794e+01 8.149919019262497066e-01 1.991453632999999890e+00
4.514372845999999839e+01 8.724515283016338607e-01 1.961422447999999985e+00
4.549645582000000132e+01 8.877864168310887205e-01 1.891111814000000058e+00
4.587776125999999977e+01 8.004828269721165901e-01 1.815811719999999907e+00
4.620752448999999729e+01 5.578867010969145168e-01 1.739589177000000042e+00
4.636114265999999873e+01 2.450839202224755486e-01 1.654639493999999988e+00
4.612734788000000208e+01 5.443972967037141730e-01 1.644340153999999998e+00
4.588930948000000143e+01 4.383967002303857385e-01 1.758709838999999997e+00
4.588928359999999884e+01 4.377867758754102057e-01 1.759949841999999931e+00
4.612746856999999778e+01 5.447208096943714217e-01 1.646046735000000094e+00
4.636183734000000101e+01 2.457203182063067981e-01 1.670819681000000001e+00
4.620798094999999961e+01 5.586832357999292897e-01 1.766671362000000078e+00
4.587791794000000323e+01 8.004539673514032838e-01 1.844669530000000002e+00
4.549646755999999925e+01 8.872696652572256149e-01 1.919005233999999893e+00
4.514372304999999841e+01 8.717410681550505913e-01 1.985457706000000044e+00
4.493027270999999701e+01 8.146932226974397118e-01 2.002947610000000100e+00
4.527964613999999699e+01 8.879652122881845910e-01 1.925771530000000009e+00
4.532466973999999738e+01 8.890225468858581337e-01 1.922002074999999977e+00
4.549843775000000079e+01 8.881302013307794674e-01 1.895371841000000002e+00
4.579006047000000024e+01 8.090904993718375238e-01 1.831620524000000083e+00
4.608172241999999841e+01 5.652906321035335857e-01 1.756999876999999932e+00
4.625933666000000244e+01 1.464682777746215137e-01 1.687527849000000080e+00
4.622904324000000287e+01 3.028352684589027399e-01 1.639289028999999953e+00
4.599990687999999750e+01 4.267684011597711047e-01 1.637245209000000035e+00
4.574808936000000159e+01 2.978370022781626769e-01 1.641539057999999995e+00
4.574835517999999723e+01 2.984624206477099473e-01 1.642415492000000032e+00
4.600040348000000279e+01 4.267229391219629631e-01 1.639602793999999975e+00
4.622963167999999712e+01 3.019439826238383695e-01 1.649572497999999943e+00
4.625944326999999845e+01 1.475006647420716577e-01 1.707367148999999973e+00
4.608133802999999773e+01 5.655116139923036522e-01 1.781410678000000081e+00
4.578950372999999985e+01 8.085918752769508666e-01 1.856632872999999906e+00
4.549799680000000279e+01 8.873797163611963912e-01 1.916364390000000029e+00
4.532442273000000199e+01 8.886728497724554199e-01 1.931962343999999998e+00
4.571113268999999946e+01 9.266544139961623294e-01 1.859115333999999953e+00
4.574815599000000077e+01 9.007199928591532734e-01 1.851077150000000060e+00
4.588094458999999858e+01 8.009486443882319895e-01 1.818601723000000003e+00
4.608316659999999843e+01 5.653992299057707394e-01 1.756646974999999999e+00
4.623820526000000086e+01 2.090380552613163301e-01 1.693709668999999973e+00
4.626651833999999752e+01 1.989183507535953466e-01 1.654744390999999926e+00
4.617155843999999831e+01 3.234059782608919020e-01 1.646189404000000023e+00
4.600723830999999819e+01 3.089535952532474483e-01 1.654008849000000003e+00
4.585862110000000058e+01 2.776503390688538908e-01 1.653448091000000009e+00
4.585880341000000016e+01 2.779395254137918547e-01 1.656013763000000028e+00
4.600767476000000045e+01 3.084114965072985437e-01 1.658769557000000061e+00
4.617206070000000295e+01 3.223710716187186409e-01 1.652973991000000087e+00
4.626671301999999741e+01 1.979539468827503090e-01 1.665575226000000075e+00
4.623786665000000085e+01 2.098003956654301838e-01 1.709586617999999891e+00
4.608247736999999944e+01 5.653802154227250965e-01 1.775642963999999990e+00
4.588029345000000347e+01 8.003793456751632229e-01 1.835510812000000103e+00
4.574779832000000113e+01 9.003795468372191024e-01 1.859622689000000051e+00
4.614639156999999869e+01 9.103246744819530889e-01 1.787454869999999918e+00
4.616237456000000350e+01 8.330563733100776469e-01 1.777126618999999907e+00
4.621157922999999812e+01 5.581314831443477953e-01 1.740410597999999975e+00
4.626177830000000313e+01 1.466423596873937529e-01 1.685649685000000009e+00
4.626745135000000175e+01 1.986075155167401629e-01 1.652804157000000052e+00
4.622963668999999953e+01 2.927070632039636133e-01 1.651128963999999977e+00
4.616370226000000088e+01 2.395639609128439318e-01 1.660190116999999965e+00
4.609124367999999805e+01 1.994935006259742905e-01 1.666299082000000098e+00
4.604231320000000238e+01 3.151453484203363131e-01 1.668029685999999900e+00
4.604250109000000180e+01 3.153642546955343628e-01 1.670521869999999964e+00
4.609167547999999925e+01 1.992593891952146035e-01 1.672200028000000005e+00
4.616416568000000353e+01 2.386183360869740810e-01 1.666723095999999904e+00
4.622996806999999819e+01 2.920661015324657606e-01 1.657046178999999952e+00
4.626744475999999651e+01 1.981551429067698877e-01 1.659601509999999891e+00
4.626130564999999706e+01 1.472563701336292163e-01 1.695007364000000072e+00
4.621090841000000182e+01 5.580195482474712421e-01 1.749870006999999950e+00
4.616195820000000083e+01 8.328484401153551930e-01 1.782271909000000099e+00
4.652744380000000035e+01 5.065077998292027983e-01 1.646847087000000043e+00
4.649126403999999724e+01 4.310166092837882656e-01 1.662519413999999918e+00
4.636465498999999824e+01 2.457088482961301001e-01 1.653297645999999954e+00
4.623166094999999842e+01 3.040720448813490351e-01 1.633138377000000085e+00
4.617283184000000062e+01 3.230195046268613535e-01 1.640912804999999919e+00
4.616402518999999671e+01 2.391339740591719998e-01 1.658135845000000108e+00
4.618025352000000083e+01 1.042106025630504945e-01 1.668505059999999984e+00
4.621767980999999992e+01 2.267484909373694568e-01 1.673928654000000016e+00
4.625361797000000053e+01 3.597633026864275885e-01 1.677526518000000078e+00
4.625382447999999869e+01 3.599322874597301047e-01 1.679973713000000091e+00
4.621812288999999652e+01 2.270427424903806168e-01 1.679972398000000089e+00
4.618067107000000249e+01 1.034610147136531405e-01 1.675427004999999969e+00
4.616433966999999683e+01 2.385982890714584415e-01 1.663191372000000001e+00
4.617306305000000322e+01 3.228348047509302932e-01 1.642926576000000027e+00
4.623163300000000220e+01 3.035699439964462121e-01 1.633077319000000083e+00
4.636429609000000340e+01 2.452065434809559130e-01 1.649577794000000042e+00
4.649095650000000290e+01 4.309879297585523239e-01 1.654362094999999977e+00
4.618167694000000267e+01 5.516775757763682231e-01 1.630257776999999964e+00
4.619843871999999863e+01 5.589462322480245327e-01 1.633780089999999907e+00
4.612729097999999794e+01 5.471744971942038571e-01 1.639264913999999962e+00
4.600195260999999647e+01 4.275489631534590829e-01 1.624777793000000026e+00
4.600819632000000325e+01 3.085682517140707626e-01 1.646788391000000074e+00
4.609130427000000196e+01 1.989098406582044676e-01 1.663661567999999980e+00
4.621753874000000195e+01 2.268272810393094363e-01 1.672892379999999957e+00
4.635625035999999710e+01 3.213685685465812458e-01 1.680004950999999913e+00
4.645414326000000216e+01 3.608857183509236455e-01 1.687087817000000101e+00
4.645440589999999759e+01 3.610505203679679753e-01 1.689761703000000059e+00
4.635678339999999764e+01 3.219244909017631162e-01 1.686328934000000057e+00
4.621799750999999645e+01 2.274334787942517977e-01 1.680093937999999953e+00
4.609157548999999676e+01 1.987438443093437757e-01 1.669358187000000049e+00
4.600841244000000074e+01 3.084394723977736952e-01 1.648856638999999902e+00
4.600216386000000313e+01 4.275983502198801300e-01 1.623851219000000068e+00
4.612693053999999648e+01 5.473061200180081576e-01 1.637779990000000074e+00
4.619787279999999896e+01 5.593573408708963912e-01 1.633494549999999990e+00
4.601990866999999952e+01 3.400165472493251184e-01 1.780171700999999995e+00
4.600864229999999822e+01 3.432921052300084708e-01 1.778766732000000017e+00
4.588351022999999884e+01 4.372046795276682274e-01 1.775025164999999960e+00
4.574966647000000108e+01 2.984882177681673632e-01 1.630909367000000110e+00
4.585862299000000064e+01 2.773840643307488030e-01 1.649070084000000103e+00
4.604191785999999809e+01 3.155103851682468097e-01 1.665271286999999933e+00
4.625322990000000090e+01 3.602603864768690878e-01 1.674940437999999920e+00
4.645389709999999894e+01 3.612056599449980365e-01 1.685115716000000097e+00
4.658595671999999865e+01 3.088672686085036090e-01 1.696530971999999915e+00
4.658634514999999965e+01 3.089344427420815387e-01 1.699559722999999911e+00
4.645469305000000304e+01 3.618208930501385923e-01 1.691946460999999902e+00
4.625395917000000168e+01 3.611683195217401110e-01 1.682403195000000018e+00
4.604238938999999675e+01 3.162255392122120257e-01 1.671467347999999964e+00
4.585885835999999927e+01 2.774064692162608869e-01 1.652364675999999921e+00
4.574986713999999921e+01 2.983179577833737772e-01 1.630720745999999943e+00
4.588231265000000292e+01 4.379541826690871442e-01 1.780477998000000062e+00
4.600783911999999987e+01 3.440556696688452099e-01 1.783767996999999994e+00
4.469629873000000231e+01 5.347787695757495463e-01 2.031799309999999803e+00
4.491727815000000135e+01 7.434102593137061898e-01 1.976609902999999946e+00
4.528020068000000009e+01 8.702019613689667699e-01 1.907201734999999898e+00
4.570788677000000177e+01 9.259452930302830564e-01 1.841305423000000108e+00
4.614979885000000337e+01 9.202083596348866745e-01 1.778944858000000018e+00
4.656562088999999816e+01 8.202207952423873349e-01 1.709968724999999967e+00
4.660854057000000239e+01 5.163932250560870907e-01 1.573173842000000100e+00
4.634258908999999704e+01 3.881103035295093706e-01 1.667963776999999981e+00
4.625759324999999933e+01 3.608495489341437268e-01 1.717551129999999926e+00
4.625713954999999800e+01 3.608400109869651096e-01 1.720843493999999918e+00
4.634175323000000191e+01 3.884485700439382350e-01 1.674405662000000072e+00
4.660841451999999663e+01 5.177282199053202527e-01 1.577290118000000074e+00
4.656698587000000344e+01 8.195772644363620296e-01 1.735254355999999998e+00
4.615130794000000236e+01 9.201946980817545807e-01 1.806399249000000040e+00
4.570929805000000101e+01 9.260782677479467706e-01 1.868696974999999982e+00
4.528144582000000185e+01 8.703442161202008531e-01 1.933647555000000073e+00
4.491855153000000200e+01 7.433289999751776511e-01 2.001691953999999996e+00
4.491987677000000190e+01 7.449989146187426803e-01 2.001193235000000126e+00
4.502142564999999763e+01 7.795084293410460274e-01 1.980549281999999911e+00
4.533751586999999716e+01 8.702357658136853358e-01 1.911005779999999987e+00
4.574484683000000018e+01 9.000400005044381091e-01 1.839890916999999959e+00
4.616137696999999918e+01 8.500558116634163719e-01 1.773065553999999988e+00
4.652907683000000105e+01 6.955871993149416177e-01 1.705361695999999982e+00
4.662842661999999905e+01 3.909874865562791291e-01 1.603933835000000085e+00
4.636846228999999653e+01 4.247283597757433027e-01 1.674579695999999895e+00
4.624157367000000107e+01 3.706071785982517630e-01 1.729034299999999913e+00
4.624114864999999952e+01 3.704286320246986119e-01 1.730592432999999986e+00
4.636781320000000051e+01 4.253550099311836363e-01 1.677240939999999902e+00
4.662864841999999754e+01 3.928184562847364947e-01 1.608429719999999952e+00
4.653047150999999815e+01 6.960274772015061506e-01 1.731258640000000071e+00
4.616261046000000334e+01 8.504754390351091375e-01 1.801363073000000092e+00
4.574585468000000077e+01 9.001673321077047207e-01 1.868129241000000107e+00
4.533832842999999713e+01 8.700787154002375123e-01 1.937856562999999976e+00
4.502204996999999764e+01 7.789839829581304276e-01 2.001031140999999902e+00
4.528314015000000126e+01 8.714387903075114794e-01 1.932197350999999896e+00
4.534011081999999959e+01 8.711577804471686282e-01 1.925113800000000097e+00
4.555145332000000025e+01 8.698880698730014904e-01 1.886389993999999959e+00
4.587894390000000300e+01 8.004268100894247340e-01 1.816220648000000049e+00
4.619971711000000170e+01 5.998543547581289825e-01 1.743924959999999968e+00
4.641080817999999653e+01 3.602651778967765339e-01 1.683020216000000069e+00
4.641473939000000115e+01 4.737235932464482491e-01 1.657916449000000014e+00
4.622674851000000018e+01 5.403699704873368148e-01 1.694075089000000034e+00
4.605231484000000108e+01 5.220764969240134779e-01 1.747838146000000092e+00
4.605247684999999791e+01 5.214752061269133376e-01 1.746772298000000001e+00
4.622760191999999790e+01 5.399799251657260157e-01 1.693241204000000000e+00
4.641645822000000265e+01 4.736861713374094229e-01 1.666601556000000040e+00
4.641212022999999931e+01 3.622064964147566624e-01 1.705407451999999990e+00
4.620025558999999760e+01 6.010738059296315550e-01 1.771559281999999902e+00
4.587901029999999736e+01 8.004333305861144332e-01 1.844303012999999991e+00
4.555132573000000207e+01 8.692996227265236131e-01 1.910817033000000054e+00
4.533999802999999673e+01 8.707243323748466990e-01 1.938005954000000086e+00
4.571126679999999709e+01 9.266013049027012061e-01 1.862332431000000010e+00
4.574828323999999924e+01 9.006700934874167785e-01 1.854095770999999893e+00
4.588106369999999856e+01 8.008955701664448590e-01 1.821312068999999978e+00
4.608324384000000151e+01 5.652879972806854614e-01 1.757767335000000042e+00
4.623821842000000260e+01 2.088630860326333716e-01 1.692752422999999951e+00
4.626650149999999684e+01 1.988210558967296038e-01 1.651393740000000054e+00
4.617155010999999831e+01 3.233249455152737428e-01 1.640321657000000100e+00
4.600720910999999802e+01 3.088686674528778875e-01 1.646119134000000095e+00
4.585865396999999888e+01 2.774866419704219433e-01 1.643281113000000015e+00
4.585931128000000001e+01 2.784748157118736578e-01 1.642159723000000016e+00
4.600865572000000014e+01 3.098014978521118068e-01 1.645948133999999952e+00
4.617315637000000095e+01 3.234504799019380927e-01 1.646136454000000082e+00
4.626752515999999815e+01 1.986922249717230360e-01 1.665690743000000085e+00
4.623830046999999865e+01 2.106369817485514440e-01 1.713628015999999921e+00
4.608267964000000205e+01 5.655997314295226897e-01 1.780877285000000088e+00
4.588040950999999978e+01 8.004424249031838468e-01 1.840706763000000024e+00
4.574792570999999697e+01 9.003613596936070884e-01 1.863821994999999898e+00
4.615356140000000096e+01 9.204850982946050086e-01 1.794326147999999899e+00
4.616534146000000050e+01 8.504013116931173899e-01 1.784549579999999969e+00
4.620298956999999973e+01 6.004499862791374820e-01 1.750337277999999941e+00
4.623981513999999748e+01 2.097753637756448186e-01 1.694968255000000035e+00
4.622963211999999800e+01 9.403176383385063175e-02 1.651532639000000025e+00
4.617350035999999847e+01 1.628518178792237869e-01 1.632262456999999944e+00
4.609963107000000093e+01 1.111003445093696612e-01 1.626169398999999904e+00
4.603173675000000031e+01 2.559507636785844920e-01 1.620536731000000064e+00
4.598932460000000333e+01 4.354298964710984210e-01 1.613346304000000009e+00
4.598979039000000313e+01 4.355096364020870081e-01 1.613595992000000034e+00
4.603284602000000092e+01 2.561778438833771654e-01 1.621760247000000099e+00
4.610082648000000205e+01 1.108768367136303140e-01 1.629595335999999950e+00
4.617429320000000104e+01 1.618948949190690823e-01 1.639304569000000100e+00
4.622970744999999937e+01 9.274419318826508662e-02 1.662892223000000058e+00
4.623919535999999653e+01 2.103572210091295136e-01 1.709231981000000067e+00
4.620216688000000005e+01 6.003700068459412176e-01 1.762971749999999949e+00
4.616486328999999955e+01 8.501776647368670670e-01 1.791106521999999979e+00
4.656984450000000209e+01 8.211069458364141926e-01 1.718367348999999988e+00
4.653330855000000099e+01 6.949660863461165627e-01 1.715381521000000076e+00
4.641427912999999705e+01 3.595090128902323490e-01 1.690826241999999979e+00
4.626878497999999951e+01 2.007495671990498776e-01 1.654502082999999901e+00
4.617445555999999840e+01 1.634088480362219931e-01 1.632872754000000093e+00
4.614185771999999730e+01 1.801904259280853043e-02 1.628654366999999992e+00
4.615349504000000280e+01 2.005046669391813141e-01 1.627582631999999974e+00
4.619184103999999991e+01 4.194027780633678981e-01 1.624066454999999909e+00
4.622783057000000184e+01 5.599311271082232366e-01 1.620464950999999987e+00
4.622821471999999687e+01 5.599623642483434471e-01 1.621112477999999912e+00
4.619273467000000011e+01 4.195129557989015212e-01 1.625742835999999913e+00
4.615444566000000037e+01 2.007465245105645446e-01 1.629918245000000043e+00
4.614253680000000202e+01 1.747328348617918636e-02 1.631698338000000081e+00
4.617463718999999855e+01 1.626300035327586935e-01 1.637241195999999954e+00
4.626834362000000311e+01 1.998675174167121871e-01 1.659882134000000065e+00
4.641350339000000247e+01 3.595057406658300758e-01 1.693959039999999971e+00
4.653274305000000055e+01 6.946970144764490485e-01 1.714730523000000062e+00
4.660803008999999975e+01 5.227517232196163821e-01 1.573851466999999893e+00
4.662820860000000067e+01 3.976327891542269510e-01 1.611168667999999915e+00
4.641580236000000070e+01 4.735523851556091013e-01 1.664522123000000020e+00
4.617345700999999991e+01 3.241839197505502201e-01 1.642674132000000009e+00
4.610091685999999811e+01 1.108852179368744889e-01 1.627205505000000052e+00
4.615392236000000281e+01 1.998283962021002724e-01 1.628502990999999955e+00
4.626832934000000108e+01 3.988126320159438576e-01 1.630181730999999967e+00
4.639988921999999860e+01 5.522927606497428643e-01 1.629908249999999947e+00
4.649354018999999738e+01 6.276957264945643988e-01 1.629809760000000107e+00
4.649392782999999696e+01 6.277667597772222940e-01 1.630742233999999957e+00
4.640074391000000276e+01 5.525623677690910673e-01 1.631921176000000084e+00
4.626919625000000025e+01 3.992564141678116019e-01 1.632121281000000090e+00
4.615454886999999928e+01 2.003922891696583164e-01 1.629803047000000005e+00
4.610115362999999888e+01 1.108361136198578734e-01 1.628155416000000022e+00
4.617309465000000301e+01 3.235262162431811195e-01 1.644166207000000046e+00
4.641499078999999739e+01 4.732340016088572021e-01 1.663788760999999949e+00
4.662710194000000286e+01 3.976243544618268122e-01 1.602977748999999896e+00
4.633936821000000350e+01 3.895116144594182317e-01 1.679495505000000000e+00
4.636490212999999727e+01 4.260381037837999707e-01 1.681945588000000047e+00
4.622386686000000111e+01 5.387513633020606374e-01 1.698577360999999897e+00
4.600813980000000214e+01 3.081030146828235838e-01 1.648545388000000056e+00
4.603286082999999707e+01 2.549147793962869279e-01 1.623153703000000059e+00
4.619229673000000247e+01 4.188561649726247338e-01 1.626493578999999912e+00
4.639998511999999664e+01 5.521452845761092298e-01 1.631170731999999957e+00
4.660227462000000287e+01 6.242989449070209806e-01 1.635315963000000039e+00
4.673606585999999652e+01 6.387760259596207968e-01 1.640061176999999981e+00
4.673653863999999913e+01 6.389029368827027211e-01 1.641433273000000082e+00
4.660327095000000241e+01 6.247890698504551255e-01 1.638040487999999906e+00
4.640096096999999986e+01 5.528337980384012695e-01 1.633368901999999956e+00
4.619301379000000196e+01 4.195380753774080596e-01 1.627300868000000067e+00
4.603320023999999933e+01 2.553858787850018519e-01 1.622902225000000032e+00
4.600775532000000112e+01 3.073491543463712228e-01 1.650767472000000069e+00
4.622282416000000183e+01 5.385176337650618983e-01 1.706862743999999932e+00
4.636397299000000061e+01 4.254177041273625726e-01 1.689194134000000069e+00
4.625323484999999835e+01 3.637323740364925562e-01 1.734881137999999989e+00
4.623621081000000288e+01 3.731321738449330239e-01 1.740701540999999963e+00
4.604604654999999980e+01 5.200020871283074220e-01 1.758459055000000104e+00
4.585835070000000258e+01 2.768815012581002377e-01 1.651585134999999926e+00
4.599000517999999715e+01 4.347539742119865269e-01 1.618046531999999926e+00
4.622810762999999667e+01 5.595965820657199385e-01 1.623863609999999902e+00
4.649350634999999698e+01 6.274904165363817121e-01 1.631613187999999992e+00
4.673590209000000328e+01 6.386594768084813412e-01 1.640359415000000043e+00
4.689242624999999975e+01 6.091865213450653460e-01 1.650361957999999962e+00
4.689308276999999947e+01 6.092857636003964350e-01 1.652237366000000041e+00
4.673726767000000137e+01 6.392473938850460335e-01 1.643927927000000011e+00
4.649486664999999874e+01 6.283269870423978665e-01 1.634351445999999930e+00
4.622919687000000266e+01 5.603771285061003304e-01 1.624742136999999920e+00
4.599074044999999700e+01 4.353883960066666781e-01 1.617446469999999970e+00
4.585823951999999792e+01 2.767047332279949368e-01 1.654789426000000008e+00
4.604495460999999779e+01 5.201305645796626687e-01 1.774445389999999900e+00
4.623560667000000279e+01 3.732721445609507582e-01 1.753325441000000096e+00
4.517863381000000089e+01 7.830638538222544076e-01 1.973083471999999894e+00
4.535136166000000202e+01 8.379899778767072593e-01 1.919551374000000088e+00
4.571544406000000293e+01 9.065633437912723469e-01 1.847452678000000015e+00
4.614329890999999861e+01 9.102701074822246996e-01 1.778654487000000062e+00
4.656626201000000265e+01 8.202696072876402011e-01 1.709982998000000087e+00
4.679050731000000241e+01 2.343144958770378983e-01 1.562571069000000090e+00
4.664540414999999740e+01 2.014322669810857114e-01 1.613930864999999937e+00
4.655454616000000101e+01 3.232932096592716076e-01 1.650163951999999989e+00
4.650621999999999900e+01 3.805432151695108955e-01 1.663258125000000032e+00
4.650601161000000161e+01 3.811014066512161125e-01 1.666422394999999890e+00
4.655410666000000219e+01 3.243067668083301491e-01 1.658524950000000109e+00
4.664526015999999942e+01 2.023198720588468558e-01 1.624300378999999905e+00
4.679113927000000217e+01 2.361357106922011839e-01 1.573641499000000055e+00
4.656762687999999883e+01 8.197803732044841585e-01 1.735877101000000033e+00
4.614459074999999899e+01 9.101666363656963910e-01 1.806418416000000082e+00
4.571655533999999932e+01 9.063987108719285812e-01 1.875582786999999918e+00
4.535237730000000056e+01 8.373404281597212062e-01 1.945005488000000060e+00
4.535381723999999792e+01 8.378691360085243067e-01 1.934769562999999915e+00
4.546450595999999678e+01 8.447948931511917170e-01 1.906589161000000088e+00
4.577114236999999974e+01 8.721929738782951969e-01 1.842415238000000066e+00
4.615925556999999912e+01 8.326106554606119703e-01 1.771887811000000035e+00
4.652959520000000282e+01 6.947125927776177656e-01 1.705334557999999889e+00
4.677583394999999911e+01 3.198027706158474426e-01 1.638097810000000099e+00
4.670025128000000336e+01 2.272979608740895718e-01 1.640181667000000010e+00
4.656646257999999960e+01 3.309299991277588338e-01 1.675294164000000086e+00
4.647504322000000343e+01 3.945635517424019301e-01 1.692285715999999995e+00
4.647488423000000068e+01 3.948189744715189242e-01 1.692408976999999926e+00
4.656626368999999954e+01 3.317043979417150790e-01 1.676131245999999964e+00
4.670069031999999964e+01 2.290546546283772633e-01 1.642467673000000072e+00
4.677767097000000263e+01 3.168761383080815897e-01 1.652384046999999967e+00
4.653108085000000216e+01 6.956557924013949679e-01 1.731556988999999991e+00
4.616028193999999729e+01 8.329859531567692654e-01 1.800055796999999957e+00
4.577184267999999889e+01 8.720464551811066833e-01 1.870033607999999958e+00
4.546496881000000201e+01 8.442099193917579347e-01 1.927020277000000004e+00
4.571855000000000047e+01 9.065023009080602767e-01 1.866117597999999989e+00
4.577360688000000266e+01 8.725576383045436923e-01 1.852223058999999949e+00
4.595578505999999663e+01 7.663257365969433632e-01 1.807796889000000018e+00
4.620959863000000212e+01 5.568516151051203789e-01 1.740108532999999902e+00
4.641138638999999699e+01 3.591964805548417128e-01 1.683281055999999998e+00
4.649100073999999694e+01 4.724504750374891593e-01 1.666320894000000052e+00
4.644200510999999665e+01 5.784268502552044611e-01 1.682569098000000096e+00
4.631300706999999761e+01 5.739611734527252374e-01 1.706312371000000105e+00
4.620220195999999646e+01 5.488881052087783985e-01 1.723972540000000109e+00
4.620262215999999711e+01 5.485552386823994153e-01 1.721724148999999926e+00
4.631431753999999756e+01 5.732211824972810454e-01 1.702168313999999905e+00
4.644420067000000074e+01 5.781816654658367138e-01 1.683052674000000026e+00
4.649337488999999835e+01 4.728510280012692690e-01 1.678172216000000105e+00
4.641282988999999759e+01 3.614094076735811512e-01 1.705122392000000042e+00
4.620999120999999832e+01 5.581336084784993545e-01 1.765923587000000072e+00
4.595565787999999685e+01 7.660734538108723291e-01 1.831382295999999910e+00
4.577345592000000352e+01 8.721195772987176964e-01 1.865608699000000037e+00
4.614661069000000282e+01 9.102463709141167536e-01 1.795547392000000020e+00
4.616258868999999976e+01 8.330146672981455502e-01 1.783983992000000018e+00
4.621173256000000151e+01 5.578939387321962817e-01 1.746186709999999920e+00
4.626177067999999792e+01 1.461960664964848944e-01 1.689103060000000101e+00
4.626732871000000102e+01 1.985363760936294797e-01 1.652220570000000111e+00
4.622951348000000138e+01 2.925365294653284876e-01 1.645466870999999998e+00
4.616358025000000254e+01 2.393724896702064675e-01 1.650198335000000016e+00
4.609112341000000157e+01 1.992912656880738154e-01 1.653029147000000032e+00
4.604236757000000324e+01 3.151745193178451809e-01 1.651105185999999891e+00
4.604302355000000091e+01 3.153422314301153606e-01 1.649400726000000095e+00
4.609279489000000041e+01 1.999609618210019257e-01 1.649967406000000025e+00
4.616569549999999822e+01 2.401174857671625473e-01 1.649996051000000019e+00
4.623145467999999880e+01 2.929181755396870201e-01 1.651530353000000062e+00
4.626842658999999713e+01 1.984796595691217247e-01 1.665062899999999901e+00
4.626174887999999896e+01 1.476687853247059534e-01 1.706000313999999962e+00
4.621112802999999758e+01 5.578990097867515541e-01 1.761664499999999967e+00
4.616216658999999822e+01 8.326926984592708525e-01 1.792411999000000034e+00
4.656994208999999785e+01 8.210489339346997983e-01 1.722351863000000094e+00
4.653341583000000270e+01 6.949931320957366543e-01 1.718805393000000015e+00
4.641428527000000059e+01 3.594495538786304234e-01 1.694048892000000084e+00
4.626871600999999856e+01 2.008769395164125837e-01 1.657183674000000106e+00
4.617437515999999675e+01 1.634885609062469158e-01 1.633416648999999943e+00
4.614178667000000189e+01 1.808072368398737362e-02 1.626025719000000036e+00
4.615343400999999801e+01 2.004739859276121750e-01 1.622076993000000078e+00
4.619181307000000203e+01 4.194462428121009667e-01 1.616088407999999976e+00
4.622788832999999897e+01 5.599537828657656924e-01 1.610283206999999939e+00
4.622841840000000246e+01 5.597985536353003999e-01 1.609627778999999981e+00
4.619311791999999883e+01 4.190934609298800906e-01 1.614678915999999909e+00
4.615499047000000132e+01 2.001925564991967887e-01 1.621381820000000085e+00
4.614313555999999750e+01 1.769326844639332666e-02 1.627871437999999893e+00
4.617509643000000352e+01 1.624902232592763118e-01 1.638865591999999927e+00
4.626855872000000147e+01 1.995013731838893023e-01 1.664756933000000050e+00
4.641356514999999661e+01 3.592918643683743474e-01 1.699304507999999991e+00
4.653277966000000276e+01 6.943869847837649267e-01 1.719456177999999946e+00
4.678969289999999859e+01 2.569033761641776881e-01 1.568555075999999993e+00
4.677748749999999944e+01 3.087701641641091843e-01 1.656665166000000022e+00
4.649228637000000219e+01 4.720984797691124002e-01 1.679495670999999968e+00
4.623079582999999815e+01 2.937404745768723568e-01 1.653381508000000055e+00
4.614240766000000349e+01 1.880540878438055619e-02 1.629595477000000070e+00
4.618930347999999952e+01 2.305719241104924599e-01 1.621389573999999945e+00
4.630313834999999756e+01 4.443825818961050778e-01 1.614720273999999955e+00
4.643528727999999717e+01 6.007665271500778337e-01 1.606636410999999987e+00
4.652949409000000003e+01 6.778262240226450297e-01 1.600427156000000073e+00
4.652997779999999750e+01 6.777613923759183701e-01 1.600286909999999896e+00
4.643640380000000079e+01 6.007186316926800274e-01 1.606113179000000057e+00
4.630437571000000219e+01 4.444898834665367837e-01 1.614014905999999971e+00
4.619032220999999794e+01 2.309787215267012084e-01 1.621364201000000005e+00
4.614292057000000113e+01 1.805427620615751919e-02 1.631556956999999919e+00
4.623053103000000164e+01 2.926241668721916711e-01 1.657467626000000083e+00
4.649147050999999919e+01 4.714978525999491965e-01 1.680890709000000038e+00
4.677591238000000118e+01 3.045621803133964356e-01 1.641115421000000074e+00
4.664199417999999753e+01 2.003211750817081582e-01 1.629299140999999951e+00
4.669627321000000109e+01 2.270621527122965444e-01 1.652830170999999959e+00
4.644009130999999968e+01 5.752055685675169228e-01 1.693185946000000053e+00
4.616402602000000144e+01 2.381459012426415944e-01 1.659903914000000036e+00
4.615411876999999663e+01 1.993806487285276208e-01 1.629149369000000069e+00
4.630339846999999764e+01 4.439105414121358728e-01 1.618434139000000105e+00
4.650953286000000020e+01 6.057176769976087005e-01 1.610116056999999934e+00
4.671195741999999740e+01 6.930452578944513720e-01 1.602351427999999967e+00
4.684616446999999795e+01 7.167503003193603783e-01 1.597832270000000054e+00
4.684669858000000175e+01 7.167826263194300163e-01 1.598121612999999996e+00
4.671311050999999992e+01 6.933050626839803998e-01 1.602590954999999928e+00
4.651071925000000107e+01 6.061746747630588628e-01 1.609727528999999935e+00
4.630432883000000288e+01 4.445327296424873009e-01 1.617784094999999978e+00
4.615458615000000009e+01 2.003494408473489863e-01 1.629762868999999892e+00
4.616368894000000012e+01 2.369720883977751158e-01 1.664607139999999985e+00
4.643903756000000271e+01 5.743671108304746475e-01 1.701798214999999947e+00
4.669438816000000259e+01 2.259628062123528458e-01 1.658971989000000091e+00
4.655156803999999937e+01 3.240048049420295451e-01 1.665105848999999916e+00
4.656204002999999858e+01 3.317604307807422437e-01 1.682103966999999978e+00
4.630882383000000146e+01 5.695007885190450647e-01 1.714232693000000030e+00
4.609072349000000202e+01 1.975835283704508727e-01 1.665457935999999917e+00
4.619228848000000198e+01 4.186077850931924638e-01 1.626961534999999959e+00
4.643554805000000130e+01 6.001077960612496431e-01 1.614198065999999931e+00
4.671199666999999778e+01 6.926936494270344857e-01 1.606175791000000075e+00
4.696253922999999730e+01 7.171172010175381750e-01 1.601147864999999948e+00
4.712385782999999861e+01 6.975199754727959833e-01 1.600542590999999959e+00
4.712455650999999790e+01 6.976478987635802431e-01 1.601418699999999973e+00
4.696395789000000320e+01 7.176932736449757044e-01 1.602448778000000074e+00
4.671338073999999807e+01 6.934880914710400690e-01 1.606570736000000110e+00
4.643661586000000341e+01 6.009398966242075479e-01 1.613707696000000080e+00
4.619289801000000040e+01 4.196024977013002033e-01 1.627144917999999940e+00
4.609049224000000322e+01 1.974316434855121483e-01 1.671138143000000076e+00
4.630767595999999742e+01 5.687050846784424962e-01 1.730001883999999990e+00
4.656076711000000046e+01 3.312299342270595415e-01 1.697974461000000046e+00
4.650389924000000264e+01 3.836659451391742914e-01 1.675143851999999933e+00
4.647052183000000269e+01 3.988715190817435086e-01 1.696389877000000102e+00
4.619657861999999682e+01 5.454237499961228641e-01 1.732964853999999999e+00
4.604109675000000124e+01 3.157676427016991583e-01 1.667406138000000038e+00
4.622798333000000071e+01 5.594530991422421717e-01 1.624234136000000106e+00
4.652954170999999661e+01 6.770798007688549891e-01 1.610901858999999936e+00
4.684598061999999885e+01 7.161000429504958964e-01 1.604491874000000040e+00
4.712356087999999943e+01 6.971400025903886633e-01 1.603306463000000015e+00
4.730215210000000070e+01 6.458885683066063477e-01 1.608120567999999917e+00
4.730315971999999647e+01 6.459984573074565306e-01 1.609720306000000045e+00
4.712551355000000086e+01 6.978853418298324174e-01 1.605778815999999942e+00
4.684785438000000113e+01 7.170919707717108293e-01 1.605789879999999892e+00
4.653102992000000171e+01 6.780155800640875752e-01 1.610872094000000088e+00
4.622900726000000304e+01 5.603644544303153507e-01 1.624419330000000050e+00
4.604133651000000071e+01 3.167052370885601320e-01 1.673265377000000109e+00
4.619569665000000214e+01 5.447177155082799649e-01 1.751589977999999936e+00
4.646973315000000326e+01 3.989610189365333515e-01 1.715016287999999944e+00
4.573915013999999957e+01 8.785815574893417468e-01 1.863037964999999963e+00
4.586456172999999836e+01 8.824503300450513565e-01 1.828774397999999968e+00
4.617310033999999774e+01 8.609116820858669916e-01 1.763302321999999922e+00
4.652509014999999692e+01 5.122650546447231612e-01 1.651137120000000014e+00
4.661087300999999883e+01 5.158112671825613171e-01 1.573055853000000059e+00
4.664679636999999701e+01 1.992593360378907552e-01 1.613171590999999960e+00
4.670562792999999857e+01 9.726908685498152074e-02 1.618665304000000082e+00
4.673671611999999698e+01 2.326793268044443364e-01 1.606180152999999944e+00
4.675503495000000242e+01 3.532277208397892054e-01 1.598666109999999918e+00
4.675545378999999713e+01 3.544717141707410812e-01 1.604440255999999954e+00
4.673728238999999718e+01 2.345110254884578138e-01 1.618568744000000059e+00
4.670577664999999712e+01 9.821763584279265269e-02 1.632995857999999911e+00
4.664664091000000212e+01 2.001919676290935257e-01 1.626181561999999969e+00
4.661076254000000318e+01 5.175487452671273525e-01 1.580718344000000108e+00
4.652558135999999678e+01 5.087061509217192246e-01 1.667309853999999980e+00
4.617376495999999975e+01 8.602319608027397813e-01 1.787885152999999949e+00
4.586500105999999732e+01 8.818750912874937509e-01 1.848238300000000001e+00
4.586593357000000282e+01 8.820822310575133773e-01 1.838840143999999954e+00
4.595790376000000066e+01 8.504863561084460288e-01 1.812291493000000031e+00
4.620517954000000316e+01 7.556128031199383921e-01 1.751977579999999923e+00
4.648857396999999736e+01 4.329834512574913252e-01 1.660630703000000041e+00
4.662910164000000179e+01 3.889393103099372251e-01 1.604686574000000032e+00
4.670114115999999882e+01 2.255149941738593122e-01 1.640094355000000004e+00
4.673044657999999885e+01 9.551748650173548516e-02 1.653921216999999944e+00
4.671067960999999968e+01 2.905967836564748441e-01 1.652084585999999966e+00
4.669467901000000154e+01 4.447414148494947539e-01 1.652273008999999959e+00
4.669505089999999825e+01 4.453663669878206721e-01 1.652594464000000096e+00
4.671133839000000165e+01 2.905755608449204219e-01 1.652699195999999926e+00
4.673092180999999812e+01 9.335008080733345204e-02 1.655521038000000056e+00
4.670160431000000045e+01 2.275550532205200260e-01 1.644387527999999987e+00
4.662988382000000342e+01 3.917345831712941706e-01 1.611127933999999984e+00
4.648941008999999980e+01 4.323252812684838520e-01 1.678271867999999944e+00
4.620562610000000348e+01 7.552623342460370592e-01 1.775260676999999898e+00
4.595810955000000320e+01 8.499967732708693102e-01 1.828984900000000025e+00
4.617553988000000231e+01 8.602859691610321713e-01 1.776851602999999891e+00
4.620716844999999751e+01 7.561305245196178193e-01 1.759540692999999933e+00
4.628930477000000110e+01 3.889403781541397320e-01 1.709125471999999979e+00
4.636286777000000114e+01 2.432012513617921035e-01 1.655887367000000054e+00
4.641496922999999697e+01 4.727746056752406001e-01 1.658627018000000009e+00
4.644189890999999903e+01 5.781416671179303579e-01 1.682798460999999968e+00
4.641849870000000067e+01 5.793164625127164014e-01 1.695218622999999925e+00
4.637853442000000115e+01 5.264567014803871459e-01 1.701480542000000096e+00
4.635667371000000259e+01 5.182200456443860626e-01 1.703831821999999940e+00
4.635720616999999777e+01 5.180419120664357946e-01 1.701613837000000018e+00
4.637992553000000129e+01 5.258012664407791803e-01 1.696229090000000106e+00
4.642045305999999982e+01 5.786013407449962509e-01 1.690514333000000091e+00
4.644421861000000007e+01 5.779896919310133496e-01 1.683246476999999963e+00
4.641710302999999982e+01 4.730208394807535743e-01 1.666542125999999957e+00
4.636397146000000191e+01 2.439793449009271809e-01 1.669257852999999958e+00
4.628929626000000042e+01 3.892045313740405965e-01 1.724394556000000023e+00
4.620692890000000119e+01 7.553838587014628514e-01 1.769489408999999958e+00
4.652753794000000198e+01 5.047201948088175794e-01 1.657515027000000085e+00
4.649156543000000141e+01 4.310179333116807565e-01 1.673401074000000044e+00
4.636463516999999968e+01 2.461396632514817329e-01 1.665008537000000066e+00
4.623146136999999811e+01 3.040995970950092775e-01 1.642386040000000103e+00
4.617261247999999796e+01 3.228112572212050169e-01 1.641909840000000065e+00
4.616381599000000335e+01 2.389487033909832858e-01 1.650690170999999928e+00
4.618005400999999921e+01 1.040216039370358142e-01 1.655205905999999949e+00
4.621756294000000054e+01 2.270464275082990369e-01 1.656009276999999891e+00
4.625373279000000082e+01 3.600169399876299581e-01 1.654834876000000010e+00
4.625432795999999769e+01 3.596945313906342312e-01 1.653236334000000030e+00
4.621910374000000132e+01 2.262867259380160201e-01 1.652084305999999891e+00
4.618210868999999974e+01 1.040586152968902833e-01 1.651302143999999972e+00
4.616599563999999845e+01 2.397803863094240540e-01 1.649772055999999987e+00
4.617440108000000265e+01 3.232069265527436341e-01 1.645479520000000084e+00
4.623218236999999675e+01 3.031526092227366243e-01 1.647804935999999998e+00
4.636422061999999755e+01 2.447054145002910408e-01 1.666083632000000092e+00
4.649067158999999805e+01 4.283515819167199590e-01 1.667492511999999927e+00
4.660758329000000089e+01 5.229381108038043680e-01 1.583010510000000037e+00
4.662830539000000130e+01 3.977692717647741683e-01 1.623636158999999912e+00
4.641567778999999661e+01 4.738347379926802772e-01 1.674097882999999953e+00
4.617325206000000293e+01 3.242943904877116923e-01 1.649316970999999965e+00
4.610072782000000302e+01 1.109446844797936094e-01 1.627921473000000008e+00
4.615376961999999850e+01 1.998954266393198342e-01 1.622621933000000016e+00
4.626824158000000153e+01 3.989934085536255837e-01 1.618938788999999989e+00
4.639990282000000121e+01 5.525267287200583688e-01 1.613966919999999972e+00
4.649368067000000337e+01 6.278000705167844364e-01 1.609805490000000061e+00
4.649421256000000113e+01 6.275414643863564956e-01 1.608979723999999889e+00
4.640120184999999964e+01 5.519796105220868832e-01 1.611738367999999921e+00
4.626984551000000323e+01 3.984175060097316923e-01 1.616215162999999899e+00
4.615533953999999994e+01 1.995782398922988643e-01 1.620987294999999939e+00
4.610188895999999659e+01 1.106676153380072997e-01 1.629008526000000012e+00
4.617348292999999870e+01 3.229215136461621172e-01 1.652380485999999982e+00
4.641490516999999727e+01 4.725595150521553212e-01 1.671892138000000028e+00
4.662622125000000040e+01 3.981929847664632538e-01 1.608119195000000001e+00
4.664173525999999725e+01 2.006713509068016876e-01 1.632588796999999925e+00
4.669624472999999654e+01 2.270768899053303702e-01 1.659863451999999961e+00
4.643993993000000131e+01 5.753578720065993801e-01 1.698131878999999955e+00
4.616386483000000140e+01 2.382268694161431555e-01 1.662199613999999936e+00
4.615399938000000191e+01 1.995158144861147453e-01 1.628674624999999931e+00
4.630333161000000075e+01 4.440571777957845190e-01 1.615043671000000014e+00
4.650952775999999744e+01 6.058918391560954575e-01 1.603959864999999985e+00
4.671201566999999955e+01 6.932053088754868142e-01 1.593528762000000043e+00
4.684626278000000354e+01 7.168133488707147949e-01 1.586715375000000039e+00
4.684680825000000226e+01 7.166849126234741130e-01 1.586393452000000037e+00
4.671324778999999694e+01 6.930682932479987901e-01 1.592380479000000015e+00
4.651090976999999782e+01 6.058555893618421395e-01 1.602149567999999968e+00
4.630457296000000156e+01 4.441906548294141110e-01 1.613559415000000108e+00
4.615485252999999943e+01 2.000386966306204606e-01 1.629429827999999914e+00
4.616390192000000070e+01 2.366935732540042525e-01 1.667342488999999928e+00
4.643908274999999719e+01 5.739341476952185550e-01 1.704713638999999947e+00
4.669390152999999799e+01 2.265565372627937057e-01 1.660538660999999916e+00
4.670136637000000235e+01 9.927327552202536154e-02 1.640048925999999962e+00
4.672472903999999971e+01 1.003923770774800689e-01 1.667139447999999913e+00
4.641482893999999959e+01 5.740699220644270850e-01 1.707583062000000096e+00
4.617946039000000269e+01 1.009315470388657265e-01 1.669955096000000028e+00
4.626835530000000318e+01 3.985016174460787042e-01 1.630731916000000004e+00
4.650956434999999800e+01 6.055699806962452358e-01 1.610191589000000034e+00
4.678672311999999778e+01 7.049431044913608835e-01 1.593884269999999992e+00
4.703705140000000284e+01 7.298347178302865279e-01 1.580746750999999950e+00
4.719753605999999735e+01 7.093527770101584196e-01 1.573350999999999944e+00
4.719820648999999690e+01 7.093364716597022612e-01 1.573508150000000105e+00
4.703844715999999693e+01 7.300608895534616005e-01 1.580559269000000100e+00
4.678815703000000070e+01 7.053351888695913452e-01 1.592941809999999903e+00
4.651076176000000117e+01 6.060494565676819434e-01 1.609141487999999898e+00
4.626915575999999675e+01 3.992587148842801081e-01 1.631512410000000024e+00
4.617952516999999801e+01 1.001140952758637209e-01 1.676557193999999917e+00
4.641400248000000062e+01 5.727337266910702551e-01 1.722098520000000077e+00
4.672283185999999944e+01 1.009436378101275789e-01 1.683756698999999912e+00
4.673475343999999865e+01 2.350599137650795922e-01 1.623381197000000054e+00
4.670615695000000045e+01 2.970945780634217659e-01 1.658261423999999984e+00
4.637420505000000048e+01 5.216468735835306791e-01 1.711845277999999970e+00
4.621642328000000077e+01 2.269889316111777244e-01 1.674237468000000062e+00
4.639972119000000106e+01 5.520664505188822568e-01 1.631334242000000101e+00
4.671188539999999989e+01 6.926120685637322527e-01 1.606024389000000108e+00
4.703689525000000060e+01 7.294313764479466444e-01 1.587260920000000075e+00
4.731580733999999921e+01 7.015202538596267967e-01 1.574200056000000014e+00
4.749244474999999710e+01 6.444427349301542485e-01 1.568539734000000019e+00
4.749340950999999933e+01 6.445483668765736862e-01 1.569382083000000039e+00
4.731764353999999884e+01 7.021549943644347369e-01 1.575255787999999990e+00
4.703865142000000077e+01 7.302486208423784042e-01 1.587465518999999992e+00
4.671328132000000011e+01 6.934090817243189209e-01 1.605759506999999919e+00
4.640066434999999956e+01 5.529539347943954741e-01 1.632399477999999959e+00
4.621667246999999890e+01 2.280965638618986380e-01 1.681036745000000110e+00
4.637350105000000156e+01 5.205393638307912463e-01 1.729123919999999925e+00
4.670476665000000338e+01 2.977333543224632284e-01 1.680661699000000064e+00
4.675499616999999830e+01 3.569041192915484717e-01 1.608554983000000105e+00
4.669082466999999781e+01 4.529605059646532039e-01 1.653430224000000059e+00
4.635180301999999841e+01 5.148377787108604497e-01 1.714273064999999985e+00
4.625197749000000158e+01 3.609076956524375213e-01 1.676272662999999996e+00
4.649306614000000337e+01 6.274770749908614720e-01 1.631528443000000106e+00
4.684575994000000065e+01 7.160325074950204538e-01 1.604180047999999914e+00
4.719693218999999829e+01 7.085551038450503825e-01 1.585286897000000028e+00
4.749185315999999801e+01 6.439160100831980982e-01 1.574386137000000074e+00
4.768123685999999850e+01 5.561111742629298860e-01 1.573231288999999977e+00
4.768277630000000045e+01 5.561928639033335564e-01 1.575137068999999945e+00
4.749447891999999882e+01 6.448496668138787857e-01 1.576925372999999908e+00
4.719931595999999985e+01 7.096609645410079104e-01 1.586695879999999947e+00
4.684762192000000169e+01 7.170247097475895837e-01 1.604752897000000011e+00
4.649438045000000130e+01 6.283893613229440955e-01 1.633013320000000101e+00
4.625260028999999662e+01 3.619833605029099122e-01 1.682981609999999906e+00
4.635138695999999925e+01 5.138854713721950906e-01 1.731882064000000110e+00
4.668977531000000170e+01 4.532518176564948043e-01 1.677239692999999976e+00
4.620987447000000259e+01 2.843125877104761834e-01 1.571926936999999969e+00
4.621257855000000347e+01 5.544274347944049275e-01 1.567921260000000094e+00
4.617985874000000024e+01 7.495305448467861620e-01 1.584176406999999953e+00
4.618538551999999697e+01 5.460277528265734537e-01 1.631078778000000007e+00
4.634488851999999781e+01 3.879936296744936897e-01 1.665851328000000020e+00
4.655670645000000007e+01 3.225209443095296558e-01 1.648160327000000036e+00
4.673811047000000229e+01 2.311697052550197029e-01 1.604927449999999922e+00
4.686810383000000257e+01 2.379861497415204918e-01 1.557362381999999990e+00
4.696528982000000241e+01 2.852362129989917117e-01 1.531240048999999992e+00
4.696688137999999668e+01 2.862947889098632626e-01 1.546442445999999915e+00
4.686977538000000010e+01 2.396750442625879274e-01 1.575332549000000082e+00
4.673870743999999888e+01 2.330324881257614389e-01 1.618977426999999913e+00
4.655623983000000266e+01 3.236466646564917782e-01 1.660200314999999982e+00
4.634393218000000303e+01 3.884586685909647286e-01 1.677451677999999946e+00
4.618450647000000231e+01 5.470353228879398788e-01 1.639352922999999906e+00
4.617934078999999770e+01 7.497763368058716349e-01 1.585079581000000015e+00
4.621225257999999769e+01 5.544064936710900726e-01 1.567377277000000069e+00
4.621227612999999934e+01 5.563818865108671741e-01 1.567831403000000012e+00
4.620366766000000069e+01 6.550516315709794535e-01 1.572025564999999903e+00
4.617125376999999986e+01 7.306681550367249978e-01 1.585920533999999993e+00
4.620136843000000226e+01 5.535923235444080159e-01 1.633998049999999980e+00
4.637008991999999807e+01 4.243435513773479162e-01 1.672924105999999966e+00
4.656793182999999914e+01 3.311917674503437325e-01 1.674070321000000083e+00
4.671135904999999866e+01 2.926172119231350566e-01 1.651552837000000107e+00
4.680694359000000304e+01 4.004316395580914123e-01 1.623151342000000108e+00
4.688811924000000175e+01 5.236714243017241976e-01 1.615405747000000058e+00
4.688905099000000121e+01 5.255537400696650430e-01 1.618881212000000014e+00
4.680806064000000077e+01 4.015141378956602058e-01 1.626184990000000052e+00
4.671163751000000275e+01 2.928717627549330405e-01 1.652938707999999979e+00
4.656729864999999791e+01 3.322273735126577421e-01 1.677778919999999951e+00
4.636913103999999919e+01 4.254500501754062691e-01 1.680142290999999899e+00
4.620050839000000309e+01 5.549404183046123817e-01 1.640732247999999949e+00
4.617050325999999671e+01 7.308702820673684819e-01 1.586324650999999974e+00
4.620306429000000037e+01 6.545880284091225576e-01 1.570160521000000031e+00
4.617848430000000093e+01 7.515484679389339284e-01 1.586289121000000080e+00
4.617073754999999835e+01 7.327545562375759047e-01 1.590498975000000037e+00
4.612598375000000317e+01 6.728353861289044779e-01 1.600039393000000087e+00
4.612824060999999887e+01 5.440204977288255472e-01 1.644666127999999894e+00
4.622672926999999987e+01 5.401461055229975772e-01 1.693869507000000052e+00
4.631263283999999913e+01 5.742010525736160886e-01 1.706225807000000039e+00
4.637818132000000304e+01 5.265181744240213790e-01 1.701446113999999898e+00
4.645145825000000173e+01 4.806917286879900386e-01 1.696108224000000053e+00
4.651283276000000200e+01 4.750151111853709862e-01 1.694788696000000039e+00
4.651329461000000265e+01 4.747715254213693004e-01 1.693299123999999933e+00
4.645254294000000073e+01 4.801263930615325970e-01 1.691993982000000063e+00
4.637945768000000157e+01 5.257208034555559406e-01 1.696187961999999994e+00
4.631380225000000195e+01 5.733336428888786696e-01 1.702661033999999907e+00
4.622750977999999833e+01 5.400646593029581055e-01 1.694541399000000004e+00
4.612839876000000316e+01 5.453969165524521490e-01 1.647151599000000077e+00
4.612522134999999679e+01 6.734899759855889068e-01 1.596124035000000108e+00
4.616980689999999754e+01 7.325153212992913110e-01 1.584962905000000033e+00
4.618135232000000201e+01 5.510825939315430189e-01 1.641397745999999991e+00
4.619866097999999965e+01 5.587454882553053448e-01 1.648183624999999930e+00
4.612758617000000072e+01 5.467073817790427670e-01 1.657246336000000042e+00
4.600205727000000167e+01 4.269732090008261927e-01 1.640833038000000021e+00
4.600816333000000213e+01 3.081297062536349496e-01 1.647438941999999962e+00
4.609121839000000165e+01 1.986175904201516185e-01 1.653393104999999919e+00
4.621750203999999940e+01 2.272123961965357153e-01 1.656156101000000103e+00
4.635634246000000047e+01 3.220201212608405084e-01 1.657626523000000018e+00
4.645440117999999785e+01 3.612584721965858003e-01 1.658873591999999952e+00
4.645484639000000016e+01 3.606945883805837139e-01 1.657753964000000080e+00
4.635745920000000098e+01 3.209429328351470212e-01 1.654495067000000041e+00
4.621897152999999747e+01 2.264364248456202100e-01 1.651885848000000045e+00
4.609282358000000102e+01 1.994105907781168197e-01 1.649661918000000060e+00
4.600959497000000198e+01 3.095129850479317879e-01 1.646001620000000054e+00
4.600255002000000104e+01 4.274692213335500313e-01 1.639829248000000073e+00
4.612641019000000142e+01 5.466456587241481646e-01 1.650037704999999910e+00
4.619712725000000120e+01 5.583126110537277587e-01 1.641016731999999978e+00
4.633908747000000261e+01 3.892921596830001274e-01 1.683460489000000004e+00
4.636508975000000277e+01 4.258336893979129401e-01 1.692089277000000003e+00
4.622384038999999945e+01 5.389545132770642288e-01 1.711401299000000042e+00
4.600797225000000168e+01 3.078204921462739940e-01 1.656598905000000066e+00
4.603276615000000049e+01 2.548103188040287681e-01 1.622070702999999892e+00
4.619230273000000153e+01 4.191285124930430039e-01 1.616704346999999986e+00
4.640012011999999686e+01 5.525945267253928872e-01 1.614218463000000048e+00
4.660253428000000042e+01 6.247408540077006300e-01 1.611749580999999987e+00
4.673637101999999999e+01 6.389539404172572823e-01 1.610634300999999935e+00
4.673680080999999831e+01 6.386368787206353481e-01 1.610024877999999937e+00
4.660354602000000313e+01 6.241456616891228881e-01 1.609909516999999957e+00
4.640134364000000033e+01 5.519906191374461812e-01 1.611510840000000000e+00
4.619353135000000066e+01 4.187256616220160765e-01 1.614131269999999896e+00
4.603378156000000132e+01 2.551542918276265004e-01 1.621321996000000043e+00
4.600817900999999921e+01 3.071846221679786493e-01 1.659082426000000110e+00
4.622271024999999867e+01 5.376068902350732426e-01 1.711744319999999986e+00
4.636330920000000333e+01 4.250281119203377367e-01 1.689491195000000001e+00
4.655129440999999701e+01 3.240018907323617414e-01 1.668066653999999982e+00
4.656200276999999943e+01 3.314935899725640622e-01 1.691617893000000095e+00
4.630854650999999933e+01 5.696265939596383276e-01 1.722391039999999984e+00
4.609052961999999809e+01 1.975321399038658665e-01 1.667775473999999925e+00
4.619226589000000160e+01 4.189449675469508194e-01 1.624888260999999945e+00
4.643566451000000228e+01 6.005238256447403833e-01 1.606968598999999998e+00
4.671224784999999713e+01 6.931556599731243384e-01 1.593654925999999916e+00
4.696288773999999933e+01 7.175187970950092087e-01 1.583251401999999919e+00
4.712416241999999755e+01 6.976749086840979830e-01 1.577697764000000058e+00
4.712466131000000047e+01 6.974668200854681199e-01 1.577515073000000045e+00
4.696395506999999725e+01 7.172533092730724036e-01 1.582374648999999911e+00
4.671340330000000307e+01 6.929459322446114289e-01 1.592067697999999920e+00
4.643670986000000056e+01 6.004045748474572397e-01 1.605420416000000072e+00
4.619306593000000305e+01 4.191466728542525000e-01 1.625102977999999920e+00
4.609073972000000197e+01 1.972890433980747371e-01 1.672995736000000067e+00
4.630783939999999888e+01 5.682374442796706004e-01 1.731511148000000055e+00
4.656033057999999869e+01 3.312966132441728107e-01 1.697578927999999987e+00
4.673455852000000021e+01 2.352611703293300549e-01 1.625357713000000093e+00
4.670593067000000076e+01 2.973811932076419473e-01 1.664059353999999935e+00
4.637400608000000091e+01 5.215338784488813273e-01 1.715569225000000086e+00
4.621638443999999879e+01 2.273077308878868608e-01 1.674977807999999957e+00
4.639981163000000208e+01 5.523661165863991140e-01 1.630094447000000057e+00
4.671207375000000184e+01 6.929307590183872989e-01 1.602248090000000014e+00
4.703717499999999774e+01 7.297748490213818995e-01 1.580649737999999971e+00
4.731614084999999648e+01 7.018237830078137840e-01 1.564472166000000053e+00
4.749269120000000299e+01 6.445670285279541112e-01 1.555628561000000021e+00
4.749339771000000354e+01 6.444368718282130759e-01 1.555923551000000016e+00
4.731749472999999995e+01 7.018675779917642465e-01 1.564527707999999961e+00
4.703850098000000202e+01 7.299164307809811181e-01 1.580059612999999974e+00
4.671317343999999849e+01 6.930991443741864044e-01 1.601586576000000095e+00
4.640061017000000021e+01 5.526702359433415257e-01 1.630934394999999926e+00
4.621670238000000097e+01 2.277852186563402437e-01 1.680703371999999973e+00
4.637363325999999830e+01 5.205522968663811589e-01 1.728593011000000068e+00
4.670470206000000246e+01 2.973304796866562127e-01 1.680336003000000078e+00
4.686755450999999795e+01 2.428891471232434429e-01 1.576289781000000056e+00
4.680308852999999658e+01 4.090492814519657294e-01 1.631391529999999923e+00
4.644731431999999671e+01 4.768741003478265683e-01 1.709625450000000102e+00
4.635473829000000023e+01 3.225356707716799387e-01 1.680751901999999909e+00
4.660178720999999769e+01 6.244710802018433871e-01 1.634935374000000108e+00
4.696233040999999986e+01 7.170326254945077471e-01 1.600585777999999904e+00
4.731574300999999849e+01 7.014442669574041389e-01 1.573850811000000016e+00
4.760459600000000080e+01 6.262375642544161236e-01 1.554771075999999974e+00
4.778446687000000281e+01 5.333228250511787838e-01 1.544676790000000022e+00
4.778564332999999920e+01 5.333192428113467942e-01 1.545709575999999918e+00
4.760657265999999765e+01 6.267175787103780316e-01 1.556060253999999921e+00
4.731752364999999827e+01 7.019934987304056184e-01 1.574480796000000016e+00
4.696371338000000151e+01 7.175099738855414966e-01 1.600967269999999942e+00
4.660275621000000257e+01 6.249373405951489380e-01 1.636478845000000071e+00
4.635522179000000165e+01 3.231560928786228470e-01 1.686525759000000013e+00
4.644715097000000270e+01 4.761750494236338116e-01 1.723415595999999939e+00
4.680220565999999849e+01 4.089852231574977459e-01 1.652884435000000041e+00
4.696769925000000256e+01 2.897715340069938472e-01 1.543828858999999998e+00
4.688484053999999901e+01 5.358896420223236978e-01 1.619217426999999931e+00
4.650833089999999714e+01 4.718986815424266457e-01 1.709088750000000045e+00
4.645222060999999769e+01 3.621947783229945150e-01 1.685625009000000007e+00
4.673507570999999672e+01 6.387927180375833069e-01 1.639566703000000070e+00
4.712301333999999997e+01 6.970277038345843446e-01 1.602383383999999911e+00
4.749153943999999683e+01 6.437957936520314339e-01 1.573821836000000030e+00
4.778346916999999650e+01 5.326995358512286449e-01 1.554972127000000093e+00
4.796503400999999656e+01 4.053702934610700082e-01 1.547310919000000062e+00
4.796731613000000038e+01 4.055029394712389990e-01 1.549887948000000071e+00
4.778659461000000164e+01 5.336729639138899639e-01 1.558003000000000027e+00
4.749412844999999805e+01 6.446843268767440405e-01 1.575839277999999899e+00
4.712492825000000352e+01 6.977258976551632408e-01 1.603800055000000002e+00
4.673639870000000229e+01 6.393622209622967789e-01 1.641799379000000059e+00
4.645297309000000041e+01 3.627938517146827024e-01 1.691594154999999988e+00
4.650835255999999873e+01 4.711415089751629370e-01 1.723108810000000046e+00
4.688393243000000155e+01 5.352985419285591906e-01 1.645251100000000077e+00
4.586519837000000166e+01 3.200379398813886778e-01 1.635774633999999894e+00
4.584011718000000002e+01 3.378020496597206046e-01 1.634503516999999961e+00
4.581876608999999689e+01 2.941604357182072138e-01 1.724535589999999896e+00
4.602832461999999936e+01 3.382858321994992035e-01 1.755930664999999946e+00
4.626015936000000295e+01 3.608383674845771494e-01 1.715998262999999913e+00
4.650872000999999756e+01 3.802902680045162631e-01 1.661358278000000022e+00
4.675734579000000224e+01 3.528673481128189460e-01 1.596888513999999981e+00
4.696711008999999848e+01 2.853472028019584661e-01 1.529721330999999962e+00
4.709938213000000218e+01 1.829289070682562357e-01 1.480036450000000059e+00
4.710235729000000049e+01 1.838698883193486677e-01 1.509485136999999977e+00
4.696877830999999759e+01 2.864324202773734229e-01 1.545606876999999990e+00
4.675779784000000205e+01 3.541699346174640994e-01 1.603694302000000071e+00
4.650849915999999951e+01 3.809123413612114928e-01 1.666231876999999972e+00
4.625964496999999653e+01 3.608830412617550776e-01 1.721552508999999898e+00
4.602774727999999982e+01 3.381956381983351467e-01 1.762570087999999924e+00
4.581777885000000339e+01 2.941665629168900842e-01 1.735302504000000079e+00
4.583990982000000258e+01 3.375502368994606206e-01 1.635186942000000032e+00
4.583976118000000355e+01 3.377357657769106680e-01 1.635367725999999911e+00
4.581933671000000174e+01 3.476633891614657190e-01 1.632653493999999927e+00
4.581441973999999817e+01 2.950796961231073601e-01 1.725039846000000043e+00
4.601652565999999922e+01 3.429624535307101429e-01 1.756593886999999965e+00
4.624351997000000125e+01 3.711057773029705631e-01 1.727645960000000036e+00
4.647654341999999872e+01 3.958932105771870158e-01 1.690978641999999921e+00
4.669534820999999880e+01 4.480183659248137551e-01 1.651337824999999926e+00
4.688805050999999935e+01 5.265612359862228420e-01 1.614883268000000038e+00
4.704853981000000118e+01 6.140904234735233835e-01 1.599611413999999954e+00
4.704962526999999994e+01 6.198962840639820060e-01 1.607571474000000000e+00
4.688848906999999855e+01 5.279231705673117503e-01 1.618111724999999890e+00
4.669495996999999932e+01 4.486173158532588134e-01 1.651885741999999935e+00
4.647559683000000064e+01 3.963267340997276844e-01 1.692349628000000106e+00
4.624239716999999672e+01 3.710040213144714105e-01 1.731431673999999976e+00
4.601549393999999893e+01 3.426204783708626245e-01 1.762773225000000110e+00
4.581334683000000041e+01 2.948202570848495463e-01 1.734887360999999961e+00
4.581899506999999971e+01 3.472672575114663096e-01 1.632773755999999965e+00
4.581298094999999648e+01 2.956667879995704684e-01 1.734063351999999947e+00
4.580996143000000131e+01 2.945732328613787643e-01 1.736537191999999896e+00
4.574842689999999834e+01 1.846648507741487089e-01 1.731071561999999897e+00
4.588936789000000260e+01 4.401020006515484750e-01 1.757567394000000061e+00
4.605197301999999837e+01 5.235682126514136225e-01 1.747385353999999946e+00
4.620145331999999883e+01 5.496302972846960344e-01 1.723641557999999963e+00
4.635598987000000193e+01 5.181234806738711507e-01 1.703638438999999893e+00
4.651251450000000176e+01 4.748055169169107526e-01 1.694721676999999982e+00
4.662458775000000344e+01 4.313039044799950594e-01 1.696199381000000006e+00
4.662475749000000036e+01 4.311551326870384226e-01 1.695692230999999994e+00
4.651283683999999852e+01 4.745785277875890218e-01 1.693161307000000004e+00
4.635622872999999800e+01 5.177990060519344073e-01 1.701402998000000055e+00
4.620143311999999725e+01 5.489456615576592258e-01 1.721929301000000079e+00
4.605153935999999959e+01 5.226601670324525495e-01 1.748103514999999941e+00
4.588857379000000236e+01 4.396499912445920311e-01 1.762425925999999921e+00
4.574786980999999741e+01 1.756252984289156382e-01 1.744376004999999896e+00
4.580914265999999913e+01 2.935997895631637933e-01 1.732414512999999934e+00
4.601986889999999875e+01 3.399159477716422462e-01 1.776994901999999987e+00
4.600875986999999867e+01 3.435937366525015912e-01 1.778376377000000064e+00
4.588366403999999932e+01 4.376378502846626772e-01 1.777491560999999942e+00
4.575017889000000082e+01 2.980861809464966927e-01 1.643992289999999912e+00
4.585897302000000053e+01 2.770098039620831343e-01 1.642726249999999943e+00
4.604230792999999977e+01 3.156822317331521854e-01 1.650879341000000000e+00
4.625373721999999788e+01 3.607812237668187039e-01 1.654897824000000073e+00
4.645448260999999945e+01 3.617350891792664447e-01 1.658963395000000007e+00
4.658645073999999653e+01 3.090406467758837761e-01 1.663860435999999998e+00
4.658657989000000299e+01 3.086520617972347003e-01 1.663459566000000001e+00
4.645476839999999896e+01 3.611996248872997861e-01 1.657770763000000036e+00
4.625406011999999834e+01 3.604931877520509143e-01 1.653100516000000075e+00
4.604262093999999905e+01 3.159611335518249242e-01 1.648980753000000021e+00
4.585921388999999948e+01 2.783326713294514976e-01 1.641728088000000030e+00
4.574999351999999675e+01 2.993025365651436065e-01 1.644738446999999937e+00
4.588241329000000235e+01 4.370790955274252432e-01 1.776038497000000049e+00
4.600774659999999727e+01 3.434808963528985792e-01 1.776991215000000013e+00
4.625315022000000198e+01 3.636535433853306243e-01 1.734563641999999906e+00
4.623634668999999775e+01 3.730464725953764327e-01 1.747280536999999967e+00
4.604594148999999703e+01 5.202337139653939735e-01 1.767842061999999936e+00
4.585852652999999890e+01 2.763930774791512612e-01 1.654227053999999919e+00
4.599047456000000267e+01 4.349355455360628953e-01 1.613988347000000045e+00
4.622874745000000019e+01 5.600266351962783773e-01 1.610565808999999904e+00
4.649429932999999693e+01 6.280275380908653116e-01 1.610023855999999975e+00
4.673674416000000065e+01 6.390991343173325623e-01 1.610757070000000013e+00
4.689301638999999966e+01 6.092953789656624375e-01 1.613314037999999950e+00
4.689312477000000001e+01 6.090875391394331428e-01 1.613109385000000007e+00
4.673695505999999966e+01 6.387452685148022891e-01 1.610076712999999993e+00
4.649449178999999788e+01 6.277001418198485672e-01 1.608936031999999905e+00
4.622888439999999832e+01 5.598172940845460577e-01 1.609410358999999957e+00
4.599051835000000210e+01 4.350765083122097310e-01 1.613527589999999901e+00
4.585825590000000318e+01 2.770508630944735762e-01 1.656394676999999982e+00
4.604509681999999771e+01 5.195928475617268560e-01 1.769928326000000052e+00
4.623536670000000015e+01 3.731080421030865124e-01 1.747465016999999898e+00
4.650376839999999845e+01 3.835746004624591143e-01 1.677221896000000045e+00
4.647041375999999957e+01 3.986905416438712990e-01 1.707541294999999959e+00
4.619631226999999996e+01 5.451242812220443712e-01 1.742448347000000064e+00
4.604132151999999678e+01 3.160214956466893543e-01 1.668847242000000008e+00
4.622855978999999849e+01 5.599123364104521272e-01 1.620713140000000108e+00
4.653034758999999809e+01 6.776280511815228058e-01 1.600448343999999912e+00
4.684698711000000060e+01 7.167090966344294989e-01 1.586730616999999954e+00
4.712463874000000175e+01 6.976452696047615865e-01 1.577713075999999992e+00
4.730286551999999745e+01 6.460234735832744990e-01 1.574420235999999917e+00
4.730300187999999650e+01 6.458345190588384854e-01 1.574426738999999964e+00
4.712486327999999958e+01 6.973893793868137791e-01 1.577477921000000061e+00
4.684714813000000078e+01 7.164952488272560149e-01 1.586182506999999964e+00
4.653041937999999789e+01 6.774809956659160193e-01 1.599872458999999969e+00
4.622853399000000252e+01 5.599276200413122462e-01 1.620806927999999925e+00
4.604113163000000242e+01 3.163917514692063948e-01 1.671294352000000094e+00
4.619589598000000308e+01 5.448410431946778543e-01 1.746996527999999937e+00
4.646963682999999889e+01 3.988863789630778811e-01 1.710511985999999984e+00
4.675482865000000032e+01 3.569048145756260615e-01 1.611861213999999931e+00
4.669041270000000310e+01 4.529937053237122480e-01 1.665741539999999965e+00
4.635164161000000149e+01 5.143259928332379882e-01 1.721923255999999958e+00
4.625232134000000173e+01 3.613969383394441404e-01 1.678159546000000057e+00
4.649373081000000241e+01 6.279558055386549320e-01 1.629445849999999973e+00
4.684667711000000168e+01 7.165819853518415883e-01 1.597312888000000042e+00
4.719809055999999714e+01 7.091849638534180045e-01 1.572973669000000019e+00
4.749313588999999780e+01 6.444997690250159339e-01 1.555431742999999978e+00
4.768210991000000121e+01 5.562909105188362791e-01 1.545781413000000049e+00
4.768238268999999718e+01 5.560362854680466205e-01 1.546098629000000058e+00
4.749352700000000027e+01 6.443007359203383189e-01 1.555689177000000090e+00
4.719836886000000220e+01 7.090660977449656510e-01 1.572930761999999927e+00
4.684682758000000291e+01 7.165161467998895084e-01 1.597223561999999930e+00
4.649376939999999792e+01 6.279657059231760208e-01 1.629927228999999977e+00
4.625224868000000100e+01 3.615484312520758081e-01 1.680545916000000028e+00
4.635148157999999796e+01 5.143278268289551702e-01 1.727275265000000060e+00
4.668995879999999943e+01 4.529792545535056281e-01 1.672748015999999893e+00
4.696756237000000311e+01 2.898940129325924819e-01 1.546779973999999891e+00
4.688442440000000033e+01 5.355881730794425089e-01 1.628724449999999990e+00
4.650833673999999718e+01 4.715374786574060284e-01 1.713944165000000019e+00
4.645255250999999674e+01 3.624802209785857876e-01 1.687275298999999951e+00
4.673563721000000015e+01 6.390646771423705852e-01 1.638995648000000083e+00
4.712380157999999852e+01 6.973699006620444063e-01 1.599366037000000018e+00
4.749257993999999883e+01 6.442486358018209014e-01 1.567664618000000010e+00
4.778470313999999775e+01 5.332471452948112089e-01 1.544187243999999959e+00
4.796598445000000055e+01 4.056831102901101715e-01 1.528882309999999967e+00
4.796671435999999744e+01 4.052788252682816839e-01 1.529783566000000095e+00
4.778555910000000040e+01 5.331412826321454412e-01 1.545168195000000022e+00
4.749319985000000344e+01 6.442439250536013962e-01 1.568271570000000059e+00
4.712419855000000268e+01 6.974013852340467112e-01 1.599829863000000074e+00
4.673586164000000309e+01 6.391155989051069408e-01 1.639887520999999904e+00
4.645263991000000203e+01 3.625476003418027782e-01 1.689739947999999936e+00
4.650832079999999991e+01 4.714940316119536345e-01 1.719570760000000087e+00
4.688421352000000297e+01 5.353576593951611118e-01 1.640335244999999942e+00
4.710339748999999898e+01 1.869624698108026672e-01 1.498796239999999891e+00
4.704529629000000313e+01 6.349887874022845935e-01 1.613556422999999906e+00
4.662004008000000255e+01 4.278876981984470196e-01 1.717050831000000111e+00
4.658396445999999713e+01 3.105324938362723497e-01 1.696286868000000059e+00
4.689130251000000271e+01 6.095144593684637124e-01 1.648689749999999954e+00
4.730129936000000157e+01 6.457910402763339386e-01 1.606314030000000059e+00
4.768057547000000085e+01 5.558721622672712082e-01 1.571806089000000073e+00
4.796465580999999645e+01 4.051010283798853195e-01 1.546465012000000083e+00
4.812384680000000259e+01 2.372817829197557682e-01 1.530366675000000010e+00
4.812628176999999852e+01 2.375353642988143332e-01 1.532627761000000088e+00
4.796672715999999781e+01 4.051539922047942555e-01 1.548855584000000007e+00
4.768193262999999860e+01 5.559081593888893780e-01 1.573320312000000110e+00
4.730216490000000107e+01 6.458660626016363704e-01 1.607360418999999929e+00
4.689184768999999875e+01 6.095839409914960427e-01 1.649961022999999916e+00
4.658427730999999739e+01 3.105358289408078343e-01 1.698930532000000104e+00
4.662013344999999731e+01 4.275686474827398720e-01 1.723007643000000089e+00
4.704500614999999897e+01 6.340504552227913537e-01 1.633701556999999971e+00
