1.523149998000000060e+01 0.000000000000000000e+00 2.132783782000000183e+00
1.520677537999999984e+01 7.392248958072913934e-02 2.122293234999999889e+00
1.513172420000000074e+01 1.503126496466433981e-01 2.086351545999999946e+00
1.500424459999999982e+01 2.300921182501585449e-01 2.027804461000000114e+00
1.482274838000000017e+01 3.102860670855916436e-01 1.949120849000000044e+00
1.459007919999999991e+01 3.796871704810111381e-01 1.854306967999999944e+00
1.432193818999999912e+01 4.109548124794545898e-01 1.750801333000000071e+00
1.405909349999999947e+01 3.515974452251774962e-01 1.649537449999999961e+00
1.388345093000000041e+01 1.465437842810057845e-01 1.581358008999999898e+00
1.520716657000000005e+01 7.381245056003794824e-02 2.152447142999999841e+00
1.516692508999999944e+01 1.438747271984518183e-01 2.183293502000000164e+00
1.507620967000000078e+01 2.235054723649833874e-01 2.128126657000000144e+00
1.494193669999999941e+01 2.878023018637121955e-01 2.060698688000000001e+00
1.478037727999999973e+01 2.597731768285784226e-01 1.969340944000000038e+00
1.461631857999999973e+01 3.670228440834891193e-01 1.862499933000000052e+00
1.435895851999999984e+01 4.120464130856550944e-01 1.758331478999999975e+00
1.410421202999999934e+01 3.683307341865958429e-01 1.658238317999999989e+00
1.393294406999999957e+01 2.073838383302663846e-01 1.590487197999999935e+00
1.513222260000000041e+01 1.501076277000771286e-01 2.125753357999999871e+00
1.507683980000000012e+01 2.238590200727502144e-01 2.194644103999999984e+00
1.495079164000000027e+01 3.124672294625193136e-01 2.157823806000000122e+00
1.478801503999999944e+01 3.741669944454386054e-01 2.104839475999999987e+00
1.465209034999999993e+01 2.635219816904817991e-01 2.019225678999999829e+00
1.469103926999999921e+01 3.065013527368340984e-01 1.849723709999999910e+00
1.447373447000000013e+01 4.189172468853709086e-01 1.743808763000000095e+00
1.424650714000000029e+01 4.264655710953160206e-01 1.641871297000000007e+00
1.409041947999999955e+01 3.526906519028813469e-01 1.572301946999999922e+00
1.500491135999999948e+01 2.298080499842461433e-01 2.082728062999999796e+00
1.494289445999999977e+01 2.879835897273926304e-01 2.169467388000000163e+00
1.478843361000000023e+01 3.742786971450602351e-01 2.149257889999999893e+00
1.458553335999999945e+01 4.407378307068682277e-01 2.114164618000000218e+00
1.444249974999999964e+01 3.699887739220930061e-01 2.044700862000000008e+00
1.477471543999999959e+01 2.079714487440527115e-01 1.846054069000000020e+00
1.467863906999999912e+01 4.515786520047812558e-01 1.714560252999999923e+00
1.451226684999999961e+01 5.655526684020358852e-01 1.608275898000000037e+00
1.439076513999999918e+01 5.971058877139285848e-01 1.535559949000000035e+00
1.482363291000000061e+01 3.099443267234262556e-01 2.025902472999999926e+00
1.478169059000000019e+01 2.594242177587997578e-01 2.109324609000000184e+00
1.465293589999999924e+01 2.639994436348785389e-01 2.073097417000000053e+00
1.444294346000000040e+01 3.705148865332271724e-01 2.019829751000000062e+00
1.417537888000000024e+01 3.750014910467766027e-01 2.035076999999999803e+00
1.470524804999999979e+01 6.584203173338668558e-01 1.853266615999999978e+00
1.494563439999999943e+01 2.378090453248653258e-01 1.759859626999999982e+00
1.494725324999999927e+01 7.334636370270604111e-01 1.585356602999999920e+00
1.490610537000000058e+01 9.507098828341387087e-01 1.494219031000000086e+00
1.459121812999999968e+01 3.793080810949044368e-01 1.959372826000000067e+00
1.461765201999999952e+01 3.668483041156762048e-01 1.925799465000000099e+00
1.469210857999999931e+01 3.054816437931037187e-01 1.913392317000000009e+00
1.477460501999999920e+01 2.107781324287563429e-01 1.864322701999999943e+00
1.470454802000000072e+01 6.570772007128022896e-01 1.763822710999999988e+00
1.472103184000000020e+01 2.645547089073315705e-01 1.800141948999999908e+00
1.488687456000000076e+01 2.929551097807846505e-01 1.860134866999999970e+00
1.504709098000000012e+01 2.713922708414482909e-01 1.877837763000000049e+00
1.515600741999999990e+01 2.002765081931120184e-01 1.900870426000000002e+00
1.432365983999999948e+01 4.108476808827862259e-01 1.925689187999999996e+00
1.436051053999999993e+01 4.117009011947351804e-01 1.835087673000000086e+00
1.447517962999999952e+01 4.183870404465549475e-01 1.826398425000000048e+00
1.467975120999999916e+01 4.503784864267481036e-01 1.817175337999999973e+00
1.494514140999999974e+01 2.353407254177548313e-01 1.848591912999999920e+00
1.488624880000000061e+01 2.922103505582873684e-01 1.818645470999999958e+00
1.487243574999999929e+01 1.429607528097515678e-01 1.800503659000000090e+00
1.499359177999999915e+01 2.299361454246018899e-01 1.800502398999999976e+00
1.512129404000000044e+01 1.688688998216838211e-01 1.801406835999999956e+00
1.406089953999999942e+01 3.515400941605226759e-01 1.833649421000000057e+00
1.410600694000000033e+01 3.680305653754343265e-01 1.753455999000000043e+00
1.424825249999999954e+01 4.260846458015803417e-01 1.749032150999999979e+00
1.451384758999999924e+01 5.649111193271719733e-01 1.749514462000000048e+00
1.494817950999999923e+01 7.306044400723206156e-01 1.787335115000000085e+00
1.504641875999999989e+01 2.711839100548947834e-01 1.826349365000000002e+00
1.499332180999999942e+01 2.300172397541741243e-01 1.752479895000000010e+00
1.513297984999999990e+01 4.617980461579189733e-01 1.690404060999999958e+00
1.533962891999999911e+01 5.323532586138493006e-01 1.657307419999999976e+00
1.388527090000000008e+01 1.465996392199154785e-01 1.752482958999999951e+00
1.393491528999999929e+01 2.072762255301706658e-01 1.699528200999999905e+00
1.409238159000000046e+01 3.525569520745144292e-01 1.698549891000000089e+00
1.439265727000000084e+01 5.968183527202731709e-01 1.707411381000000006e+00
1.490777240000000070e+01 9.500235801021472692e-01 1.750600772000000083e+00
1.515540689999999913e+01 1.999622008210237556e-01 1.818206063000000094e+00
1.512102754000000004e+01 1.692549543661956701e-01 1.715269822000000000e+00
1.533959469000000020e+01 5.324192201660852275e-01 1.604328485999999998e+00
1.565004672999999968e+01 4.467728236823464982e-01 1.541684598000000017e+00
1.520691380999999964e+01 7.381708749317002216e-02 2.116340597000000212e+00
1.516687684000000047e+01 1.440364029916362532e-01 2.143826119999999946e+00
1.507612089999999938e+01 2.237310247956093290e-01 2.101076190000000121e+00
1.494182235000000070e+01 2.879321296205420433e-01 2.044146051999999880e+00
1.478040526000000021e+01 2.593362957073884756e-01 1.964625701999999974e+00
1.461610480999999950e+01 3.669147071406740346e-01 1.844176078000000052e+00
1.435878209000000005e+01 4.118880921149032925e-01 1.736816549999999904e+00
1.410409469000000016e+01 3.681422646635488238e-01 1.635632508000000040e+00
1.393291606000000016e+01 2.072048862414352099e-01 1.567696588000000002e+00
1.393305488999999930e+01 2.076269941351857051e-01 1.568054762999999907e+00
1.410445870000000035e+01 3.685838248846304843e-01 1.636015586999999938e+00
1.435927537999999970e+01 4.122060536391635166e-01 1.736196569000000078e+00
1.461664951000000023e+01 3.670977527322985545e-01 1.842820796000000039e+00
1.478059971999999966e+01 2.596736088008895216e-01 2.016284590999999793e+00
1.494211480999999964e+01 2.875816969872567741e-01 2.101367694999999980e+00
1.507629786999999943e+01 2.233178901911456182e-01 2.166908907999999911e+00
1.516689138999999997e+01 1.437185185299753032e-01 2.217109519000000084e+00
1.516668416999999991e+01 1.434678138969878725e-01 2.146935624999999792e+00
1.509411358999999919e+01 2.380021087319083295e-01 2.140426924999999869e+00
1.498642184999999927e+01 3.166112166354230761e-01 2.110923845999999937e+00
1.484096302999999928e+01 3.909176731482253975e-01 2.058375469000000013e+00
1.464975680000000047e+01 4.601136606101584037e-01 1.984665754999999976e+00
1.441151896000000043e+01 5.200122115088666730e-01 1.894103848000000090e+00
1.413838757999999984e+01 5.527302184879961944e-01 1.794273696999999945e+00
1.386986330999999950e+01 5.211766194666235252e-01 1.699231260999999993e+00
1.368854323000000051e+01 4.177673799975111235e-01 1.637218615000000099e+00
1.368885732000000033e+01 4.177660045741504180e-01 1.643972090999999969e+00
1.387066017000000073e+01 5.209055671547141442e-01 1.717316312999999983e+00
1.413940741999999950e+01 5.521501741885000980e-01 1.820257186999999943e+00
1.441255212000000085e+01 5.192135075789970911e-01 1.926007647000000045e+00
1.465065311000000037e+01 4.592253526325795754e-01 2.021767778000000071e+00
1.484161609999999953e+01 3.900694637160806999e-01 2.100509165000000067e+00
1.498676634999999990e+01 3.159057101176132032e-01 2.157745765000000038e+00
1.509413522000000007e+01 2.375001653683986858e-01 2.190378350000000029e+00
1.507651152999999944e+01 2.234663051543645806e-01 2.128436983999999921e+00
1.498676687000000030e+01 3.166783842800583448e-01 2.130674874999999968e+00
1.484841637000000070e+01 3.963714415988907613e-01 2.117998581999999796e+00
1.467699700999999912e+01 4.683919025114293144e-01 2.078781835000000022e+00
1.448681773000000028e+01 5.054934348345792028e-01 2.006738207999999801e+00
1.436389143000000068e+01 6.261948219603183929e-01 1.858713228000000051e+00
1.421843029000000058e+01 7.350742160345452580e-01 1.747150548000000025e+00
1.399436698000000057e+01 7.944531197086500685e-01 1.655026510999999978e+00
1.382446178000000003e+01 8.040933832785633895e-01 1.593247210999999997e+00
1.382485937999999948e+01 8.038483060905560196e-01 1.600735669999999944e+00
1.399536334999999987e+01 7.937942987962683938e-01 1.674189082000000051e+00
1.421978292000000010e+01 7.341503809203239195e-01 1.774761299999999986e+00
1.436564109000000045e+01 6.250384296907764980e-01 1.898945448999999952e+00
1.448807807999999930e+01 5.040944345190424558e-01 2.044189606000000214e+00
1.467777013000000075e+01 4.673997246845548736e-01 2.116224426000000047e+00
1.484882524000000004e+01 3.955886456224884107e-01 2.161350381000000098e+00
1.498683295000000015e+01 3.161368329910919650e-01 2.181528059000000130e+00
1.494257368999999969e+01 2.877742417904320393e-01 2.080641675999999940e+00
1.484166826999999955e+01 3.909576001817794411e-01 2.102007836999999935e+00
1.467737924000000049e+01 4.684087529100020020e-01 2.107299907999999888e+00
1.447563296999999949e+01 5.286882481255998911e-01 2.084593235999999905e+00
1.429809612999999935e+01 4.783097691986503697e-01 2.011289706999999982e+00
1.446441536000000028e+01 5.608048875980815584e-01 1.795041047000000001e+00
1.442695020999999933e+01 6.908154840056595081e-01 1.722214504000000090e+00
1.426187559999999976e+01 8.279618544095229682e-01 1.631092801000000092e+00
1.412642800999999970e+01 8.966031896839056214e-01 1.566738224999999929e+00
1.412678984999999976e+01 8.964393455530142996e-01 1.574527460000000101e+00
1.426277280999999952e+01 8.275257906030595301e-01 1.651183647000000088e+00
1.442810906000000060e+01 6.902470488380603175e-01 1.750537425000000091e+00
1.446584381000000086e+01 5.599619332314565989e-01 1.832032037000000058e+00
1.429958565999999998e+01 4.768998977903915470e-01 2.045630617000000040e+00
1.447647431000000040e+01 5.277001145684813155e-01 2.115887750000000178e+00
1.467784669000000086e+01 4.676086140697593430e-01 2.146361268999999794e+00
1.484177575000000004e+01 3.904104049769645535e-01 2.151098774999999907e+00
1.478126798000000086e+01 2.598619327797498380e-01 2.000001501999999931e+00
1.465079266000000047e+01 4.600981009041927861e-01 2.055427148999999787e+00
1.448765769999999975e+01 5.054065563771797942e-01 2.057329850999999987e+00
1.429864979000000069e+01 4.783434097721672162e-01 2.005924511999999993e+00
1.422590914999999967e+01 1.373829175514092116e+00 1.539852672999999950e+00
1.465714834999999994e+01 4.347358255649088621e-01 1.754383728000000087e+00
1.472976846000000073e+01 5.209640448710108895e-01 1.730399363999999940e+00
1.468376379999999948e+01 7.965500957920191860e-01 1.650596771000000018e+00
1.462698366000000050e+01 9.637716369816292650e-01 1.591609907999999907e+00
1.462725303000000032e+01 9.636583374254216183e-01 1.600712847000000050e+00
1.468443459999999945e+01 7.962387106449787533e-01 1.674372747000000050e+00
1.473058510999999982e+01 5.204978695827419122e-01 1.760968942999999953e+00
1.465794773999999911e+01 4.342475314287875809e-01 1.777801552999999979e+00
1.422630850000000002e+01 1.374682506618182254e+00 1.533001255999999923e+00
1.429933018000000011e+01 4.775356589943941521e-01 2.029778458000000008e+00
1.448814280000000032e+01 5.045900502750512162e-01 2.091860137999999925e+00
1.465093833000000068e+01 4.595659348573533087e-01 2.099154737000000104e+00
1.461778561000000032e+01 3.665124800721623055e-01 2.041178600999999926e+00
1.441283381999999946e+01 5.199886834944831282e-01 1.995046735000000071e+00
1.436523840000000085e+01 6.260612521707893396e-01 1.892016284000000104e+00
1.446498438999999969e+01 5.605001491902851241e-01 1.792339909000000064e+00
1.465681196999999969e+01 4.341913146609128193e-01 1.757367711999999971e+00
1.481785887000000024e+01 3.700131762803302027e-01 1.792895711999999975e+00
1.490901178999999921e+01 2.139543028963859783e-01 1.805674610999999929e+00
1.498334655999999931e+01 2.121404972647048526e-01 1.798608935999999936e+00
1.503219059000000080e+01 3.204171868394424250e-01 1.793017692000000052e+00
1.503238705000000053e+01 3.202757103784449333e-01 1.801500072999999924e+00
1.498383646999999996e+01 2.118412545701015004e-01 1.817261966000000006e+00
1.490964606000000003e+01 2.139717378167592665e-01 1.822118716000000083e+00
1.481864893999999921e+01 3.704722218807279255e-01 1.794782322000000097e+00
1.465784717000000015e+01 4.348838745686895990e-01 1.743799117000000010e+00
1.446585375999999989e+01 5.603975547532015211e-01 1.792334043999999960e+00
1.436576918999999997e+01 6.254673310138262332e-01 1.911269011999999989e+00
1.441301346999999922e+01 5.194793344580477257e-01 2.030157768000000029e+00
1.436064660999999987e+01 4.118707967198036446e-01 1.973535540000000088e+00
1.413990532000000044e+01 5.527856306679553855e-01 1.927246717000000054e+00
1.422000745999999971e+01 7.348627687466732228e-01 1.817133313000000028e+00
1.442791803000000073e+01 6.904029956756200237e-01 1.802897951000000054e+00
1.472967316000000082e+01 5.194932131800720221e-01 1.807961163000000093e+00
1.490850447999999950e+01 2.141947154712071644e-01 1.804053662000000058e+00
1.497134110000000007e+01 3.410530426420625427e-01 1.777086240000000039e+00
1.508034989999999986e+01 3.863541388968677603e-01 1.763068846999999995e+00
1.518737851000000028e+01 3.901534908773493515e-01 1.761538802000000015e+00
1.518753371999999935e+01 3.899874008209288090e-01 1.766427884999999920e+00
1.508077401000000073e+01 3.861979355231743849e-01 1.772666051999999937e+00
1.497200787999999960e+01 3.412314168730239405e-01 1.782854696000000017e+00
1.490955435000000051e+01 2.144108969589360036e-01 1.799188774999999962e+00
1.473102195999999964e+01 5.195039791416499186e-01 1.792707086999999921e+00
1.442895011000000061e+01 6.902558173464238278e-01 1.795468438999999972e+00
1.422067730000000019e+01 7.344990886106784744e-01 1.817756119000000004e+00
1.414011003000000066e+01 5.522919105101086190e-01 1.951130827000000068e+00
1.410604574000000078e+01 3.682378500518748710e-01 1.906025177000000070e+00
1.387146425999999977e+01 5.214676222948159134e-01 1.862282165000000100e+00
1.399612186999999963e+01 7.944178147916215460e-01 1.755248069000000077e+00
1.426318007000000065e+01 8.277715524300520711e-01 1.757005834999999960e+00
1.468412848000000004e+01 7.951528174255815262e-01 1.788157707999999957e+00
1.498277451999999954e+01 2.121186655241475427e-01 1.795558584999999985e+00
1.508011156999999969e+01 3.866977023803908065e-01 1.727996088999999902e+00
1.526230037999999922e+01 5.988839442820190762e-01 1.671364026000000003e+00
1.545959062000000017e+01 6.321692984215188105e-01 1.647282040999999975e+00
1.545969363999999935e+01 6.320096201460563279e-01 1.651468509000000084e+00
1.526262385999999971e+01 5.986035797965514327e-01 1.679180842000000062e+00
1.508074996000000034e+01 3.865647716843360060e-01 1.732353803000000081e+00
1.498389099999999985e+01 2.113570890883923192e-01 1.790971831000000014e+00
1.468533071999999962e+01 7.955689178059749400e-01 1.775892052999999970e+00
1.426409100999999957e+01 8.277133315244739054e-01 1.751776835000000032e+00
1.399676168999999959e+01 7.941290070359715569e-01 1.754578972000000014e+00
1.387167175999999991e+01 5.209560601365793575e-01 1.873691513000000031e+00
1.393485109000000044e+01 2.074281016500886254e-01 1.861083038999999939e+00
1.369002996000000039e+01 4.185318254475577371e-01 1.819144848999999953e+00
1.382616613999999977e+01 8.044971556022779691e-01 1.709826526000000069e+00
1.412784495000000007e+01 8.967863940418782098e-01 1.721380925000000062e+00
1.462766839999999924e+01 9.626780978164976021e-01 1.770047764999999940e+00
1.503171930000000067e+01 3.197923682278481783e-01 1.784603764999999953e+00
1.518713396999999965e+01 3.907149254365583912e-01 1.689173409999999986e+00
1.545957770000000053e+01 6.322630246096754281e-01 1.599727252999999960e+00
1.575292703000000039e+01 5.040663294576989140e-01 1.553703175000000103e+00
1.575298322000000084e+01 5.039312483970894707e-01 1.558212872999999998e+00
1.545978236000000017e+01 6.319772471042981454e-01 1.607746705999999914e+00
1.518765278000000052e+01 3.902986021824018104e-01 1.693929186999999947e+00
1.503267422000000053e+01 3.193059851247081471e-01 1.780714238000000060e+00
1.462842765000000078e+01 9.632884566975890017e-01 1.760817306999999943e+00
1.412844785000000059e+01 8.967121254406578146e-01 1.719255634999999893e+00
1.382666129999999960e+01 8.042139402170472851e-01 1.710552435999999954e+00
1.369019446000000073e+01 4.179543035293198927e-01 1.820777105999999979e+00
1.513196467000000034e+01 1.501158154229172981e-01 2.081907979999999991e+00
1.507667683999999930e+01 2.240309976969804551e-01 2.126673876999999990e+00
1.495055016999999964e+01 3.126832450913260564e-01 2.099553749000000025e+00
1.478774463000000061e+01 3.742753995404638490e-01 2.058698156999999807e+00
1.465208920000000070e+01 2.633172047354259138e-01 1.994864219999999966e+00
1.469055529000000071e+01 3.061988518035841378e-01 1.844403557999999999e+00
1.447335413000000059e+01 4.186315400051625613e-01 1.732928325999999908e+00
1.424624475000000068e+01 4.261700957175098559e-01 1.633130157999999943e+00
1.409032876000000023e+01 3.524894657933721476e-01 1.566837537000000058e+00
1.409059294000000051e+01 3.529299741279217084e-01 1.567327541000000046e+00
1.424693461999999933e+01 4.268321984451066697e-01 1.633260917000000090e+00
1.447428376000000050e+01 4.191504422359003112e-01 1.730638992000000043e+00
1.469154615999999969e+01 3.061843666984217505e-01 1.839925378000000000e+00
1.465244137000000002e+01 2.634543442253989287e-01 2.067286140999999855e+00
1.478835929000000071e+01 3.738650561447645626e-01 2.134905834000000002e+00
1.495098572000000026e+01 3.121602615072508469e-01 2.176383088000000132e+00
1.507685552000000051e+01 2.236130496702823656e-01 2.192932766000000200e+00
1.507642094999999927e+01 2.233903383276757693e-01 2.127275081000000068e+00
1.498669495999999945e+01 3.166931464646735583e-01 2.120926423999999866e+00
1.484831469999999953e+01 3.963828152500771806e-01 2.100920440999999972e+00
1.467688238999999939e+01 4.683393272027181475e-01 2.061971337000000126e+00
1.448687581000000080e+01 5.051478872679072696e-01 2.002859865000000017e+00
1.436450744000000057e+01 6.259234265431165012e-01 1.890306143999999966e+00
1.421890265000000042e+01 7.343632537822400996e-01 1.773596237000000020e+00
1.399470655000000008e+01 7.938688559431504865e-01 1.676656841000000009e+00
1.382464809000000017e+01 8.038184752558684698e-01 1.612308770000000058e+00
1.382483994999999943e+01 8.040269758413356449e-01 1.612338271000000045e+00
1.399514057000000022e+01 7.943248114317401631e-01 1.675004221000000015e+00
1.421936052999999944e+01 7.348977526948595740e-01 1.769139591999999928e+00
1.436504556000000044e+01 6.255145129751846778e-01 1.901628110999999954e+00
1.448810882000000078e+01 5.045348902020962978e-01 2.053333571000000024e+00
1.467801316000000078e+01 4.674487274683715166e-01 2.118229556999999819e+00
1.484904204000000050e+01 3.955379745368550748e-01 2.154728840000000201e+00
1.498693493999999937e+01 3.160083119240819083e-01 2.166235648999999874e+00
1.495081509000000075e+01 3.122981741507861453e-01 2.117425562999999844e+00
1.484853153000000070e+01 3.963325847259767665e-01 2.110533627000000134e+00
1.468026030000000048e+01 4.729210605318166505e-01 2.099111388999999939e+00
1.448186347000000040e+01 5.487574906697738619e-01 2.067271782999999807e+00
1.425083543999999947e+01 6.189190904272985350e-01 2.015114613999999804e+00
1.398492496000000074e+01 6.763276043563007933e-01 1.946682522999999998e+00
1.389698826000000054e+01 4.114278257236830272e-01 1.679838692999999994e+00
1.359742707999999922e+01 5.132700569061269258e-01 1.607979280999999983e+00
1.330511300999999946e+01 2.958457910010649505e-01 1.532747544000000017e+00
1.330541048999999987e+01 2.965113344049993827e-01 1.533211024000000089e+00
1.359790487000000070e+01 5.131861772144967748e-01 1.605553035000000017e+00
1.389731759000000011e+01 4.109876373799011273e-01 1.670229594000000040e+00
1.398691018000000064e+01 6.759541953828274163e-01 1.985207339000000015e+00
1.425260819999999917e+01 6.179047259118005675e-01 2.058303394999999814e+00
1.448324384999999914e+01 5.477252794953685333e-01 2.111594654000000126e+00
1.468113944999999987e+01 4.719853697530416170e-01 2.143320801999999858e+00
1.484887815000000089e+01 3.956011321472981401e-01 2.151513682000000038e+00
1.478834310999999957e+01 3.742042693125124386e-01 2.079579271000000062e+00
1.467738841999999977e+01 4.683795849322036076e-01 2.083654566999999957e+00
1.448216406000000056e+01 5.488016050302373383e-01 2.085349937000000153e+00
1.425642005999999995e+01 6.181547843685030186e-01 2.064302075000000070e+00
1.406975671000000006e+01 5.839643484548469043e-01 1.750482329000000004e+00
1.437127886000000032e+01 7.855292927872258302e-01 1.662709768000000032e+00
1.423904787000000027e+01 8.003394210689501742e-01 1.651547968999999894e+00
1.399629320999999926e+01 9.499782754743080204e-01 1.578182755000000048e+00
1.379125454999999967e+01 1.064884752429162251e+00 1.510042338999999956e+00
1.379159072000000030e+01 1.064570682235073784e+00 1.516589938999999942e+00
1.399696461999999997e+01 9.492918145731006341e-01 1.590363490999999962e+00
1.423968945000000019e+01 7.994667381247605453e-01 1.661199083999999937e+00
1.437171249999999922e+01 7.842686168869973384e-01 1.665230192999999970e+00
1.407132765000000063e+01 5.644417558869556650e-01 1.784059977000000075e+00
1.425797035000000079e+01 6.170295515690361610e-01 2.100322926000000034e+00
1.448316471000000050e+01 5.477912634422036353e-01 2.123001512000000091e+00
1.467781719999999979e+01 4.676047022933854658e-01 2.120198290999999902e+00
1.465252189999999999e+01 2.643200262675549084e-01 1.986665496000000086e+00
1.448751256999999981e+01 5.055101961807653144e-01 2.035141750000000194e+00
1.425144004999999936e+01 6.190416495832268273e-01 2.057664405000000141e+00
1.407016918999999966e+01 5.770293684397747036e-01 1.722775009000000024e+00
1.469318327000000046e+01 1.305037840562805806e+00 1.585819647000000110e+00
1.485734002999999959e+01 8.295122559657491790e-01 1.699139833999999905e+00
1.477431383000000054e+01 9.035687108139793811e-01 1.668205549000000065e+00
1.466072400000000009e+01 1.094153277571997318e+00 1.607170918000000004e+00
1.457903141000000069e+01 1.257613480846519138e+00 1.561216278000000068e+00
1.457915619000000085e+01 1.257347729403696324e+00 1.566938471999999916e+00
1.466103314999999974e+01 1.093581107264384844e+00 1.620994615000000083e+00
1.477469274000000077e+01 9.030606571319422793e-01 1.683779238999999928e+00
1.485775128999999950e+01 8.294691578306150337e-01 1.710121044999999951e+00
1.469364421999999948e+01 1.306179421621020520e+00 1.576602913999999966e+00
1.407082525000000039e+01 5.646243482602352204e-01 1.727550067999999994e+00
1.425253943999999962e+01 6.179980886451453825e-01 2.088267281999999891e+00
1.448801435000000026e+01 5.046073314771167828e-01 2.067709572000000051e+00
1.469249433000000060e+01 3.051891407904888665e-01 2.020428766999999848e+00
1.436491780000000063e+01 6.262590801428709053e-01 1.960083827999999917e+00
1.398578703999999995e+01 6.761649051909340846e-01 2.016931340000000183e+00
1.437115273000000037e+01 7.844475552972030030e-01 1.709300460999999993e+00
1.485695398000000012e+01 8.294236014366749288e-01 1.765081711999999969e+00
1.509698279999999926e+01 5.616168796631260118e-01 1.784865123999999970e+00
1.513274061999999986e+01 5.915030485272976257e-01 1.761836141999999938e+00
1.515500555000000027e+01 6.965804627893702472e-01 1.738409333999999973e+00
1.517713069000000026e+01 7.969349623369503810e-01 1.727445695999999975e+00
1.517724476000000067e+01 7.968686518921689332e-01 1.734461043999999896e+00
1.515534279999999967e+01 6.964556962079788693e-01 1.754830015000000021e+00
1.513331791000000059e+01 5.914764232648338504e-01 1.778675865000000078e+00
1.509793671000000082e+01 5.615518785182955774e-01 1.790881015000000076e+00
1.485819921999999949e+01 8.294677331201254500e-01 1.744135522999999965e+00
1.437214965000000078e+01 7.846434010682078464e-01 1.685275719999999922e+00
1.398694180000000031e+01 6.763520413991283009e-01 2.038916243000000073e+00
1.436553422999999974e+01 6.254802754305928136e-01 1.978470884999999901e+00
1.447552744999999952e+01 4.188006583837531882e-01 1.961213791999999900e+00
1.421987045000000016e+01 7.354733622786450153e-01 1.941744718000000036e+00
1.389750549000000035e+01 4.103717153118272565e-01 1.769420210000000049e+00
1.423931550000000001e+01 7.990504965640206070e-01 1.750042488999999923e+00
1.477401936000000049e+01 9.027947259499292665e-01 1.763830596000000028e+00
1.513239300999999948e+01 5.919545268357393475e-01 1.770968590000000065e+00
1.526282027000000063e+01 6.122725083728347562e-01 1.746159631000000045e+00
1.538096185000000027e+01 6.948305074916863999e-01 1.727613464000000043e+00
1.547919667000000032e+01 7.393612416217861805e-01 1.724756965999999947e+00
1.547930969999999995e+01 7.392303552687664592e-01 1.730455062999999960e+00
1.538131491000000040e+01 6.945127325602549195e-01 1.739952919999999903e+00
1.526348512999999940e+01 6.118693228316111066e-01 1.756374297000000029e+00
1.513348457000000025e+01 5.913305822497227915e-01 1.767256995999999969e+00
1.477521179999999923e+01 9.027212030428933831e-01 1.736871231999999932e+00
1.424037430999999998e+01 7.990823585910733495e-01 1.722541776999999996e+00
1.389843087000000033e+01 4.102933101506221480e-01 1.744454481000000001e+00
1.422052494000000067e+01 7.348429557100892850e-01 1.939869870000000107e+00
1.424843648999999957e+01 4.264797289532378244e-01 1.896974567000000000e+00
1.399595650000000013e+01 7.950012862243054368e-01 1.900289464999999955e+00
1.359835348999999916e+01 5.125783141312371116e-01 1.746112804000000018e+00
1.399687162999999934e+01 9.487000544503207955e-01 1.714681813000000110e+00
1.466067048999999933e+01 1.093105553215472092e+00 1.733143294000000001e+00
1.515464111000000003e+01 6.969563268856048266e-01 1.738209259000000007e+00
1.538085541999999961e+01 6.951752956753770585e-01 1.699538234999999897e+00
1.559965468999999949e+01 7.762488293695793962e-01 1.668404669000000062e+00
1.578077054999999973e+01 7.686209819819718181e-01 1.658587554999999991e+00
1.578083758000000003e+01 7.684806650815404483e-01 1.664088457000000076e+00
1.559988770000000002e+01 7.758481296523530579e-01 1.679583312000000106e+00
1.538138436999999925e+01 6.944969496864521474e-01 1.707430722000000012e+00
1.515554279999999920e+01 6.961624960970450582e-01 1.730666629999999984e+00
1.466145867000000003e+01 1.093065586211761087e+00 1.704666545000000033e+00
1.399762892000000036e+01 9.486904207437066860e-01 1.688033172999999998e+00
1.359912051000000055e+01 5.128261696102298650e-01 1.721891403000000098e+00
1.399655197000000051e+01 7.944727403174574043e-01 1.893791321999999999e+00
1.409237317999999917e+01 3.527607612395466385e-01 1.854459144000000004e+00
1.382591032999999925e+01 8.049343456514033157e-01 1.867021009999999981e+00
1.330626956000000050e+01 2.956961921455615316e-01 1.703766262000000031e+00
1.379204256000000051e+01 1.063843621287655417e+00 1.679374213000000005e+00
1.457927139999999966e+01 1.256604917092381868e+00 1.711180879999999904e+00
1.517692178000000069e+01 7.970803936170250958e-01 1.715775285000000094e+00
1.547914837999999982e+01 7.397951742823671850e-01 1.665113470000000095e+00
1.578081801000000084e+01 7.687049372770181632e-01 1.621724844999999915e+00
1.603578728000000098e+01 6.291534966052924061e-01 1.599194704999999939e+00
1.603581033000000033e+01 6.290437995672171212e-01 1.605365528999999958e+00
1.578092342999999964e+01 7.683606216470113548e-01 1.633318695999999903e+00
1.547948272000000003e+01 7.390978191054463631e-01 1.672488498000000101e+00
1.517747529000000029e+01 7.965559896478294766e-01 1.706525650999999977e+00
1.457940585000000056e+01 1.256776916104531017e+00 1.682476883999999950e+00
1.379210390999999980e+01 1.063569472079100020e+00 1.655239654000000060e+00
1.330654511999999912e+01 2.964848876443313408e-01 1.680484556999999990e+00
1.382639061000000069e+01 8.045246571722772799e-01 1.858640915999999921e+00
1.500464567999999943e+01 2.298186418979433487e-01 2.025962049999999959e+00
1.494266969000000067e+01 2.881255836629686429e-01 2.072551908999999970e+00
1.478810059000000088e+01 3.744289458046110020e-01 2.065576306000000084e+00
1.458514753999999947e+01 4.407863048776621273e-01 2.047158033000000099e+00
1.444247496000000019e+01 3.702033649694492778e-01 2.007955787999999853e+00
1.477422804000000056e+01 2.053795905120023579e-01 1.906227992999999898e+00
1.467809871000000044e+01 4.512910736057214600e-01 1.737574328000000001e+00
1.451189779999999985e+01 5.653304743743117200e-01 1.640492607999999963e+00
1.439062200999999952e+01 5.969754587938305157e-01 1.578899993999999918e+00
1.439097272999999966e+01 5.972250919407723346e-01 1.578568457000000036e+00
1.451281301999999940e+01 5.657871215605890791e-01 1.637719729999999929e+00
1.467931955999999971e+01 4.516211965790202787e-01 1.728939401999999959e+00
1.477484173000000034e+01 2.109173746499227453e-01 1.887034166999999929e+00
1.444295110000000015e+01 3.697610357477778553e-01 2.078444033999999885e+00
1.458600902000000055e+01 4.405010827196593759e-01 2.126252006000000083e+00
1.478871615000000084e+01 3.740102238267690171e-01 2.141860090999999855e+00
1.494296392999999945e+01 2.877635508628476058e-01 2.130300860000000185e+00
1.494245856000000039e+01 2.876516900029534862e-01 2.081265228999999994e+00
1.484154271000000058e+01 3.909867248362338676e-01 2.077310310000000104e+00
1.467721346000000082e+01 4.684168135873108541e-01 2.068047428999999937e+00
1.447544156999999920e+01 5.286056253031689023e-01 2.046164977000000107e+00
1.429827176999999949e+01 4.777482781948295676e-01 2.001877621999999857e+00
1.446511704999999992e+01 5.602563341847280887e-01 1.871281460000000063e+00
1.442728883999999923e+01 6.903541459002258129e-01 1.786032985000000073e+00
1.426210825000000071e+01 8.275448711053270401e-01 1.697385265000000087e+00
1.412658571000000052e+01 8.963941995245383598e-01 1.638963782999999896e+00
1.412684237000000032e+01 8.965577872310659391e-01 1.637341004999999905e+00
1.426268860000000060e+01 8.278927715737108839e-01 1.690452572000000098e+00
1.442784815999999992e+01 6.907470107687689875e-01 1.770212531000000089e+00
1.446520676999999999e+01 5.606799436067860798e-01 1.849956243000000056e+00
1.429953539999999990e+01 4.775831590040378050e-01 2.054717092999999828e+00
1.447687990999999919e+01 5.277740559031864898e-01 2.108248017000000196e+00
1.467820605000000000e+01 4.675417601413373592e-01 2.122820941000000072e+00
1.484195822000000042e+01 3.902022039061024405e-01 2.116334853000000127e+00
1.478833045000000013e+01 3.740795073903013246e-01 2.081288564999999924e+00
1.467732456000000063e+01 4.683667758435956507e-01 2.074158487000000051e+00
1.448208497000000072e+01 5.487953146915603986e-01 2.066800537999999854e+00
1.425633881999999986e+01 6.181124478966742997e-01 2.045411264999999812e+00
1.407051264999999951e+01 5.906195958794904222e-01 1.809791066000000059e+00
1.437179594000000016e+01 7.853387101978334117e-01 1.734964552000000104e+00
1.423941446000000077e+01 8.003540965685653763e-01 1.719091877999999962e+00
1.399660571999999981e+01 9.499335415531795501e-01 1.658372798999999898e+00
1.379148230000000019e+01 1.064859418609978237e+00 1.610297674999999984e+00
1.379164605999999971e+01 1.064706741260925904e+00 1.605718339000000050e+00
1.399684730999999971e+01 9.495306493734808617e-01 1.644136162999999984e+00
1.423945334000000074e+01 7.997840847433280720e-01 1.693583462999999956e+00
1.437132397000000061e+01 7.850248627934539591e-01 1.694144743000000064e+00
1.407056588999999924e+01 5.585284735355653396e-01 1.807653184999999940e+00
1.425816966000000008e+01 6.171222276696971543e-01 2.091048498000000144e+00
1.448334855999999959e+01 5.477800092773185137e-01 2.108171893000000185e+00
1.467793026000000012e+01 4.674819907189174950e-01 2.106547190000000125e+00
1.458567453999999941e+01 4.407073333727600795e-01 2.056782366999999834e+00
1.447575134999999946e+01 5.287106521034310447e-01 2.054452336000000212e+00
1.425652520999999950e+01 6.182194721769829204e-01 2.054280202999999805e+00
1.400000462000000034e+01 6.933775675096972568e-01 2.039228109000000178e+00
1.474985155999999975e+01 1.765692477028188101e+00 1.518089363999999941e+00
1.479631254000000062e+01 1.160010935370565210e+00 1.683847818999999912e+00
1.462916404999999997e+01 1.259018284862549519e+00 1.643152291000000043e+00
1.444472546999999985e+01 1.500594933557897415e+00 1.571773746000000083e+00
1.431852669000000056e+01 1.722750839553326196e+00 1.516047495000000023e+00
1.431853380999999992e+01 1.722454680712384389e+00 1.514400514000000086e+00
1.444470835000000086e+01 1.499968681003203352e+00 1.565676917000000001e+00
1.462905912000000086e+01 1.258425299328731928e+00 1.630600790999999994e+00
1.479602045999999937e+01 1.159761157155616340e+00 1.662099616999999974e+00
1.474886045000000045e+01 1.766715879491843166e+00 1.480364318999999984e+00
1.400212973000000005e+01 6.922674126528121086e-01 2.073349615000000146e+00
1.425800210000000057e+01 6.170812314795599551e-01 2.086582583999999851e+00
1.447649078000000067e+01 5.277743123301602557e-01 2.080313435999999960e+00
1.444252587000000077e+01 3.702720324841300426e-01 1.952905437000000077e+00
1.429831006999999943e+01 4.786418488288153306e-01 1.974410875000000010e+00
1.406965371999999981e+01 5.750753030193698212e-01 1.731125140999999923e+00
1.474888905999999977e+01 1.765408170855985670e+00 1.506976381000000087e+00
1.532939387999999958e+01 1.004708874168017463e+00 1.732796153000000006e+00
1.531363318999999912e+01 9.834361047887798524e-01 1.735935994999999954e+00
1.523707725000000046e+01 1.194582829786097422e+00 1.679781677999999889e+00
1.517979923999999947e+01 1.421691333522162370e+00 1.625929509000000106e+00
1.515021519000000083e+01 1.572989750696274669e+00 1.593535861999999970e+00
1.515018247999999979e+01 1.572921770858266122e+00 1.595667766000000043e+00
1.517972338999999948e+01 1.421542623785304604e+00 1.631361596000000080e+00
1.523701490999999919e+01 1.194513158587642065e+00 1.686765676999999908e+00
1.531367853999999973e+01 9.837299752273588327e-01 1.744155966999999974e+00
1.533001890999999972e+01 1.005843559942655396e+00 1.734231695999999934e+00
1.474882082000000061e+01 1.766930623383957011e+00 1.489136868999999974e+00
1.407039924000000042e+01 5.587673959022954051e-01 1.745901166999999976e+00
1.429910120000000084e+01 4.776749917703119741e-01 1.994907798999999926e+00
1.477491601000000010e+01 2.170190791978283407e-01 1.910911499000000013e+00
1.446471466000000028e+01 5.609111330084893821e-01 1.854911900999999919e+00
1.437117085999999944e+01 7.848679889597092174e-01 1.737635535999999981e+00
1.479577255999999963e+01 1.159594912639986708e+00 1.741306406999999945e+00
1.531321012000000081e+01 9.836184362087381228e-01 1.781426600000000082e+00
1.551386963999999935e+01 7.047720824119844130e-01 1.795044225999999910e+00
1.557059038999999956e+01 8.031890916380945988e-01 1.772090777999999922e+00
1.563043133999999945e+01 9.214502681037428644e-01 1.755773124000000074e+00
1.567739745999999990e+01 9.930069286357889879e-01 1.752612851000000083e+00
1.567746419000000024e+01 9.930510101261327272e-01 1.758388462000000096e+00
1.563064241000000010e+01 9.214997340527493197e-01 1.770019309999999901e+00
1.557100093000000030e+01 8.030987636356898829e-01 1.789049751999999938e+00
1.551463129999999957e+01 7.043317752198358095e-01 1.806869126000000048e+00
1.531426410000000082e+01 9.836321326521545449e-01 1.761599646999999935e+00
1.479642259000000060e+01 1.159433892276644951e+00 1.713233870000000048e+00
1.437169540999999917e+01 7.841213997976713701e-01 1.716938392999999952e+00
1.446538001000000051e+01 5.605521990417642320e-01 1.854206876999999976e+00
1.468047636000000011e+01 4.512256704223016057e-01 1.938942013999999991e+00
1.442804311999999989e+01 6.909127318212913149e-01 1.907681554000000057e+00
1.423944458999999974e+01 7.993776666457864666e-01 1.800804338999999921e+00
1.462891057000000039e+01 1.258267887045615874e+00 1.733566798000000020e+00
1.523670654999999918e+01 1.194448569500967228e+00 1.740631288000000110e+00
1.557043711999999935e+01 8.036397731129788502e-01 1.762363117000000035e+00
1.571384207000000011e+01 8.146145802785805801e-01 1.750741915999999954e+00
1.585243089999999988e+01 8.711166448702629683e-01 1.741414508999999944e+00
1.595430801999999915e+01 8.888521271503414534e-01 1.742630335000000086e+00
1.595437644999999982e+01 8.887789128231269320e-01 1.747767528000000015e+00
1.585263800999999972e+01 8.708697789265752442e-01 1.753466092999999892e+00
1.571423844000000081e+01 8.141048167177495909e-01 1.763423050999999964e+00
1.557112447000000088e+01 8.028275259029140631e-01 1.765365400999999945e+00
1.523736217999999987e+01 1.194303849279979790e+00 1.712367414999999893e+00
1.462934266999999977e+01 1.257764042983676500e+00 1.697576229999999908e+00
1.424001228000000019e+01 7.986298708775563249e-01 1.770545770000000019e+00
1.442872954999999990e+01 6.905184710694066696e-01 1.895181471999999978e+00
1.451424218999999916e+01 5.654662857431066447e-01 1.883644724000000048e+00
1.426318629999999921e+01 8.282652754887349644e-01 1.882425317000000042e+00
1.399688249000000084e+01 9.489782900199272841e-01 1.785285183000000053e+00
1.444465955999999984e+01 1.499762485925834943e+00 1.688988362999999993e+00
1.517961380999999932e+01 1.421441897589319714e+00 1.703969005999999897e+00
1.563033985000000037e+01 9.220338143323136837e-01 1.730522646999999914e+00
1.585248213999999933e+01 8.713830756215980022e-01 1.720319259000000045e+00
1.607099326999999889e+01 8.891785902283313447e-01 1.708886824999999998e+00
1.623428775000000002e+01 8.597797800457530615e-01 1.707257688000000106e+00
1.623431120000000050e+01 8.597037152152589012e-01 1.712590492999999991e+00
1.607106758000000113e+01 8.889200266517034432e-01 1.720556814000000045e+00
1.585267739999999925e+01 8.708201498846706023e-01 1.731164259999999899e+00
1.563072889999999937e+01 9.212926538356787098e-01 1.728619010999999928e+00
1.517972448000000085e+01 1.421386853237396108e+00 1.669853191000000070e+00
1.444456848999999998e+01 1.499252124123189089e+00 1.644759000000000082e+00
1.399717326000000028e+01 9.482965369694515978e-01 1.744497994999999912e+00
1.426379058000000022e+01 8.279567644899619161e-01 1.865879515999999905e+00
1.439268178000000020e+01 5.969231411094587658e-01 1.847244848999999967e+00
1.412756332999999920e+01 8.970684421205121772e-01 1.858144768000000058e+00
1.379166133000000016e+01 1.063735418342615091e+00 1.765973723999999967e+00
1.431858283000000043e+01 1.722022899139472596e+00 1.651471751000000099e+00
1.515026770000000056e+01 1.572687826396029331e+00 1.683035183999999962e+00
1.567744399999999949e+01 9.934792030140752184e-01 1.711744712000000002e+00
1.595447172999999985e+01 8.891613737171888410e-01 1.700371244000000059e+00
1.623440966000000074e+01 8.598134747791306154e-01 1.683763440999999972e+00
1.645202288000000124e+01 7.476320226840942329e-01 1.673878506000000099e+00
1.645200320000000005e+01 7.475931237353694581e-01 1.680087684000000081e+00
1.623436023000000006e+01 8.596360514040273237e-01 1.696244434000000023e+00
1.595447324000000044e+01 8.886924584730244714e-01 1.710857854999999983e+00
1.567752014000000038e+01 9.930318516568417131e-01 1.707267818999999909e+00
1.514984235000000012e+01 1.572932094808818793e+00 1.645459296000000071e+00
1.431786197999999999e+01 1.721967443258246133e+00 1.600037753999999923e+00
1.379152196000000075e+01 1.063132835321529690e+00 1.711191657999999949e+00
1.412805372000000048e+01 8.968654036201995083e-01 1.838644251999999923e+00
1.482335813000000080e+01 3.099554263202837223e-01 1.950999903000000035e+00
1.478151541000000080e+01 2.592312411290324525e-01 1.990860301999999971e+00
1.465271611999999912e+01 2.639098234968338952e-01 1.992749976000000034e+00
1.444268182000000067e+01 3.706897901245111426e-01 1.984150934000000088e+00
1.417512091000000041e+01 3.746940601691929884e-01 1.998663222000000017e+00
1.470548059000000052e+01 6.569399389295423886e-01 1.964140921999999900e+00
1.494518288000000084e+01 2.386888812402543913e-01 1.887274004000000005e+00
1.494689885999999923e+01 7.336856848907291617e-01 1.718754123999999939e+00
1.490596730999999942e+01 9.507893566152124665e-01 1.641286905000000074e+00
1.490629923000000012e+01 9.506663587346835254e-01 1.633656122000000099e+00
1.494773211000000046e+01 7.329292522139657651e-01 1.693051558000000067e+00
1.494588695000000023e+01 2.367079744957817644e-01 1.839152019999999998e+00
1.470494021000000018e+01 6.588037826354496973e-01 1.916986590000000046e+00
1.417588362000000046e+01 3.752456801170673817e-01 2.069681736000000161e+00
1.444318097000000023e+01 3.702406999766313378e-01 2.052635580000000015e+00
1.465307933000000062e+01 2.640122572356858321e-01 2.064748041000000089e+00
1.478171387999999986e+01 2.595313777899003749e-01 2.043126158999999831e+00
1.478120473000000068e+01 2.595580090882809166e-01 2.000740071000000064e+00
1.465062864999999981e+01 4.601282765828227372e-01 2.009674940000000021e+00
1.448748194999999939e+01 5.053939398283853190e-01 2.007425866000000170e+00
1.429849920000000019e+01 4.781790133657826680e-01 1.980847650000000071e+00
1.422712051000000066e+01 1.373577729376571410e+00 1.688384638999999909e+00
1.465802678000000014e+01 4.343656491424332522e-01 1.887922445999999921e+00
1.473026465000000051e+01 5.211451493708832983e-01 1.860004981999999973e+00
1.468410680000000035e+01 7.966934000505412339e-01 1.792851833999999922e+00
1.462722482999999940e+01 9.638732471611320962e-01 1.745793573000000043e+00
1.462737865000000070e+01 9.637077203419071036e-01 1.739147331000000074e+00
1.468441595000000000e+01 7.962589576569796268e-01 1.772087608000000092e+00
1.473038891999999933e+01 5.205197957574494438e-01 1.822989371000000025e+00
1.465740899000000041e+01 4.349718097230175218e-01 1.832029028000000004e+00
1.422537351000000072e+01 1.375172615642718421e+00 1.626769503000000006e+00
1.429971109999999967e+01 4.778104259949702004e-01 2.032648204000000014e+00
1.448848334000000015e+01 5.047175905092101678e-01 2.054974700999999904e+00
1.465116204000000089e+01 4.593512835678871253e-01 2.042206256000000053e+00
1.465267912000000017e+01 2.638899095906299674e-01 2.004567554999999945e+00
1.448743842000000015e+01 5.054740768089807101e-01 2.010370368999999879e+00
1.425130876999999963e+01 6.190242661791647283e-01 2.015410671000000153e+00
1.407027326999999950e+01 5.832197075768813521e-01 1.753024605000000014e+00
1.469422332999999981e+01 1.304634555475784774e+00 1.687192688000000107e+00
1.485815018000000087e+01 8.296635129380203200e-01 1.804669979999999896e+00
1.477488813999999984e+01 9.039118052290000538e-01 1.771288097000000006e+00
1.466115487000000073e+01 1.094403309165949301e+00 1.719661973000000010e+00
1.457933474999999923e+01 1.257754031636859615e+00 1.681509055000000030e+00
1.457933300999999915e+01 1.257465056644512913e+00 1.673903163000000083e+00
1.466109035000000027e+01 1.093773852165660143e+00 1.697153447999999898e+00
1.477464512999999968e+01 9.033674883189027893e-01 1.734057935999999911e+00
1.485755282999999949e+01 8.299434116838972919e-01 1.750597863000000087e+00
1.469292594999999935e+01 1.306887054512572366e+00 1.625708597000000033e+00
1.407051266000000034e+01 5.540671165154247291e-01 1.762501639999999981e+00
1.425283441999999923e+01 6.180188365359990943e-01 2.052641486999999820e+00
1.448832510999999990e+01 5.042765982372157119e-01 2.039585536999999782e+00
1.444286798999999988e+01 3.701910186100483835e-01 1.992307379999999961e+00
1.429843190000000064e+01 4.784851372017672189e-01 1.987406146000000096e+00
1.406974113000000060e+01 5.740281678406142785e-01 1.765443614000000050e+00
1.474888267000000042e+01 1.764613590324261461e+00 1.504590695999999950e+00
1.532998693999999951e+01 1.004055587255063609e+00 1.746577099000000022e+00
1.531412478000000021e+01 9.834671917643575956e-01 1.756686820999999954e+00
1.523744946999999961e+01 1.194716838366362666e+00 1.693663501000000071e+00
1.518007354999999947e+01 1.421811566202039856e+00 1.632559931999999936e+00
1.515040617999999917e+01 1.573072273452736480e+00 1.592400169999999893e+00
1.515031620000000068e+01 1.572993853635866079e+00 1.586418560000000033e+00
1.517982860000000045e+01 1.421670365157420068e+00 1.614884081000000027e+00
1.523711274999999965e+01 1.194765202355900779e+00 1.664790248999999944e+00
1.531377593999999931e+01 9.841854458045118381e-01 1.715380496999999949e+00
1.532974414000000074e+01 1.007143754349834497e+00 1.687602854000000097e+00
1.474803668999999928e+01 1.766500248264135209e+00 1.485459831000000008e+00
1.407080840000000066e+01 5.540380428487395870e-01 1.790784069000000089e+00
1.429952530999999993e+01 4.772850382715023709e-01 2.011414359999999846e+00
1.417545765000000024e+01 3.752465870124443992e-01 1.966763197999999990e+00
1.422481935000000064e+01 1.373313025167308021e+00 1.522573026999999968e+00
1.469217893999999980e+01 1.304582937253360164e+00 1.564254955000000002e+00
1.532841432000000026e+01 1.005452654995364403e+00 1.708246023999999919e+00
1.573316147000000065e+01 4.365942093991963535e-01 1.860071438000000077e+00
1.581876817000000024e+01 8.868350937530021794e-01 1.776939813000000035e+00
1.586027636000000030e+01 1.217229145646475441e+00 1.707826974000000053e+00
1.589749768000000074e+01 1.434478313139659011e+00 1.658161430000000047e+00
1.592154264999999924e+01 1.544928902722326747e+00 1.630860532000000029e+00
1.592143279999999983e+01 1.544899067688522587e+00 1.628989580000000048e+00
1.589719608999999956e+01 1.434383228711409997e+00 1.652848717999999995e+00
1.585986957999999980e+01 1.217085932550690419e+00 1.700318202000000056e+00
1.581840397999999936e+01 8.867380600052849893e-01 1.770814246999999897e+00
1.573329505999999967e+01 4.365655780382180495e-01 1.881016809999999984e+00
1.532826164999999996e+01 1.006208491973938690e+00 1.717666823999999925e+00
1.469187424000000064e+01 1.305309657799380130e+00 1.566383912000000045e+00
1.422461528000000008e+01 1.373714947732632696e+00 1.522895104000000055e+00
1.470347497999999931e+01 6.592840972054279103e-01 1.756684780999999917e+00
1.465631102000000041e+01 4.345127921442407115e-01 1.765409076999999938e+00
1.485673897999999937e+01 8.286316320886680797e-01 1.757090339999999973e+00
1.531302988999999926e+01 9.832650656781183329e-01 1.768590872999999952e+00
1.581813108000000057e+01 8.869134975441583801e-01 1.772145349999999953e+00
1.598986445999999972e+01 7.506822452393653311e-01 1.818541774999999916e+00
1.610486017999999930e+01 8.484347442745545642e-01 1.803992521000000071e+00
1.620364934999999917e+01 8.829306020570873992e-01 1.795583045999999960e+00
1.626290325000000081e+01 8.789062681149508727e-01 1.795185338000000019e+00
1.626300794999999866e+01 8.789625468833548450e-01 1.799517416000000036e+00
1.620391987000000000e+01 8.830869350120055250e-01 1.807014751000000086e+00
1.610523049000000029e+01 8.485170335138462194e-01 1.819571037000000002e+00
1.599033891000000018e+01 7.502545567171222674e-01 1.835306415000000024e+00
1.581874503999999959e+01 8.866842799823670962e-01 1.744959946000000039e+00
1.531327004999999986e+01 9.828927825067208524e-01 1.749660167999999905e+00
1.485691994999999999e+01 8.283350543194807347e-01 1.740424326999999938e+00
1.465657283000000000e+01 4.345491917229384882e-01 1.753396696000000032e+00
1.494578416999999959e+01 2.327244484491722554e-01 1.886324807000000048e+00
1.472968930000000043e+01 5.186978593383806402e-01 1.854140893999999928e+00
1.477399746999999941e+01 9.020368429912096753e-01 1.777002791999999998e+00
1.523655051999999976e+01 1.193993954659899881e+00 1.736614649999999926e+00
1.585961443999999965e+01 1.216977188057487780e+00 1.737339860999999930e+00
1.610500765999999828e+01 8.490512011757527233e-01 1.802021711999999942e+00
1.625968178000000108e+01 9.077657880221691178e-01 1.791340716999999971e+00
1.640689915000000099e+01 9.253433835809030672e-01 1.784091856000000087e+00
1.650151879999999949e+01 9.119581764342724606e-01 1.783835000999999920e+00
1.650157713000000115e+01 9.119274639196061072e-01 1.787931925999999949e+00
1.640703640999999990e+01 9.252493936369790006e-01 1.794546729999999979e+00
1.625985398999999987e+01 9.074989743800531139e-01 1.805053170000000096e+00
1.610523820999999955e+01 8.483538530132390676e-01 1.815671156999999925e+00
1.585973903999999912e+01 1.216767222244487190e+00 1.707623456999999956e+00
1.523657361000000066e+01 1.193650136462025335e+00 1.709375512999999902e+00
1.477420541999999948e+01 9.016181695290362841e-01 1.748594323000000061e+00
1.473024106000000089e+01 5.186104385626527646e-01 1.831724246999999917e+00
1.494875337000000037e+01 7.306925343108662263e-01 1.874949425000000058e+00
1.468394935000000068e+01 7.946523454661167385e-01 1.858254003999999959e+00
1.466038209000000059e+01 1.092346227211018483e+00 1.759378010999999908e+00
1.517928885000000072e+01 1.420969651416813084e+00 1.705781902000000017e+00
1.589698684000000029e+01 1.434166856546162494e+00 1.722269403000000088e+00
1.620398053999999988e+01 8.837207284131354257e-01 1.794949214999999931e+00
1.640711402000000163e+01 9.255389484626692642e-01 1.786019513000000059e+00
1.661563708999999989e+01 9.273445413481312682e-01 1.778295355000000022e+00
1.675926936999999839e+01 8.912509253503898554e-01 1.776941912999999929e+00
1.675928152999999909e+01 8.912379169095945297e-01 1.781709961000000009e+00
1.661563551000000061e+01 9.272937206384836983e-01 1.789551174999999938e+00
1.640707753999999952e+01 9.253197103688960423e-01 1.799696114000000069e+00
1.620395892000000160e+01 8.831820816818385378e-01 1.807524855000000041e+00
1.589667758999999947e+01 1.434103466988575271e+00 1.688833194999999954e+00
1.517899438000000067e+01 1.420897941642557782e+00 1.671978666000000002e+00
1.466042247000000032e+01 1.092178612566736984e+00 1.720958878000000025e+00
1.468453930999999990e+01 7.949883937767147080e-01 1.829880490999999942e+00
1.490767226000000001e+01 9.497952665383466719e-01 1.852100732000000027e+00
1.462698460999999917e+01 9.621444761514333921e-01 1.851171531999999953e+00
1.457842452000000044e+01 1.255879873441604788e+00 1.743062480999999941e+00
1.514968408000000011e+01 1.572302481218939230e+00 1.687931985999999940e+00
1.592120899000000023e+01 1.544603846680381976e+00 1.717617512999999985e+00
1.626334394999999944e+01 8.796042789648897964e-01 1.792243699999999995e+00
1.650188892999999979e+01 9.121472803959953524e-01 1.783057040999999954e+00
1.675945438000000109e+01 8.912228741186155601e-01 1.771928758999999909e+00
1.694898570999999876e+01 8.061289471793015027e-01 1.764789528000000107e+00
1.694895657000000000e+01 8.061531491196372023e-01 1.770734851000000054e+00
1.675933799999999962e+01 8.912528461422494219e-01 1.784650327999999897e+00
1.650169121000000061e+01 9.120275613220636401e-01 1.797372771999999896e+00
1.626312920000000162e+01 8.793090293954952674e-01 1.804785800000000107e+00
1.592059023999999923e+01 1.544744211009270396e+00 1.681847507999999936e+00
1.514915580999999989e+01 1.572611841187744774e+00 1.649853392000000030e+00
1.457831677000000070e+01 1.256105408046324090e+00 1.696322365999999970e+00
1.462754615999999963e+01 9.627581830050815359e-01 1.818482967000000006e+00
1.459093690000000088e+01 3.792922052059559124e-01 1.861258864000000068e+00
1.461720618999999921e+01 3.668271292952601237e-01 1.926483224999999910e+00
1.469150980000000040e+01 3.056957108071018947e-01 1.904860325000000021e+00
1.477441903999999973e+01 2.077952975092791921e-01 1.866537233999999934e+00
1.470503348000000088e+01 6.564699163717142572e-01 1.869399610000000100e+00
1.472141438000000058e+01 2.641203879739851823e-01 1.916502998999999985e+00
1.488692125000000033e+01 2.925402660962935220e-01 1.964255048000000059e+00
1.504704502000000055e+01 2.712622055742915372e-01 1.966846649999999919e+00
1.515594862999999926e+01 2.002149248363470080e-01 1.959758952999999915e+00
1.515596807999999918e+01 2.001953880162227473e-01 1.943411962999999965e+00
1.504711569000000004e+01 2.713512465305621402e-01 1.931796352000000105e+00
1.488688070999999979e+01 2.929292560055512529e-01 1.920251872999999998e+00
1.472098347000000018e+01 2.650031134816380196e-01 1.861907785999999954e+00
1.470453003000000081e+01 6.583380418272328782e-01 1.831171748999999904e+00
1.477507059999999939e+01 2.133150918285711406e-01 1.864672080999999926e+00
1.469251981999999934e+01 3.057152578942728960e-01 1.904760100999999928e+00
1.461775665000000046e+01 3.670218155100073432e-01 1.925802328000000063e+00
1.461760020000000004e+01 3.663530207424870455e-01 1.874459847000000012e+00
1.441264499999999948e+01 5.200009882034232200e-01 1.922704073000000013e+00
1.436490326000000017e+01 6.260363212101544006e-01 1.897593340000000017e+00
1.446478328000000069e+01 5.603143762398470340e-01 1.832975907000000015e+00
1.465724954999999952e+01 4.341042491901438427e-01 1.825000841999999901e+00
1.481863685999999980e+01 3.700142788345044398e-01 1.894310791000000105e+00
1.490962595999999962e+01 2.140389279458891347e-01 1.909776517999999923e+00
1.498381001999999995e+01 2.118753341848973459e-01 1.895979499999999929e+00
1.503249502999999976e+01 3.201176714353956565e-01 1.874553595999999933e+00
1.503248291000000059e+01 3.200581304615808809e-01 1.862366954999999935e+00
1.498376286999999962e+01 2.118320659520500360e-01 1.864588555000000092e+00
1.490945686000000059e+01 2.142616955049058969e-01 1.865904052999999951e+00
1.481828679000000015e+01 3.708264740684076854e-01 1.842288232000000026e+00
1.465730225000000075e+01 4.350665662879718565e-01 1.784722775999999955e+00
1.446546105000000004e+01 5.609462951966025512e-01 1.820995337999999908e+00
1.436560118999999958e+01 6.257038103279292107e-01 1.908331449999999929e+00
1.441322367999999976e+01 5.193307154323616448e-01 1.948891259000000042e+00
1.469223578000000074e+01 3.047907320448174362e-01 1.866363795999999908e+00
1.436468479999999914e+01 6.262453788197188675e-01 1.873016467000000018e+00
1.398562148999999977e+01 6.768549564732989632e-01 1.946389450999999937e+00
1.437091462000000064e+01 7.849696159819474772e-01 1.703270865999999995e+00
1.485729144999999995e+01 8.299873385562246408e-01 1.775956918000000107e+00
1.509775594000000076e+01 5.612540108050877441e-01 1.832613572000000079e+00
1.513342156999999943e+01 5.912388220495872204e-01 1.801105795000000009e+00
1.515552435999999936e+01 6.963639323820211002e-01 1.756232417999999962e+00
1.517747645999999939e+01 7.967596290231695466e-01 1.720129687000000018e+00
1.517743096999999963e+01 7.967793343599377520e-01 1.710250551999999979e+00
1.515541941999999942e+01 6.965028344179503561e-01 1.729538296999999947e+00
1.513331115999999987e+01 5.916707229016457958e-01 1.762562025999999893e+00
1.509773361999999963e+01 5.619853107533121506e-01 1.787280092000000042e+00
1.485749346999999965e+01 8.299999006534364288e-01 1.744907283000000087e+00
1.437121488000000014e+01 7.847262848238736321e-01 1.687241857000000067e+00
1.398725121999999921e+01 6.766463255312585856e-01 1.977915386999999914e+00
1.436600012000000071e+01 6.252744610757470234e-01 1.906497646999999906e+00
1.477463097999999952e+01 2.154053522240396146e-01 1.855775052000000036e+00
1.446437315000000012e+01 5.609225710033494128e-01 1.805822671999999907e+00
1.437047768999999953e+01 7.846744650894308393e-01 1.669281427000000040e+00
1.479527286999999980e+01 1.159723168539422922e+00 1.673883218999999922e+00
1.531319206000000044e+01 9.839295598045699753e-01 1.745705330000000055e+00
1.551435505000000070e+01 7.042784310959967486e-01 1.755890772999999960e+00
1.557105692999999924e+01 8.027624146288715457e-01 1.702079823999999908e+00
1.563079860999999937e+01 9.211454430444636632e-01 1.647118432999999937e+00
1.567764846999999939e+01 9.928006520558346759e-01 1.608490854000000025e+00
1.567761856000000087e+01 9.929142719181395238e-01 1.600502260000000065e+00
1.563075873999999921e+01 9.214371191917924975e-01 1.625505221000000056e+00
1.557111661000000069e+01 8.031656449252496666e-01 1.670863275000000092e+00
1.551467156000000003e+01 7.047045706001681120e-01 1.719077414000000026e+00
1.531370386999999944e+01 9.844940700133736344e-01 1.728495214999999918e+00
1.479555915999999982e+01 1.159581377812721081e+00 1.677978071999999932e+00
1.437111533999999935e+01 7.834150746893064898e-01 1.688656592000000067e+00
1.446560503000000075e+01 5.603452659997983920e-01 1.840859103000000108e+00
1.470365634000000021e+01 6.584008890032305716e-01 1.833319181000000020e+00
1.465599624999999939e+01 4.343803615538227580e-01 1.750950094000000012e+00
1.485617318999999981e+01 8.291622745708401299e-01 1.694189659999999931e+00
1.531252328000000063e+01 9.837688715932015882e-01 1.727182466999999999e+00
1.581773163999999987e+01 8.870717002122806560e-01 1.772664365000000020e+00
1.599011130999999963e+01 7.504772431388923026e-01 1.705920171000000041e+00
1.610511134000000055e+01 8.481465199965094737e-01 1.655704977999999938e+00
1.620386123999999839e+01 8.826655434589284477e-01 1.616904305999999902e+00
1.626304435000000126e+01 8.786964698837655963e-01 1.593500394999999958e+00
1.626308068000000162e+01 8.788123625257896476e-01 1.587710460999999906e+00
1.620398115000000061e+01 8.829435892129950947e-01 1.600759612999999915e+00
1.610535262999999873e+01 8.483972598022316847e-01 1.631784294000000024e+00
1.599055352000000063e+01 7.503617840538390205e-01 1.677055736000000019e+00
1.581812562000000000e+01 8.870761761269821966e-01 1.788186220000000048e+00
1.531257334000000014e+01 9.833117451894384242e-01 1.752824434000000098e+00
1.485635141000000026e+01 8.284217858583733385e-01 1.721466265000000107e+00
1.465648131999999926e+01 4.339407661157463902e-01 1.780866924999999990e+00
1.471938405999999944e+01 2.647158969711784215e-01 1.786244174999999990e+00
1.481666807000000041e+01 3.705143619938266464e-01 1.775837561999999981e+00
1.509609236999999915e+01 5.620190419930961578e-01 1.767405909000000053e+00
1.551332103999999923e+01 7.054096751881809846e-01 1.781067688999999898e+00
1.598989100999999913e+01 7.515561521231814979e-01 1.811155598999999894e+00
1.643728957000000079e+01 7.738183521585443314e-01 1.773046459999999991e+00
1.657713074000000120e+01 7.694223204548161776e-01 1.732186447999999990e+00
1.666901182999999875e+01 7.652553860719467638e-01 1.720892901999999891e+00
1.671450070999999937e+01 7.628073507159959243e-01 1.714717884999999997e+00
1.671459137000000084e+01 7.627053176526531475e-01 1.713951084999999930e+00
1.666927842999999854e+01 7.649613752524111465e-01 1.718478369000000061e+00
1.657755324000000030e+01 7.689748678033446749e-01 1.727833179999999969e+00
1.643755781000000127e+01 7.737654992341780336e-01 1.887895102000000103e+00
1.598959514000000048e+01 7.512170382524747669e-01 1.823918120999999948e+00
1.551322758999999962e+01 7.050868927259873464e-01 1.796437190000000017e+00
1.509614537000000034e+01 5.618815356385119530e-01 1.781476094999999926e+00
1.481674278999999927e+01 3.705916474015339412e-01 1.784349823999999973e+00
1.488511996999999987e+01 2.931717091399134167e-01 1.808192379000000072e+00
1.490769614999999959e+01 2.141606506553067890e-01 1.796354416000000009e+00
1.513178122000000059e+01 5.918313283612074427e-01 1.760732721999999972e+00
1.557000603000000005e+01 8.039139269133398491e-01 1.754212485999999904e+00
1.610493590999999824e+01 8.495673541492396730e-01 1.798654661999999904e+00
1.657776435999999975e+01 7.695354372592109193e-01 1.874566170999999892e+00
1.682291324999999915e+01 8.954210275156009313e-01 1.843992384000000095e+00
1.696178487999999973e+01 8.798293833693298094e-01 1.817477420999999982e+00
1.703224407000000085e+01 8.546164292388243044e-01 1.806662197000000081e+00
1.703230745000000113e+01 8.545782299526031300e-01 1.808875121000000030e+00
1.696193513000000053e+01 8.797765809646252988e-01 1.824432558000000038e+00
1.682302346000000171e+01 8.953981766702300282e-01 1.858051837000000095e+00
1.657749116000000100e+01 7.695487766727457934e-01 1.900129614999999994e+00
1.610457282000000134e+01 8.492400878874653003e-01 1.813459960000000093e+00
1.556989414999999966e+01 8.034329430961846263e-01 1.761920461999999965e+00
1.513192051000000049e+01 5.914175687976049867e-01 1.762010156999999966e+00
1.490798434000000050e+01 2.141314352676195742e-01 1.792103334999999964e+00
1.504545315999999922e+01 2.717698626281422336e-01 1.822309332999999976e+00
1.498185194000000031e+01 2.112861662433026255e-01 1.801561197999999919e+00
1.515381776999999985e+01 6.968322262932035160e-01 1.738398134999999955e+00
1.562972884000000029e+01 9.223895191810729255e-01 1.730635853999999973e+00
1.620376857000000115e+01 8.843300773841068496e-01 1.798159218999999975e+00
1.666974688999999898e+01 7.653710407665178517e-01 1.879046895000000106e+00
1.696220424999999921e+01 8.799544314116911625e-01 1.872962001000000098e+00
1.717168046000000103e+01 8.829082774104940468e-01 1.855600778999999978e+00
1.729315257000000017e+01 8.466524123013445813e-01 1.847195482999999916e+00
1.729318547000000095e+01 8.466709519738546685e-01 1.851308723999999906e+00
1.717170867999999828e+01 8.829965249891018608e-01 1.866606313999999989e+00
1.696210654000000062e+01 8.800371053840044810e-01 1.890438894000000092e+00
1.666942945999999992e+01 7.654136248327757519e-01 1.905082101999999944e+00
1.620340294000000014e+01 8.841014387158361298e-01 1.816989007999999961e+00
1.562960552999999919e+01 9.219419979814781341e-01 1.736699672000000083e+00
1.515404670000000031e+01 6.963236717311949153e-01 1.733897623999999915e+00
1.498242349999999945e+01 2.110065942400163319e-01 1.791197324000000091e+00
1.515434422999999953e+01 2.003896935242416577e-01 1.820869821999999916e+00
1.503040893999999916e+01 3.195315350978680247e-01 1.801267144999999958e+00
1.517565060999999993e+01 7.972915694208518866e-01 1.723764349000000085e+00
1.567654454999999913e+01 9.941367466441333178e-01 1.718608931999999978e+00
1.626298569000000072e+01 8.804574061220326042e-01 1.800808878000000002e+00
1.671524916999999988e+01 7.629755755178857513e-01 1.881411685000000000e+00
1.703282859000000116e+01 8.546596161464190544e-01 1.882544771000000061e+00
1.729340153000000058e+01 8.465897710507602758e-01 1.868603398999999943e+00
1.746494078999999999e+01 7.781684403572476372e-01 1.858714841999999923e+00
1.746493986000000120e+01 7.782238747826621950e-01 1.864750625999999967e+00
1.729332674000000125e+01 8.467593273852332958e-01 1.882211222000000017e+00
1.703261308000000085e+01 8.548325239293351752e-01 1.901208162999999951e+00
1.671491710000000097e+01 7.630237028907671526e-01 1.907641193999999984e+00
1.626270617000000129e+01 8.802268089628664249e-01 1.822906268000000107e+00
1.567651082000000073e+01 9.937894761310769320e-01 1.724672275000000088e+00
1.517603244000000018e+01 7.969082883185135691e-01 1.716200230999999965e+00
1.503122441999999914e+01 3.192882948645046626e-01 1.787059355000000016e+00
1.432356077000000028e+01 4.108807197816415901e-01 1.833341042000000032e+00
1.436006466000000081e+01 4.115782116649823741e-01 1.825313031999999946e+00
1.447457591000000043e+01 4.182215311025108684e-01 1.808209887999999932e+00
1.467913386999999936e+01 4.505022716049009723e-01 1.781331977000000011e+00
1.494510739000000044e+01 2.366236805087180428e-01 1.815176604999999999e+00
1.488653719000000031e+01 2.921131654910442133e-01 1.891767004000000085e+00
1.487261209999999956e+01 1.428884706569593099e-01 1.880833525999999978e+00
1.499366698000000042e+01 2.298861551952245952e-01 1.857189745999999975e+00
1.512130420000000086e+01 1.688815839937411467e-01 1.822056783000000069e+00
1.512129634999999972e+01 1.688502102557864204e-01 1.812314275000000086e+00
1.499367359000000022e+01 2.298447083745133457e-01 1.833471062999999956e+00
1.487260228000000062e+01 1.430014880076234118e-01 1.849084635999999948e+00
1.488650911000000043e+01 2.925120481260688465e-01 1.857114930999999913e+00
1.494583178000000068e+01 2.346596527080773154e-01 1.794744635000000033e+00
1.468037597000000005e+01 4.508389284207063308e-01 1.776966264999999989e+00
1.447551900000000025e+01 4.187455612349106904e-01 1.805755817999999957e+00
1.436056272999999983e+01 4.118984712793669067e-01 1.824062732000000020e+00
1.436048068999999927e+01 4.118757673971119582e-01 1.764286964999999929e+00
1.413971137999999961e+01 5.527536033752008526e-01 1.824601042999999923e+00
1.421938781999999968e+01 7.348535429196726421e-01 1.807628605000000110e+00
1.442734420999999934e+01 6.904803793597192874e-01 1.784444654999999935e+00
1.472956860999999940e+01 5.203818122360578391e-01 1.806129796000000010e+00
1.490903596000000064e+01 2.143592412320483032e-01 1.861808265999999934e+00
1.497187560000000062e+01 3.411949925467409606e-01 1.837654437999999946e+00
1.508073599999999992e+01 3.863829321998952793e-01 1.794656819000000070e+00
1.518759101999999928e+01 3.901401994281799013e-01 1.753176534000000064e+00
1.518755892000000074e+01 3.901236974642023903e-01 1.744230519000000035e+00
1.508068534000000049e+01 3.863559779314091336e-01 1.772494991000000075e+00
1.497186886000000072e+01 3.413110417303809041e-01 1.808209111000000036e+00
1.490931158000000067e+01 2.144622242006203605e-01 1.830208201999999895e+00
1.473065021000000030e+01 5.197218991803295163e-01 1.788051671999999925e+00
1.442862208000000024e+01 6.907458675505172563e-01 1.777235027999999994e+00
1.422033560000000030e+01 7.350766360715332848e-01 1.805182472000000038e+00
1.414023843000000014e+01 5.522736686547318197e-01 1.844210378000000095e+00
1.447533476000000086e+01 4.187657235640188658e-01 1.753801085999999954e+00
1.421942306999999950e+01 7.356957956169883905e-01 1.755832467999999924e+00
1.389656586999999988e+01 4.106254653747720695e-01 1.681000582000000021e+00
1.423875407000000060e+01 7.996719429454353101e-01 1.695921121999999892e+00
1.477397692000000085e+01 9.036260844671183401e-01 1.740283205999999971e+00
1.513290989000000053e+01 5.919050952410512823e-01 1.785184180999999981e+00
1.526335558000000070e+01 6.119669560606703085e-01 1.739851811999999942e+00
1.538135334000000043e+01 6.945565631261272355e-01 1.677232298999999927e+00
1.547942656000000028e+01 7.391886787030632622e-01 1.629773117999999910e+00
1.547939509999999963e+01 7.392063357165136184e-01 1.622709065000000006e+00
1.538131498999999991e+01 6.945936387493548692e-01 1.659118585000000090e+00
1.526341971999999991e+01 6.120502569476287125e-01 1.715153928000000105e+00
1.513325135000000010e+01 5.917203043532545115e-01 1.759172116000000008e+00
1.477468383999999979e+01 9.029640156016752739e-01 1.728629919000000070e+00
1.423966566000000000e+01 7.991207996883131770e-01 1.694518535000000048e+00
1.389771932000000021e+01 4.099580958884866955e-01 1.691005842000000037e+00
1.422065854999999956e+01 7.347034196289294883e-01 1.783322789000000075e+00
1.468020695999999958e+01 4.510543644709019695e-01 1.734169378999999900e+00
1.442754558000000031e+01 6.912003217548129408e-01 1.733932615999999927e+00
1.423861181999999914e+01 7.993981904262695837e-01 1.656220035000000035e+00
1.462824728999999913e+01 1.258521415614021421e+00 1.633310797000000036e+00
1.523645525000000056e+01 1.194814359843707541e+00 1.683021368999999989e+00
1.557072860999999975e+01 8.033998410317451100e-01 1.700945034000000078e+00
1.571417178999999997e+01 8.142589093841335890e-01 1.651169010000000048e+00
1.585268377999999956e+01 8.708577447269698624e-01 1.596646489000000058e+00
1.595446352999999995e+01 8.886985185439080226e-01 1.558360353000000087e+00
1.595444336999999990e+01 8.887094231831517144e-01 1.552830960000000093e+00
1.585267035999999941e+01 8.708535153735125212e-01 1.582086880000000084e+00
1.571426731999999937e+01 8.141994824954796872e-01 1.630630628000000026e+00
1.557107438000000066e+01 8.032203655105951690e-01 1.678023983000000108e+00
1.523694330999999913e+01 1.194812379654156542e+00 1.677553175999999979e+00
1.462869326000000036e+01 1.257929088362095493e+00 1.645103610999999910e+00
1.423949185000000028e+01 7.982886597968130715e-01 1.683007662000000071e+00
1.442864939000000035e+01 6.904811762075011572e-01 1.765175673999999972e+00
1.494547692999999988e+01 2.333740719040532929e-01 1.793446899999999955e+00
1.472926788000000009e+01 5.194088438717667788e-01 1.738178548999999906e+00
1.477333995999999949e+01 9.025835139443473265e-01 1.664541317000000076e+00
1.523596176999999940e+01 1.194501769564788374e+00 1.669273484999999946e+00
1.585910465999999985e+01 1.217119253003873469e+00 1.699978892999999935e+00
1.610516259999999988e+01 8.490381412719947285e-01 1.659385238000000040e+00
1.625985607000000144e+01 9.076248246088177707e-01 1.617283730999999891e+00
1.640705087999999989e+01 9.252307178850581737e-01 1.581813839000000055e+00
1.650161264999999844e+01 9.118776094299815282e-01 1.558959135999999912e+00
1.650160015999999885e+01 9.118658791183837931e-01 1.554492065000000034e+00
1.640703913000000114e+01 9.251711398825626098e-01 1.569604618999999923e+00
1.625990387999999953e+01 9.074444577237446019e-01 1.599331408000000065e+00
1.610535794999999837e+01 8.485299660820775358e-01 1.637176586999999905e+00
1.585932065999999985e+01 1.217049665337046616e+00 1.711326198999999937e+00
1.523599240999999971e+01 1.193889487944048478e+00 1.693115029999999965e+00
1.477362016999999916e+01 9.015324424491250044e-01 1.696383760000000018e+00
1.472994403000000041e+01 5.186771633611261256e-01 1.775961630999999930e+00
1.488522502000000003e+01 2.932351609665492798e-01 1.854542740000000078e+00
1.490768760999999998e+01 2.142320701410061201e-01 1.795632265000000061e+00
1.513166537999999939e+01 5.920818679605206469e-01 1.747925090000000070e+00
1.556991821999999992e+01 8.041264712019232652e-01 1.758815494999999895e+00
1.610492994000000166e+01 8.497813040939139473e-01 1.796177979000000091e+00
1.657795468000000128e+01 7.695218147337118397e-01 1.734220126000000084e+00
1.682307654999999968e+01 8.954727310362168291e-01 1.649409066999999895e+00
1.696189822999999919e+01 8.797995804032670009e-01 1.639262830999999920e+00
1.703229856999999825e+01 8.545819256628902627e-01 1.637489659999999958e+00
1.703229547000000110e+01 8.545498011931033089e-01 1.634198146999999990e+00
1.696188620999999941e+01 8.797127184159020397e-01 1.629266673999999915e+00
1.682301856999999856e+01 8.952457162073210739e-01 1.632753525999999900e+00
1.657762689000000123e+01 7.693097464787119755e-01 1.722770546000000014e+00
1.610453813000000167e+01 8.495782049961742022e-01 1.809445476999999913e+00
1.556967114999999957e+01 8.038145469135542509e-01 1.781437834000000109e+00
1.513161000999999928e+01 5.917029529339123961e-01 1.775297174000000089e+00
1.490782208000000075e+01 2.139103124893060870e-01 1.820607448000000073e+00
1.487087490000000045e+01 1.429173165004843093e-01 1.792073648999999991e+00
1.497020647999999987e+01 3.414574349997315794e-01 1.765536642000000045e+00
1.526201050000000059e+01 6.126636591029331891e-01 1.735362038999999967e+00
1.571340342000000057e+01 8.151918987447152043e-01 1.743547023999999945e+00
1.625972967999999952e+01 9.084583107469169638e-01 1.788503198999999988e+00
1.682346227000000027e+01 8.959849103575763252e-01 1.845201780000000014e+00
1.733133606999999898e+01 8.083544046732221711e-01 1.805399529000000003e+00
1.742359117999999896e+01 7.903225280248353801e-01 1.777236099000000014e+00
1.746871014999999971e+01 7.812041904783001423e-01 1.775402480999999977e+00
1.746873373000000029e+01 7.811632532305153864e-01 1.774470301000000028e+00
1.742366154000000122e+01 7.902032558253714312e-01 1.774368050000000085e+00
1.733146294999999881e+01 8.077483122918318603e-01 1.755974670000000071e+00
1.682299889000000093e+01 8.960347945952858995e-01 1.857158770000000070e+00
1.625929597000000015e+01 9.082986149727276803e-01 1.803925881000000064e+00
1.571312114000000015e+01 8.148449029875031169e-01 1.762412493000000024e+00
1.526193564000000080e+01 6.123244148404137777e-01 1.754914918000000101e+00
1.497024844999999971e+01 3.413669651851706788e-01 1.778969186000000091e+00
1.499186957999999947e+01 2.299169818908658181e-01 1.750383653999999956e+00
1.507891788999999960e+01 3.867214219151607346e-01 1.724603206999999916e+00
1.537996414999999928e+01 6.955047498393921446e-01 1.697386829000000041e+00
1.585197557999999951e+01 8.719494869089496891e-01 1.721501168000000082e+00
1.640706392999999963e+01 9.261751676210969730e-01 1.790084843000000037e+00
1.696250635000000173e+01 8.803305681803151872e-01 1.877775685000000028e+00
1.742435877999999860e+01 7.903052070716024557e-01 1.948939382000000053e+00
1.767757343999999975e+01 7.596805012381274702e-01 1.922304425999999955e+00
1.776972028999999864e+01 7.261988348825018091e-01 1.892897830999999975e+00
1.776977641999999946e+01 7.262114803352951453e-01 1.895850999000000092e+00
1.767768842999999990e+01 7.597974854465798789e-01 1.933777466000000000e+00
1.742423490999999913e+01 7.905746618110749413e-01 1.970093005000000064e+00
1.696212484000000131e+01 8.805183917059915544e-01 1.897662562000000053e+00
1.640666128000000157e+01 9.260801466033978802e-01 1.809914255000000027e+00
1.585172988999999966e+01 8.715857103265048922e-01 1.742146922000000098e+00
1.537997975000000039e+01 6.950311551312264857e-01 1.716155161999999956e+00
1.507911226999999954e+01 3.865921343926889686e-01 1.735160945000000066e+00
1.511958729000000012e+01 1.689143165954514469e-01 1.722528488000000024e+00
1.518571546000000083e+01 3.906863412306045835e-01 1.695374447999999923e+00
1.547800591999999931e+01 7.403632160247164418e-01 1.671299453000000046e+00
1.595379177999999953e+01 8.899226465421760102e-01 1.708803019999999950e+00
1.650171908000000087e+01 9.128796510377452655e-01 1.792902377999999963e+00
1.703300656000000046e+01 8.550474257215628926e-01 1.890261768000000009e+00
1.746952738999999966e+01 7.811854870164246512e-01 1.954457831999999895e+00
1.777011376999999825e+01 7.261617133492143106e-01 1.957959950000000005e+00
1.793357005000000015e+01 6.575085629648123042e-01 1.943044398000000061e+00
1.793362091999999919e+01 6.575587337760204765e-01 1.950013280000000071e+00
1.777014038000000085e+01 7.263630214250289541e-01 1.974123199000000106e+00
1.746939409999999882e+01 7.814654681509617395e-01 1.975635953000000056e+00
1.703272358999999980e+01 8.552341078071079572e-01 1.913326413000000059e+00
1.650143465000000020e+01 9.127853889480601612e-01 1.816458874999999917e+00
1.595369056000000008e+01 8.895183732556561917e-01 1.732238243999999927e+00
1.547821521999999916e+01 7.397661652307703228e-01 1.691450407999999905e+00
1.518612399999999951e+01 3.903660160059428397e-01 1.705884415999999959e+00
1.406076443999999981e+01 3.515775768093990505e-01 1.720416366000000030e+00
1.410559939000000007e+01 3.678669382243235919e-01 1.732877323999999941e+00
1.424773311999999947e+01 4.258738403093345060e-01 1.717987388999999920e+00
1.451331483000000055e+01 5.649205837879860415e-01 1.698744626000000091e+00
1.494789940000000072e+01 7.315930170647823028e-01 1.715492669000000081e+00
1.504665673000000048e+01 2.711746190686157298e-01 1.878372002000000096e+00
1.499353525999999981e+01 2.300096421543394720e-01 1.812867798000000086e+00
1.513314792000000075e+01 4.617870906147142351e-01 1.711856060999999984e+00
1.533972565999999915e+01 5.323618597659180995e-01 1.620501047999999944e+00
1.533967847000000084e+01 5.323671404964979148e-01 1.613478049000000025e+00
1.513309388999999960e+01 4.616801953429587879e-01 1.696085276000000031e+00
1.499354579999999970e+01 2.299601685680124075e-01 1.793816405000000058e+00
1.504673505000000056e+01 2.712576876733513997e-01 1.856094332999999930e+00
1.494874953999999967e+01 7.308131755082983849e-01 1.706981053000000026e+00
1.451424646999999979e+01 5.653855743634771391e-01 1.697263635000000104e+00
1.424843352000000074e+01 4.265440839831432518e-01 1.717230355999999958e+00
1.410596750999999927e+01 3.683127448025041439e-01 1.732489833999999895e+00
1.410586694999999935e+01 3.682447813154254290e-01 1.654117150000000036e+00
1.387129977000000025e+01 5.213466097077502637e-01 1.729406541999999991e+00
1.399558215999999966e+01 7.943135324366014105e-01 1.725567955000000042e+00
1.426264510000000030e+01 8.277560225336337840e-01 1.713046695999999924e+00
1.468388623999999965e+01 7.957961700194757793e-01 1.756145244999999910e+00
1.498317654000000054e+01 2.124954423066683362e-01 1.837166473999999994e+00
1.508058583000000041e+01 3.866815720235095566e-01 1.770596263999999920e+00
1.526264055000000042e+01 5.987410997707801608e-01 1.665355861999999965e+00
1.545976955999999980e+01 6.320708333706205329e-01 1.581989392000000105e+00
1.545970718999999960e+01 6.320962093643648361e-01 1.575826535000000028e+00
1.526254546000000012e+01 5.986719145319037150e-01 1.651276908000000043e+00
1.508063598999999932e+01 3.865253867231909779e-01 1.753315482999999952e+00
1.498370655000000085e+01 2.115606803736672925e-01 1.819594149000000050e+00
1.468509315999999920e+01 7.956130762547743984e-01 1.749430421000000013e+00
1.426383142999999976e+01 8.280258499713072373e-01 1.711488241999999937e+00
1.399643249000000012e+01 7.945536413399467701e-01 1.725063395999999916e+00
1.387163911999999932e+01 5.210727453670442877e-01 1.741875252999999901e+00
1.424823692999999913e+01 4.264545302221409706e-01 1.639981246999999920e+00
1.399560396999999945e+01 7.951040182288383606e-01 1.652718197000000000e+00
1.359744773000000073e+01 5.124061781548031602e-01 1.609367407999999999e+00
1.399624460000000070e+01 9.490748946820471987e-01 1.639014323999999911e+00
1.466044143999999960e+01 1.093801840059283936e+00 1.693777107000000060e+00
1.515497326999999927e+01 6.970640134926469056e-01 1.741200297000000008e+00
1.538126046000000002e+01 6.948394733223831610e-01 1.675265035000000013e+00
1.559993769000000086e+01 7.759606026661369782e-01 1.587753835000000002e+00
1.578092355000000069e+01 7.684632836791225330e-01 1.522964599000000030e+00
1.578086904999999973e+01 7.684904723787446823e-01 1.518195060999999901e+00
1.559984844999999964e+01 7.759322796398000488e-01 1.576403079000000096e+00
1.538129241999999941e+01 6.946544479150460472e-01 1.660824335999999901e+00
1.515537014999999954e+01 6.964000706648671990e-01 1.727475038999999990e+00
1.466121535999999992e+01 1.093160335139936157e+00 1.691603253999999890e+00
1.399722633000000016e+01 9.488098895855217041e-01 1.644770878999999963e+00
1.359858554000000019e+01 5.124738002823684413e-01 1.624114642000000108e+00
1.399650242999999961e+01 7.944026507936654546e-01 1.672304623999999906e+00
1.451399166999999935e+01 5.653668890928835733e-01 1.611362471000000074e+00
1.426280234000000036e+01 8.284168853249151976e-01 1.630663031999999957e+00
1.399609307000000058e+01 9.489126495752921997e-01 1.574988484999999994e+00
1.444392311000000007e+01 1.500003489825701308e+00 1.561667005000000108e+00
1.517919591999999973e+01 1.421774260286698288e+00 1.626640038999999982e+00
1.563047088000000073e+01 9.219769664378388851e-01 1.651955539000000028e+00
1.585269019000000057e+01 8.710951003785845081e-01 1.601485867999999924e+00
1.607115140999999880e+01 8.889689610373449069e-01 1.541404380999999990e+00
1.623437918999999852e+01 8.596605170816278285e-01 1.495099418999999985e+00
1.623432860999999860e+01 8.596714787073606034e-01 1.491252991000000083e+00
1.607105612000000150e+01 8.889269509481229070e-01 1.531876508999999942e+00
1.585266567000000038e+01 8.709084918413791954e-01 1.588683639999999953e+00
1.563069604999999918e+01 9.215319975258978724e-01 1.638281322000000095e+00
1.517959725999999954e+01 1.421631868534782850e+00 1.625931712000000084e+00
1.444427926999999912e+01 1.499437315384162472e+00 1.574265022999999930e+00
1.399681902000000022e+01 9.480931893018130774e-01 1.600470888999999897e+00
1.426360644999999927e+01 8.278887351433418251e-01 1.653078507000000030e+00
1.494841669999999922e+01 7.306796092464614700e-01 1.602599013000000072e+00
1.468364934000000055e+01 7.952986834053772380e-01 1.648365257000000028e+00
1.465980738999999922e+01 1.092918780008665491e+00 1.595570176999999923e+00
1.517871073000000059e+01 1.421492633053054400e+00 1.611477005000000018e+00
1.589640971000000036e+01 1.434316432221226290e+00 1.650209508000000103e+00
1.620405137999999923e+01 8.838315637610684172e-01 1.626357913999999960e+00
1.640720728999999878e+01 9.254608464016409464e-01 1.587339384000000075e+00
1.661572694999999911e+01 9.272826766362344264e-01 1.547743853999999919e+00
1.675932218999999890e+01 8.911974556407039616e-01 1.515978864000000037e+00
1.675926549000000065e+01 8.911943525956413925e-01 1.512544418999999918e+00
1.661559838999999883e+01 9.272250726942123933e-01 1.538986473000000021e+00
1.640707862000000006e+01 9.252602112484591412e-01 1.575182628999999945e+00
1.620401737999999980e+01 8.832166556150282677e-01 1.611463477999999894e+00
1.589655203999999955e+01 1.434255393625589514e+00 1.657517552000000061e+00
1.517867820000000023e+01 1.420972013799445932e+00 1.629035191999999910e+00
1.465998425999999988e+01 1.092015578511762453e+00 1.621715159000000073e+00
1.468419087999999917e+01 7.948700534106545312e-01 1.677549605000000055e+00
1.504561533000000040e+01 2.717622147049305603e-01 1.873542207999999931e+00
1.498204102999999954e+01 2.118612358369301729e-01 1.785495724000000006e+00
1.515383480000000027e+01 6.971461432899302979e-01 1.719035298999999961e+00
1.562971435999999947e+01 9.226277706435593862e-01 1.737465829000000017e+00
1.620381989999999917e+01 8.845362884392912184e-01 1.784548763999999954e+00
1.666988837999999973e+01 7.653343572791050375e-01 1.724047302000000004e+00
1.696232479000000026e+01 8.800429246192539301e-01 1.643962839999999925e+00
1.717178691000000157e+01 8.829578709180643248e-01 1.609468085999999909e+00
1.729320206999999954e+01 8.466484981645485686e-01 1.590886148000000055e+00
1.729313360000000088e+01 8.466368732889484328e-01 1.587522842000000045e+00
1.717160366999999965e+01 8.828964326609629598e-01 1.600681471999999994e+00
1.696203918999999871e+01 8.798754935705176417e-01 1.632502643000000031e+00
1.666944407000000083e+01 7.652705704622155825e-01 1.717231361000000067e+00
1.620333751000000078e+01 8.843667342287133692e-01 1.794276318999999953e+00
1.562935114999999975e+01 9.223222673142660311e-01 1.756303900000000029e+00
1.515365143000000003e+01 6.966163444928027415e-01 1.744196333999999959e+00
1.498214293000000019e+01 2.112865164887553493e-01 1.811133694000000016e+00
1.499199632000000015e+01 2.300075979216568978e-01 1.791057628999999984e+00
1.507911441999999980e+01 3.867431474036264749e-01 1.748477099000000035e+00
1.538009392999999925e+01 6.954384124795354172e-01 1.713194228000000097e+00
1.585204511999999966e+01 8.719049145649782062e-01 1.731074712000000071e+00
1.640710796000000116e+01 9.261760996292811576e-01 1.779047086999999916e+00
1.696258109000000047e+01 8.803884733407923990e-01 1.818176294999999998e+00
1.742454761000000119e+01 7.903769622007540407e-01 1.781992658999999923e+00
1.767775213999999906e+01 7.597627221056394431e-01 1.711670341000000040e+00
1.776977796999999981e+01 7.262103477770157633e-01 1.712377872000000023e+00
1.776970838000000086e+01 7.261949390825188644e-01 1.709097655000000104e+00
1.767750500000000002e+01 7.597132980484384568e-01 1.702253127000000088e+00
1.742409377999999975e+01 7.904312859400752789e-01 1.776626137000000050e+00
1.696209205999999980e+01 8.804446427936457598e-01 1.823353899000000000e+00
1.640662791999999826e+01 9.261304663383226332e-01 1.790611343999999994e+00
1.585163623999999949e+01 8.717287522811201228e-01 1.747948759000000019e+00
1.537982028999999962e+01 6.951568639673425531e-01 1.733836828999999913e+00
1.507900968000000042e+01 3.864129221010995097e-01 1.766086636000000043e+00
1.513133024999999954e+01 4.618450231568761444e-01 1.686511615999999991e+00
1.526104589000000011e+01 5.992252885645917848e-01 1.664808845999999898e+00
1.559882316999999929e+01 7.767705117918750624e-01 1.664011740000000072e+00
1.607063837999999834e+01 8.898755295822480260e-01 1.708126170000000110e+00
1.661581101999999888e+01 9.280997709171731058e-01 1.780980435999999889e+00
1.717234316000000049e+01 8.835478662300179087e-01 1.861004761000000007e+00
1.767856467000000009e+01 7.600383243570285607e-01 1.929472475999999936e+00
1.808128612999999874e+01 5.777825195776541412e-01 1.888138185999999941e+00
1.812274169999999884e+01 5.673366231412290128e-01 1.867869275999999967e+00
1.812274217999999948e+01 5.673319965894955130e-01 1.866980188999999957e+00
1.808128697000000074e+01 5.777153852813103896e-01 1.843045556000000085e+00
1.767826566999999827e+01 7.602063091449717813e-01 1.940816050000000015e+00
1.717196752999999987e+01 8.836907315853648193e-01 1.873830702000000015e+00
1.661540941000000160e+01 9.281338191564825202e-01 1.796699437000000010e+00
1.607029827999999938e+01 8.897610840531716692e-01 1.727455331000000038e+00
1.559862103999999938e+01 7.765563210991477394e-01 1.685453743000000060e+00
1.526098402000000043e+01 5.990627428781574171e-01 1.681538340999999992e+00
1.533802380000000021e+01 5.327220247505257689e-01 1.613160869999999969e+00
1.545823393000000046e+01 6.327463526659762305e-01 1.604764692000000048e+00
1.577988007000000081e+01 7.693805325785407767e-01 1.627220641000000079e+00
1.623397424999999927e+01 8.606298381370223183e-01 1.691438530000000107e+00
1.675956090000000032e+01 8.920681295184350601e-01 1.781651909999999894e+00
1.729397094000000124e+01 8.472967035744983777e-01 1.879263820999999890e+00
1.777083972000000145e+01 7.265278292406880389e-01 1.966898706000000052e+00
1.812358800999999886e+01 5.673794056730024904e-01 2.019563220000000214e+00
1.829258120000000076e+01 4.558825354043224420e-01 2.002177217999999925e+00
1.829269634999999994e+01 4.559162792894230765e-01 2.011482062999999876e+00
1.812366773000000109e+01 5.675156849288059968e-01 2.039088787999999930e+00
1.777075156000000078e+01 7.267301077470145199e-01 1.984914327000000034e+00
1.729377094999999898e+01 8.474756295430710962e-01 1.897086137000000061e+00
1.675932574999999858e+01 8.921243461800673069e-01 1.801502933000000084e+00
1.623380850999999936e+01 8.605095955471455671e-01 1.714302191000000031e+00
1.577986710000000059e+01 7.691297136008005131e-01 1.651355042000000051e+00
1.545833441000000086e+01 6.325652445966042370e-01 1.622697959999999995e+00
1.388510800999999972e+01 1.466064785627718692e-01 1.636584363999999958e+00
1.393458395999999944e+01 2.071182685507385879e-01 1.671330363000000041e+00
1.409200925000000026e+01 3.524203219105560558e-01 1.657747687999999942e+00
1.439228750999999917e+01 5.968255889311647744e-01 1.643651487000000078e+00
1.490750725999999915e+01 9.503281418870123121e-01 1.664188425000000082e+00
1.515562790000000071e+01 1.999896124380828311e-01 1.873361451999999927e+00
1.512122184000000047e+01 1.691696615769287260e-01 1.769403770999999903e+00
1.533974687999999986e+01 5.323200036741754237e-01 1.606776511000000074e+00
1.565015548999999950e+01 4.466875887427157465e-01 1.472596521000000047e+00
1.565012014999999934e+01 4.468005155851347276e-01 1.469457822000000080e+00
1.533969976999999929e+01 5.323227834452406437e-01 1.600460688999999936e+00
1.512121538000000065e+01 1.691276456747233259e-01 1.762341984999999944e+00
1.515564922000000081e+01 1.999640203399326299e-01 1.863985519999999951e+00
1.490784644999999919e+01 9.502010959476294705e-01 1.661961288000000092e+00
1.439264477999999947e+01 5.970803316828784402e-01 1.643572959999999972e+00
1.409227762999999989e+01 3.528669999867758422e-01 1.657773232000000041e+00
1.393472451000000056e+01 2.075452022703988819e-01 1.671339378000000098e+00
1.393466669999999930e+01 2.074210358954937106e-01 1.579152848000000109e+00
1.368994430999999956e+01 4.183122787583380964e-01 1.665312662000000055e+00
1.382586532999999918e+01 8.043299974251484352e-01 1.669196236999999972e+00
1.412751094000000052e+01 8.967282329512726857e-01 1.663140752999999972e+00
1.462745403999999994e+01 9.631260908436630741e-01 1.721524636000000053e+00
1.503203470999999958e+01 3.203018002204123249e-01 1.821285562999999996e+00
1.518751774000000054e+01 3.905722034527243647e-01 1.726584236999999966e+00
1.545982872000000086e+01 6.320504240852007349e-01 1.577152836000000002e+00
1.575306308000000044e+01 5.039110558915537164e-01 1.460260689999999917e+00
1.575300827000000048e+01 5.040223039619592393e-01 1.457564195000000007e+00
1.545973318000000063e+01 6.320305471726603841e-01 1.571639411999999902e+00
1.518755791999999971e+01 3.902473075716942352e-01 1.720398494999999972e+00
1.503256601000000003e+01 3.193345689199166282e-01 1.815367436000000056e+00
1.462832236999999935e+01 9.632787177912653931e-01 1.720119039999999933e+00
1.412821070999999939e+01 8.968556307018819007e-01 1.663359159000000087e+00
1.382632373999999942e+01 8.044221685682153566e-01 1.669463491999999993e+00
1.368993331999999974e+01 4.181123549364055836e-01 1.669968131999999938e+00
1.409218109000000041e+01 3.527396372600213881e-01 1.562218169000000101e+00
1.382580040999999937e+01 8.048075208954114101e-01 1.582143282999999956e+00
1.330566720999999930e+01 2.948189642593324056e-01 1.534567631000000043e+00
1.379145815000000042e+01 1.063875458414730746e+00 1.595842828000000102e+00
1.457891543999999939e+01 1.257071514233590204e+00 1.664567611999999919e+00
1.517707940000000022e+01 7.972737723771364804e-01 1.713283418000000058e+00
1.547941134999999946e+01 7.394794772772000924e-01 1.632453101999999934e+00
1.578098679000000004e+01 7.684463859646408768e-01 1.526293206999999930e+00
1.603587651999999864e+01 6.289957093728480997e-01 1.439620971999999943e+00
1.603582108999999889e+01 6.290696592064108916e-01 1.437602223999999929e+00
1.578087720000000083e+01 7.684526033811049928e-01 1.521949101999999998e+00
1.547938869000000039e+01 7.392247534827820488e-01 1.627381162999999908e+00
1.517741825999999961e+01 7.965224974716416106e-01 1.708975702000000041e+00
1.457951077999999967e+01 1.256773229709148287e+00 1.665070827000000087e+00
1.379210841999999992e+01 1.063885528318197826e+00 1.600253731000000013e+00
1.330628731000000009e+01 2.960340154121731682e-01 1.543636339000000079e+00
1.382613951999999991e+01 8.045986461973424486e-01 1.589635858000000068e+00
1.439247293999999933e+01 5.968864615570320664e-01 1.528151556000000078e+00
1.412744683000000023e+01 8.970383533852039903e-01 1.556535052999999946e+00
1.379116666000000002e+01 1.063555986142233456e+00 1.499150315999999927e+00
1.431787981999999992e+01 1.722202175797731494e+00 1.508843595000000093e+00
1.514974506000000076e+01 1.572961933225611730e+00 1.593362130999999904e+00
1.567742310999999944e+01 9.935613486352198320e-01 1.620936782000000020e+00
1.595454795000000026e+01 8.889354669898790196e-01 1.568758791999999902e+00
1.623445883000000123e+01 8.596485418100937581e-01 1.500172394000000020e+00
1.645204720999999992e+01 7.475244443557762519e-01 1.436503104999999891e+00
1.645199065999999988e+01 7.475694671698301930e-01 1.434894448000000100e+00
1.623433319000000097e+01 8.596554981882890134e-01 1.496518994999999963e+00
1.595444486999999967e+01 8.887620527050540398e-01 1.564154800000000067e+00
1.567755005999999973e+01 9.930074246673470384e-01 1.616235574999999924e+00
1.515006192000000063e+01 1.572921758489493671e+00 1.593670144999999927e+00
1.431803483999999926e+01 1.722045203235347932e+00 1.514594898999999995e+00
1.379139130999999985e+01 1.063205084710102000e+00 1.511031454999999912e+00
1.412776883999999988e+01 8.968899003246915136e-01 1.565074268000000046e+00
1.490743516999999940e+01 9.497595146637932695e-01 1.491912807999999924e+00
1.462697874000000020e+01 9.626981149033906338e-01 1.579455233000000014e+00
1.457814308999999930e+01 1.256405215867994141e+00 1.543752546999999975e+00
1.514924141999999918e+01 1.572791388053156103e+00 1.577972190999999968e+00
1.592064373999999916e+01 1.544757462675629744e+00 1.625210671000000051e+00
1.626331950999999876e+01 8.797965353657914989e-01 1.607576877000000071e+00
1.650187238999999906e+01 9.121056654856598556e-01 1.568834003000000088e+00
1.675944488000000021e+01 8.911955845715828772e-01 1.520692568999999938e+00
1.694897252999999893e+01 8.060870428460293891e-01 1.469940178000000097e+00
1.694890678000000150e+01 8.061142485075252218e-01 1.468466233000000010e+00
1.675928482999999858e+01 8.911933870222469301e-01 1.517277714000000000e+00
1.650166285999999971e+01 9.119712952901949388e-01 1.564416419000000058e+00
1.626313610000000054e+01 8.791499273968530481e-01 1.602312178000000031e+00
1.592077388999999954e+01 1.544743169807930583e+00 1.627939524000000082e+00
1.514914871999999946e+01 1.572461749121012220e+00 1.584591832000000089e+00
1.457809714000000056e+01 1.255890675642028942e+00 1.554233087000000069e+00
1.462719867000000029e+01 9.625625108834054977e-01 1.590572032000000080e+00
1.515456788999999915e+01 2.003951630636907066e-01 1.888657186000000099e+00
1.503090966000000073e+01 3.199886597911195674e-01 1.772788523000000005e+00
1.517595165000000001e+01 7.975114372598822721e-01 1.702392345999999890e+00
1.567670872000000060e+01 9.942734732014824051e-01 1.729722422999999898e+00
1.626313917999999958e+01 8.804894379231843482e-01 1.780817018999999890e+00
1.671534220999999931e+01 7.629063809808199759e-01 1.717554709000000068e+00
1.703285286999999926e+01 8.547564412851937909e-01 1.644561283000000040e+00
1.729342237999999909e+01 8.466756169410284416e-01 1.595042437999999896e+00
1.746493488999999855e+01 7.781831643830461331e-01 1.547606883000000044e+00
1.746484840000000105e+01 7.781980399045502761e-01 1.546033659999999976e+00
1.729320282999999847e+01 8.466642840911986490e-01 1.591571104000000014e+00
1.703250746000000149e+01 8.547103304750360842e-01 1.640678466000000002e+00
1.671481521999999842e+01 7.629956707421091666e-01 1.715378904000000038e+00
1.626255233999999916e+01 8.803457214461231084e-01 1.784406034000000085e+00
1.567624529999999972e+01 9.939810175648974289e-01 1.737227614000000031e+00
1.517560819000000016e+01 7.970410264993170735e-01 1.712851727000000102e+00
1.503082876999999939e+01 3.196190572998753310e-01 1.784082047999999920e+00
1.511976783000000069e+01 1.688324580455662360e-01 1.786109535000000026e+00
1.518615373999999996e+01 3.905782558425883733e-01 1.742267997999999984e+00
1.547835053000000016e+01 7.401050262089278187e-01 1.706467890000000098e+00
1.595399412999999988e+01 8.897393848263644989e-01 1.729103717000000096e+00
1.650183961999999838e+01 9.128066091398430171e-01 1.776391727999999892e+00
1.703311434000000091e+01 8.550615873808323775e-01 1.806194821999999922e+00
1.746965262000000152e+01 7.812739126539000045e-01 1.780275666000000090e+00
1.777023576999999932e+01 7.262878751236055974e-01 1.716612739999999970e+00
1.793361408000000168e+01 6.575524569711260758e-01 1.660484499999999919e+00
1.793348989000000060e+01 6.575560385848656653e-01 1.658497507999999954e+00
1.776992691999999963e+01 7.262848890073199115e-01 1.713121995000000064e+00
1.746920950999999889e+01 7.813774731116888139e-01 1.778557791999999971e+00
1.703260102000000131e+01 8.551821427202033199e-01 1.807726868000000042e+00
1.650132055999999992e+01 9.128498875814978764e-01 1.780795890999999909e+00
1.595350262999999913e+01 8.897221687167833348e-01 1.735995592999999948e+00
1.547791995999999948e+01 7.399880771378597455e-01 1.715413121000000096e+00
1.518588978000000012e+01 3.902199632643530980e-01 1.750457727999999991e+00
1.533809572999999915e+01 5.326039874612519265e-01 1.648408255999999961e+00
1.545843338999999972e+01 6.325911498232773544e-01 1.638005925999999945e+00
1.578005038000000049e+01 7.692127270976885089e-01 1.652216206000000076e+00
1.623408347000000163e+01 8.605279771757740059e-01 1.704682633000000003e+00
1.675963907999999947e+01 8.920423091383167247e-01 1.778143768999999930e+00
1.729405887000000064e+01 8.473234133967504356e-01 1.851854123999999935e+00
1.777097326000000166e+01 7.265741716309412901e-01 1.900229975000000016e+00
1.812379746999999952e+01 5.674393503818014883e-01 1.874647348000000102e+00
1.829270731000000083e+01 4.559303949145993573e-01 1.784196867999999991e+00
1.829251842000000039e+01 4.559156883731561027e-01 1.781061953999999892e+00
1.812341392000000084e+01 5.674954399334475319e-01 1.873487944000000072e+00
1.777059609999999878e+01 7.266855596002621542e-01 1.903062822000000098e+00
1.729367587000000128e+01 8.474411874213025886e-01 1.856582581999999926e+00
1.675925163000000140e+01 8.921406458451626165e-01 1.784546301000000001e+00
1.623371463000000148e+01 8.605971476286026212e-01 1.712925068000000106e+00
1.577973311999999950e+01 7.692481453613417841e-01 1.661818964999999926e+00
1.545822547999999941e+01 6.325581774006274749e-01 1.646017290000000077e+00
1.564870765999999946e+01 4.472056080263509537e-01 1.547790398000000067e+00
1.575180497000000024e+01 5.045109489749913800e-01 1.558195653000000069e+00
1.603506429999999838e+01 6.297809545521775298e-01 1.604572496000000070e+00
1.645182760000000144e+01 7.484367298559687631e-01 1.681350761000000027e+00
1.694938862000000057e+01 8.070066462261643592e-01 1.774644966000000101e+00
1.746592958000000095e+01 7.790028436679442558e-01 1.870801876000000030e+00
1.793502927000000113e+01 6.581760916483994084e-01 1.956738418999999896e+00
1.829422136000000165e+01 4.561701882874414915e-01 2.015738201000000007e+00
1.849798711000000040e+01 2.087699162285312215e-01 1.948317413000000053e+00
1.849798149000000080e+01 2.087853837002541513e-01 1.917407555000000041e+00
1.829409159000000074e+01 4.562210398417071988e-01 2.025378143000000186e+00
1.793489088000000109e+01 6.582754764409622927e-01 1.964712746000000010e+00
1.746576711999999887e+01 7.791171072100796513e-01 1.878644567000000043e+00
1.694921374999999841e+01 8.071020673995297212e-01 1.783464045000000109e+00
1.645167125000000041e+01 7.484944968356151973e-01 1.691748990000000008e+00
1.603495904000000039e+01 6.298051531808234182e-01 1.616012557999999988e+00
1.575176160000000003e+01 5.045251255800904389e-01 1.567180022999999922e+00
